---------------------
Profiling information

Pipeline: ants registrationSyN
NTHREAD: 1

DATASET: ds004513
SUBJECT_ID: s025

SIF_IMG: /mnt/lustre/mathdugre/containers/ants-debug.simg
DATA_DIR: /mnt/lustre/mathdugre/mri-bottleneck/datasets/ds004513

PROJECT_DIR: /mnt/lustre/mathdugre/mri-bottleneck
PROFILING_DIR: /mnt/lustre/mathdugre/mri-bottleneck/vtune_output/1-threads/ants/registrationSyN/ds004513/sub-s025/F37eXJM3XsuIXlOwHHg8aUWcjPeFENj6
---------------------

Command to profile: bash tmp-scripts/F37eXJM3XsuIXlOwHHg8aUWcjPeFENj6.sh

--------------------------------------------------------------------------------------
 Mapping parameters
--------------------------------------------------------------------------------------
 ANTSPATH is /opt/ants/bin

 Dimensionality:           3
 Output name prefix:       /data/derivatives/ants/registrationSyN/sub-s025/ses-open/anat/
 Fixed images:             /templateflow/tpl-MNI152NLin2009cAsym//tpl-MNI152NLin2009cAsym_res-01_desc-brain_T1w.nii.gz
 Moving images:            /data/derivatives/fsl/fast/sub-s025/ses-open/anat/BrainExtractionBrain_seg.nii.gz
 Mask images:              
 Initial transforms:       
 Number of threads:        1
 Spline distance:          26
 SyN gradient step:        0.1
 Transform type:           s
 CC radius:                4
 Precision:                d
 Use histogram matching    0
 Repro                     0
======================================================================================
 antsRegistration call:
--------------------------------------------------------------------------------------
/opt/ants/bin/antsRegistration --verbose 1 --dimensionality 3 --float 0 --collapse-output-transforms 1 --output [ /data/derivatives/ants/registrationSyN/sub-s025/ses-open/anat/,/data/derivatives/ants/registrationSyN/sub-s025/ses-open/anat/Warped.nii.gz,/data/derivatives/ants/registrationSyN/sub-s025/ses-open/anat/InverseWarped.nii.gz ] --interpolation Linear --use-histogram-matching 0 --winsorize-image-intensities [ 0.005,0.995 ] --initial-moving-transform [ /templateflow/tpl-MNI152NLin2009cAsym//tpl-MNI152NLin2009cAsym_res-01_desc-brain_T1w.nii.gz,/data/derivatives/fsl/fast/sub-s025/ses-open/anat/BrainExtractionBrain_seg.nii.gz,1 ] --transform Rigid[ 0.1 ] --metric MI[ /templateflow/tpl-MNI152NLin2009cAsym//tpl-MNI152NLin2009cAsym_res-01_desc-brain_T1w.nii.gz,/data/derivatives/fsl/fast/sub-s025/ses-open/anat/BrainExtractionBrain_seg.nii.gz,1,32,Regular,0.25 ] --convergence [ 1000x500x250x100,1e-6,10 ] --shrink-factors 8x4x2x1 --smoothing-sigmas 3x2x1x0vox --transform Affine[ 0.1 ] --metric MI[ /templateflow/tpl-MNI152NLin2009cAsym//tpl-MNI152NLin2009cAsym_res-01_desc-brain_T1w.nii.gz,/data/derivatives/fsl/fast/sub-s025/ses-open/anat/BrainExtractionBrain_seg.nii.gz,1,32,Regular,0.25 ] --convergence [ 1000x500x250x100,1e-6,10 ] --shrink-factors 8x4x2x1 --smoothing-sigmas 3x2x1x0vox --transform SyN[ 0.1,3,0 ] --metric CC[ /templateflow/tpl-MNI152NLin2009cAsym//tpl-MNI152NLin2009cAsym_res-01_desc-brain_T1w.nii.gz,/data/derivatives/fsl/fast/sub-s025/ses-open/anat/BrainExtractionBrain_seg.nii.gz,1,4 ] --convergence [ 100x70x50x20,1e-6,10 ] --shrink-factors 8x4x2x1 --smoothing-sigmas 3x2x1x0vox
--------------------------------------------------------------------------------------
All_Command_lines_OK
Using double precision for computations.
=============================================================================
The composite transform comprises the following transforms (in order): 
  1. Center of mass alignment using fixed image: /templateflow/tpl-MNI152NLin2009cAsym//tpl-MNI152NLin2009cAsym_res-01_desc-brain_T1w.nii.gz and moving image: /data/derivatives/fsl/fast/sub-s025/ses-open/anat/BrainExtractionBrain_seg.nii.gz (type = Euler3DTransform)
=============================================================================
  number of levels = 4
  number of levels = 4
  number of levels = 4
  fixed image: /templateflow/tpl-MNI152NLin2009cAsym//tpl-MNI152NLin2009cAsym_res-01_desc-brain_T1w.nii.gz
  moving image: /data/derivatives/fsl/fast/sub-s025/ses-open/anat/BrainExtractionBrain_seg.nii.gz
  fixed image: /templateflow/tpl-MNI152NLin2009cAsym//tpl-MNI152NLin2009cAsym_res-01_desc-brain_T1w.nii.gz
  moving image: /data/derivatives/fsl/fast/sub-s025/ses-open/anat/BrainExtractionBrain_seg.nii.gz
  fixed image: /templateflow/tpl-MNI152NLin2009cAsym//tpl-MNI152NLin2009cAsym_res-01_desc-brain_T1w.nii.gz
  moving image: /data/derivatives/fsl/fast/sub-s025/ses-open/anat/BrainExtractionBrain_seg.nii.gz
Dimension = 3
Number of stages = 3
Use histogram matching = false
Winsorize image intensities = true
  Lower quantile = 0.005
  Upper quantile = 0.995


Stage 1 State
   Image metric = Mattes
     Fixed image = Image (0x5612a66485b0)
  RTTI typeinfo:   itk::Image<double, 3u>
  Reference Count: 2
  Modified Time: 1721
  Debug: Off
  Object Name: 
  Observers: 
    none
  Source: (none)
  Source output name: (none)
  Release Data: Off
  Data Released: False
  Global Release Data: Off
  PipelineMTime: 0
  UpdateMTime: 1504
  RealTimeStamp: 0 seconds 
  LargestPossibleRegion: 
    Dimension: 3
    Index: [0, 0, 0]
    Size: [193, 229, 193]
  BufferedRegion: 
    Dimension: 3
    Index: [0, 0, 0]
    Size: [193, 229, 193]
  RequestedRegion: 
    Dimension: 3
    Index: [0, 0, 0]
    Size: [193, 229, 193]
  Spacing: [1, 1, 1]
  Origin: [96, 132, -78]
  Direction: 
-1 0 0
0 -1 0
0 0 1

  IndexToPointMatrix: 
-1 0 0
0 -1 0
0 0 1

  PointToIndexMatrix: 
-1 0 0
0 -1 0
0 0 1

  Inverse Direction: 
-1 0 0
0 -1 0
0 0 1

  PixelContainer: 
    ImportImageContainer (0x5612a6651160)
      RTTI typeinfo:   itk::ImportImageContainer<unsigned long, double>
      Reference Count: 1
      Modified Time: 1501
      Debug: Off
      Object Name: 
      Observers: 
        none
      Pointer: 0x7fe0f5846010
      Container manages memory: true
      Size: 8530021
      Capacity: 8530021

     Moving image = Image (0x5612a66540a0)
  RTTI typeinfo:   itk::Image<double, 3u>
  Reference Count: 2
  Modified Time: 1722
  Debug: Off
  Object Name: 
  Observers: 
    none
  Source: (none)
  Source output name: (none)
  Release Data: Off
  Data Released: False
  Global Release Data: Off
  PipelineMTime: 0
  UpdateMTime: 1719
  RealTimeStamp: 0 seconds 
  LargestPossibleRegion: 
    Dimension: 3
    Index: [0, 0, 0]
    Size: [176, 240, 256]
  BufferedRegion: 
    Dimension: 3
    Index: [0, 0, 0]
    Size: [176, 240, 256]
  RequestedRegion: 
    Dimension: 3
    Index: [0, 0, 0]
    Size: [176, 240, 256]
  Spacing: [0.999999, 1, 1]
  Origin: [90.3778, 84.5091, -154.071]
  Direction: 
-0.999391 7.48184e-06 -0.0348969
-7.47664e-06 -1 -2.7953e-07
-0.0348969 -1.84481e-08 0.999391

  IndexToPointMatrix: 
-0.99939 7.48184e-06 -0.0348969
-7.47663e-06 -1 -2.7953e-07
-0.0348968 -1.84481e-08 0.999391

  PointToIndexMatrix: 
-0.999392 -7.47665e-06 -0.0348969
7.48184e-06 -1 -1.84481e-08
-0.0348969 -2.7953e-07 0.999391

  Inverse Direction: 
-0.999391 -7.47664e-06 -0.0348969
7.48184e-06 -1 -1.84481e-08
-0.0348969 -2.7953e-07 0.999391

  PixelContainer: 
    ImportImageContainer (0x5612a664f6c0)
      RTTI typeinfo:   itk::ImportImageContainer<unsigned long, double>
      Reference Count: 1
      Modified Time: 1716
      Debug: Off
      Object Name: 
      Observers: 
        none
      Pointer: 0x7fe0f05c5010
      Container manages memory: true
      Size: 10813440
      Capacity: 10813440

     Weighting = 1
     Sampling strategy = regular
     Number of bins = 32
     Radius = 4
     Sampling percentage  = 0.25
   Transform = Rigid
     Gradient step = 0.1
     Update field sigma (voxel space) = 0
     Total field sigma (voxel space) = 0
     Update field time sigma = 0
     Total field time sigma  = 0
     Number of time indices = 0
     Number of time point samples = 0
Stage 2 State
   Image metric = Mattes
     Fixed image = Image (0x5612a66ab4d0)
  RTTI typeinfo:   itk::Image<double, 3u>
  Reference Count: 2
  Modified Time: 2151
  Debug: Off
  Object Name: 
  Observers: 
    none
  Source: (none)
  Source output name: (none)
  Release Data: Off
  Data Released: False
  Global Release Data: Off
  PipelineMTime: 0
  UpdateMTime: 1934
  RealTimeStamp: 0 seconds 
  LargestPossibleRegion: 
    Dimension: 3
    Index: [0, 0, 0]
    Size: [193, 229, 193]
  BufferedRegion: 
    Dimension: 3
    Index: [0, 0, 0]
    Size: [193, 229, 193]
  RequestedRegion: 
    Dimension: 3
    Index: [0, 0, 0]
    Size: [193, 229, 193]
  Spacing: [1, 1, 1]
  Origin: [96, 132, -78]
  Direction: 
-1 0 0
0 -1 0
0 0 1

  IndexToPointMatrix: 
-1 0 0
0 -1 0
0 0 1

  PointToIndexMatrix: 
-1 0 0
0 -1 0
0 0 1

  Inverse Direction: 
-1 0 0
0 -1 0
0 0 1

  PixelContainer: 
    ImportImageContainer (0x5612a669fec0)
      RTTI typeinfo:   itk::ImportImageContainer<unsigned long, double>
      Reference Count: 1
      Modified Time: 1931
      Debug: Off
      Object Name: 
      Observers: 
        none
      Pointer: 0x7fe0ec4b0010
      Container manages memory: true
      Size: 8530021
      Capacity: 8530021

     Moving image = Image (0x5612a66a94e0)
  RTTI typeinfo:   itk::Image<double, 3u>
  Reference Count: 2
  Modified Time: 2152
  Debug: Off
  Object Name: 
  Observers: 
    none
  Source: (none)
  Source output name: (none)
  Release Data: Off
  Data Released: False
  Global Release Data: Off
  PipelineMTime: 0
  UpdateMTime: 2149
  RealTimeStamp: 0 seconds 
  LargestPossibleRegion: 
    Dimension: 3
    Index: [0, 0, 0]
    Size: [176, 240, 256]
  BufferedRegion: 
    Dimension: 3
    Index: [0, 0, 0]
    Size: [176, 240, 256]
  RequestedRegion: 
    Dimension: 3
    Index: [0, 0, 0]
    Size: [176, 240, 256]
  Spacing: [0.999999, 1, 1]
  Origin: [90.3778, 84.5091, -154.071]
  Direction: 
-0.999391 7.48184e-06 -0.0348969
-7.47664e-06 -1 -2.7953e-07
-0.0348969 -1.84481e-08 0.999391

  IndexToPointMatrix: 
-0.99939 7.48184e-06 -0.0348969
-7.47663e-06 -1 -2.7953e-07
-0.0348968 -1.84481e-08 0.999391

  PointToIndexMatrix: 
-0.999392 -7.47665e-06 -0.0348969
7.48184e-06 -1 -1.84481e-08
-0.0348969 -2.7953e-07 0.999391

  Inverse Direction: 
-0.999391 -7.47664e-06 -0.0348969
7.48184e-06 -1 -1.84481e-08
-0.0348969 -2.7953e-07 0.999391

  PixelContainer: 
    ImportImageContainer (0x5612a67741d0)
      RTTI typeinfo:   itk::ImportImageContainer<unsigned long, double>
      Reference Count: 1
      Modified Time: 2146
      Debug: Off
      Object Name: 
      Observers: 
        none
      Pointer: 0x7fe0e722f010
      Container manages memory: true
      Size: 10813440
      Capacity: 10813440

     Weighting = 1
     Sampling strategy = regular
     Number of bins = 32
     Radius = 4
     Sampling percentage  = 0.25
   Transform = Affine
     Gradient step = 0.1
     Update field sigma (voxel space) = 0
     Total field sigma (voxel space) = 0
     Update field time sigma = 0
     Total field time sigma  = 0
     Number of time indices = 0
     Number of time point samples = 0
Stage 3 State
   Image metric = CC
     Fixed image = Image (0x5612a66a7d40)
  RTTI typeinfo:   itk::Image<double, 3u>
  Reference Count: 2
  Modified Time: 2581
  Debug: Off
  Object Name: 
  Observers: 
    none
  Source: (none)
  Source output name: (none)
  Release Data: Off
  Data Released: False
  Global Release Data: Off
  PipelineMTime: 0
  UpdateMTime: 2364
  RealTimeStamp: 0 seconds 
  LargestPossibleRegion: 
    Dimension: 3
    Index: [0, 0, 0]
    Size: [193, 229, 193]
  BufferedRegion: 
    Dimension: 3
    Index: [0, 0, 0]
    Size: [193, 229, 193]
  RequestedRegion: 
    Dimension: 3
    Index: [0, 0, 0]
    Size: [193, 229, 193]
  Spacing: [1, 1, 1]
  Origin: [96, 132, -78]
  Direction: 
-1 0 0
0 -1 0
0 0 1

  IndexToPointMatrix: 
-1 0 0
0 -1 0
0 0 1

  PointToIndexMatrix: 
-1 0 0
0 -1 0
0 0 1

  Inverse Direction: 
-1 0 0
0 -1 0
0 0 1

  PixelContainer: 
    ImportImageContainer (0x5612a66a84c0)
      RTTI typeinfo:   itk::ImportImageContainer<unsigned long, double>
      Reference Count: 1
      Modified Time: 2361
      Debug: Off
      Object Name: 
      Observers: 
        none
      Pointer: 0x7fe0e311a010
      Container manages memory: true
      Size: 8530021
      Capacity: 8530021

     Moving image = Image (0x5612a66cc9d0)
  RTTI typeinfo:   itk::Image<double, 3u>
  Reference Count: 2
  Modified Time: 2582
  Debug: Off
  Object Name: 
  Observers: 
    none
  Source: (none)
  Source output name: (none)
  Release Data: Off
  Data Released: False
  Global Release Data: Off
  PipelineMTime: 0
  UpdateMTime: 2579
  RealTimeStamp: 0 seconds 
  LargestPossibleRegion: 
    Dimension: 3
    Index: [0, 0, 0]
    Size: [176, 240, 256]
  BufferedRegion: 
    Dimension: 3
    Index: [0, 0, 0]
    Size: [176, 240, 256]
  RequestedRegion: 
    Dimension: 3
    Index: [0, 0, 0]
    Size: [176, 240, 256]
  Spacing: [0.999999, 1, 1]
  Origin: [90.3778, 84.5091, -154.071]
  Direction: 
-0.999391 7.48184e-06 -0.0348969
-7.47664e-06 -1 -2.7953e-07
-0.0348969 -1.84481e-08 0.999391

  IndexToPointMatrix: 
-0.99939 7.48184e-06 -0.0348969
-7.47663e-06 -1 -2.7953e-07
-0.0348968 -1.84481e-08 0.999391

  PointToIndexMatrix: 
-0.999392 -7.47665e-06 -0.0348969
7.48184e-06 -1 -1.84481e-08
-0.0348969 -2.7953e-07 0.999391

  Inverse Direction: 
-0.999391 -7.47664e-06 -0.0348969
7.48184e-06 -1 -1.84481e-08
-0.0348969 -2.7953e-07 0.999391

  PixelContainer: 
    ImportImageContainer (0x5612a68142d0)
      RTTI typeinfo:   itk::ImportImageContainer<unsigned long, double>
      Reference Count: 1
      Modified Time: 2576
      Debug: Off
      Object Name: 
      Observers: 
        none
      Pointer: 0x7fe0dde99010
      Container manages memory: true
      Size: 10813440
      Capacity: 10813440

     Weighting = 1
     Sampling strategy = none
     Number of bins = 32
     Radius = 4
     Sampling percentage  = 1
   Transform = SyN
     Gradient step = 0.1
     Update field sigma (voxel space) = 3
     Total field sigma (voxel space) = 0
     Update field time sigma = 0
     Total field time sigma  = 0
     Number of time indices = 0
     Number of time point samples = 0
Registration using 3 total stages.

Stage 0
  iterations = 1000x500x250x100
  convergence threshold = 1e-06
  convergence window size = 10
  number of levels = 4
  using the Mattes MI metric (number of bins = 32, weight = 1, use gradient filter = 0)
  preprocessing:  winsorizing the image intensities
  Shrink factors (level 1 out of 4): [8, 8, 8]
  Shrink factors (level 2 out of 4): [4, 4, 4]
  Shrink factors (level 3 out of 4): [2, 2, 2]
  Shrink factors (level 4 out of 4): [1, 1, 1]
  smoothing sigmas per level: [3, 2, 1, 0]
  regular sampling (percentage = 0.25)

*** Running Euler3DTransform registration ***

DIAGNOSTIC,Iteration,metricValue,convergenceValue,ITERATION_TIME_INDEX,SINCE_LAST
 2DIAGNOSTIC,     1, -5.575416889868e-01, 1.797693134862e+308, 1.5339e+00, 1.5339e+00, 
 2DIAGNOSTIC,     2, -5.591981113606e-01, 1.797693134862e+308, 1.5417e+00, 7.7598e-03, 
 2DIAGNOSTIC,     3, -5.617771484956e-01, 1.797693134862e+308, 1.5485e+00, 6.8519e-03, 
 2DIAGNOSTIC,     4, -5.647801678279e-01, 1.797693134862e+308, 1.5552e+00, 6.7329e-03, 
 2DIAGNOSTIC,     5, -5.708132178086e-01, 1.797693134862e+308, 1.5620e+00, 6.7649e-03, 
 2DIAGNOSTIC,     6, -5.795909971570e-01, 1.797693134862e+308, 1.5699e+00, 7.9141e-03, 
 2DIAGNOSTIC,     7, -5.815742124746e-01, 1.797693134862e+308, 1.5767e+00, 6.8188e-03, 
 2DIAGNOSTIC,     8, -5.862165754259e-01, 1.797693134862e+308, 1.5848e+00, 8.0302e-03, 
 2DIAGNOSTIC,     9, -6.148817616220e-01, 1.797693134862e+308, 1.5956e+00, 1.0782e-02, 
 2DIAGNOSTIC,    10, -6.235484345855e-01, 6.917375161964e-03, 1.6067e+00, 1.1176e-02, 
 2DIAGNOSTIC,    11, -6.243364030030e-01, 7.160953078902e-03, 1.6138e+00, 7.0310e-03, 
 2DIAGNOSTIC,    12, -6.364045247449e-01, 7.285345682353e-03, 1.6215e+00, 7.7391e-03, 
 2DIAGNOSTIC,    13, -6.595697931856e-01, 7.653709879530e-03, 1.6323e+00, 1.0810e-02, 
 2DIAGNOSTIC,    14, -6.678587803882e-01, 7.613660263486e-03, 1.6397e+00, 7.3888e-03, 
 2DIAGNOSTIC,    15, -6.951322825225e-01, 7.906025885098e-03, 1.6477e+00, 7.9770e-03, 
 2DIAGNOSTIC,    16, -7.051595624854e-01, 7.979177269569e-03, 1.6567e+00, 8.9860e-03, 
 2DIAGNOSTIC,    17, -7.064446201042e-01, 7.408691410431e-03, 1.6637e+00, 7.0791e-03, 
 2DIAGNOSTIC,    18, -7.142246903854e-01, 6.525706391618e-03, 1.6709e+00, 7.1781e-03, 
 2DIAGNOSTIC,    19, -7.302398042744e-01, 6.195398473971e-03, 1.6822e+00, 1.1299e-02, 
 2DIAGNOSTIC,    20, -7.321440781329e-01, 5.560230884458e-03, 1.6943e+00, 1.2090e-02, 
 2DIAGNOSTIC,    21, -7.323522852574e-01, 4.502718194727e-03, 1.7020e+00, 7.6621e-03, 
 2DIAGNOSTIC,    22, -7.328009636727e-01, 3.390269520890e-03, 1.7087e+00, 6.7091e-03, 
 2DIAGNOSTIC,    23, -7.333625577935e-01, 2.527270494666e-03, 1.7154e+00, 6.7401e-03, 
 2DIAGNOSTIC,    24, -7.337999691193e-01, 1.651476975957e-03, 1.7242e+00, 8.7969e-03, 
 2DIAGNOSTIC,    25, -7.341970437497e-01, 1.177425507873e-03, 1.7308e+00, 6.6161e-03, 
 2DIAGNOSTIC,    26, -7.354762481003e-01, 8.273695049930e-04, 1.7385e+00, 7.7112e-03, 
 2DIAGNOSTIC,    27, -7.364108445622e-01, 4.636222460945e-04, 1.7472e+00, 8.6641e-03, 
 2DIAGNOSTIC,    28, -7.367858120802e-01, 2.033975543040e-04, 1.7558e+00, 8.5599e-03, 
 2DIAGNOSTIC,    29, -7.367279765783e-01, 1.787236405426e-04, 1.7635e+00, 7.7059e-03, 
 2DIAGNOSTIC,    30, -7.380102562454e-01, 1.846052308706e-04, 1.7712e+00, 7.7600e-03, 
 2DIAGNOSTIC,    31, -7.407360880672e-01, 2.121258098913e-04, 1.7809e+00, 9.6869e-03, 
 2DIAGNOSTIC,    32, -7.435972931704e-01, 2.603477017238e-04, 1.7898e+00, 8.8341e-03, 
 2DIAGNOSTIC,    33, -7.439958470464e-01, 2.927801599585e-04, 1.7964e+00, 6.6922e-03, 
 2DIAGNOSTIC,    34, -7.450567860232e-01, 3.150150323830e-04, 1.8042e+00, 7.7641e-03, 
 2DIAGNOSTIC,    35, -7.468155727718e-01, 3.315320167691e-04, 1.8131e+00, 8.8780e-03, 
 2DIAGNOSTIC,    36, -7.471727190960e-01, 3.333385002259e-04, 1.8208e+00, 7.7310e-03, 
 2DIAGNOSTIC,    37, -7.471431677491e-01, 3.134320289700e-04, 1.8283e+00, 7.5178e-03, 
 2DIAGNOSTIC,    38, -7.470815256476e-01, 2.692193860708e-04, 1.8351e+00, 6.7420e-03, 
 2DIAGNOSTIC,    39, -7.474165390683e-01, 2.051666378558e-04, 1.8418e+00, 6.7160e-03, 
 2DIAGNOSTIC,    40, -7.488153431723e-01, 1.520251167625e-04, 1.8494e+00, 7.6089e-03, 
 2DIAGNOSTIC,    41, -7.482389132644e-01, 1.078510600014e-04, 1.8572e+00, 7.7610e-03, 
 2DIAGNOSTIC,    42, -7.486848081028e-01, 8.886734912511e-05, 1.8756e+00, 1.8476e-02, 
 2DIAGNOSTIC,    43, -7.502690448745e-01, 8.139404743255e-05, 1.8880e+00, 1.2370e-02, 
 2DIAGNOSTIC,    44, -7.527251867277e-01, 9.839485298552e-05, 1.8958e+00, 7.7970e-03, 
 2DIAGNOSTIC,    45, -7.530244183460e-01, 1.232737832794e-04, 1.9025e+00, 6.6659e-03, 
 2DIAGNOSTIC,    46, -7.536328723550e-01, 1.443477174538e-04, 1.9091e+00, 6.5811e-03, 
 2DIAGNOSTIC,    47, -7.544127359711e-01, 1.576159606202e-04, 1.9175e+00, 8.4131e-03, 
 2DIAGNOSTIC,    48, -7.543718077456e-01, 1.539930789450e-04, 1.9250e+00, 7.5080e-03, 
 2DIAGNOSTIC,    49, -7.547674344608e-01, 1.413657493957e-04, 1.9316e+00, 6.6259e-03, 
 2DIAGNOSTIC,    50, -7.562151777518e-01, 1.391867708591e-04, 1.9385e+00, 6.9439e-03, 
 2DIAGNOSTIC,    51, -7.601799860291e-01, 1.507077334289e-04, 1.9583e+00, 1.9725e-02, 
 2DIAGNOSTIC,    52, -7.703975516314e-01, 2.293840597404e-04, 1.9789e+00, 2.0597e-02, 
 2DIAGNOSTIC,    53, -7.706723020537e-01, 2.949162626483e-04, 1.9930e+00, 1.4165e-02, 
 2DIAGNOSTIC,    54, -7.707815481593e-01, 3.500804714948e-04, 2.0146e+00, 2.1598e-02, 
 2DIAGNOSTIC,    55, -7.706791722082e-01, 3.718518060168e-04, 2.0289e+00, 1.4283e-02, 
 2DIAGNOSTIC,    56, -7.708775068372e-01, 3.621070622686e-04, 2.0393e+00, 1.0339e-02, 
 2DIAGNOSTIC,    57, -7.709976887549e-01, 3.232296808239e-04, 2.0470e+00, 7.7269e-03, 
 2DIAGNOSTIC,    58, -7.709508775624e-01, 2.544067326385e-04, 2.0545e+00, 7.5390e-03, 
 2DIAGNOSTIC,    59, -7.708726539646e-01, 1.670921576654e-04, 2.0619e+00, 7.4241e-03, 
 2DIAGNOSTIC,    60, -7.707875796079e-01, 7.612749627003e-05, 2.0686e+00, 6.6440e-03, 
 2DIAGNOSTIC,    61, -7.707243429587e-01, 4.735938654854e-06, 2.0750e+00, 6.4261e-03, 
 2DIAGNOSTIC,    62, -7.708146807586e-01, 1.572610425531e-06, 2.0817e+00, 6.6450e-03, 
DIAGNOSTIC,Iteration,metricValue,convergenceValue,ITERATION_TIME_INDEX,SINCE_LAST
 2DIAGNOSTIC,     1, -6.192288381323e-01, 1.797693134862e+308, 3.4841e+00, 1.4024e+00, 
 2DIAGNOSTIC,     2, -6.196883091225e-01, 1.797693134862e+308, 3.5486e+00, 6.4525e-02, 
 2DIAGNOSTIC,     3, -6.203586135500e-01, 1.797693134862e+308, 3.6118e+00, 6.3178e-02, 
 2DIAGNOSTIC,     4, -6.212280608003e-01, 1.797693134862e+308, 3.6760e+00, 6.4245e-02, 
 2DIAGNOSTIC,     5, -6.222888693719e-01, 1.797693134862e+308, 3.7392e+00, 6.3227e-02, 
 2DIAGNOSTIC,     6, -6.241759096667e-01, 1.797693134862e+308, 3.8061e+00, 6.6878e-02, 
 2DIAGNOSTIC,     7, -6.301409596768e-01, 1.797693134862e+308, 3.8906e+00, 8.4510e-02, 
 2DIAGNOSTIC,     8, -6.311460330554e-01, 1.797693134862e+308, 3.9561e+00, 6.5493e-02, 
 2DIAGNOSTIC,     9, -6.316341507623e-01, 1.797693134862e+308, 4.0814e+00, 1.2528e-01, 
 2DIAGNOSTIC,    10, -6.315811173296e-01, 1.586873722485e-03, 4.1536e+00, 7.2240e-02, 
 2DIAGNOSTIC,    11, -6.316940268465e-01, 1.416552811739e-03, 4.2168e+00, 6.3134e-02, 
 2DIAGNOSTIC,    12, -6.317804105792e-01, 1.165107349040e-03, 4.2894e+00, 7.2617e-02, 
 2DIAGNOSTIC,    13, -6.318451009597e-01, 8.725527041784e-04, 4.3616e+00, 7.2184e-02, 
 2DIAGNOSTIC,    14, -6.318315147571e-01, 5.733917228779e-04, 4.4329e+00, 7.1310e-02, 
 2DIAGNOSTIC,    15, -6.318635035833e-01, 2.963636971363e-04, 4.5054e+00, 7.2532e-02, 
 2DIAGNOSTIC,    16, -6.318527631913e-01, 7.599769574317e-05, 4.5777e+00, 7.2316e-02, 
 2DIAGNOSTIC,    17, -6.318498795583e-01, 3.298156985033e-05, 4.6412e+00, 6.3448e-02, 
 2DIAGNOSTIC,    18, -6.318638733062e-01, 1.717467133579e-05, 4.7047e+00, 6.3520e-02, 
 2DIAGNOSTIC,    19, -6.318863144619e-01, 1.385418764734e-05, 4.7684e+00, 6.3706e-02, 
 2DIAGNOSTIC,    20, -6.319548946852e-01, 1.004063059468e-05, 4.8312e+00, 6.2833e-02, 
 2DIAGNOSTIC,    21, -6.319970941051e-01, 9.073859707394e-06, 4.8953e+00, 6.4007e-02, 
 2DIAGNOSTIC,    22, -6.320711447869e-01, 1.075614188983e-05, 4.9592e+00, 6.3931e-02, 
 2DIAGNOSTIC,    23, -6.321915840606e-01, 1.505422613229e-05, 5.0222e+00, 6.3014e-02, 
 2DIAGNOSTIC,    24, -6.324891708184e-01, 2.298841029830e-05, 5.0868e+00, 6.4649e-02, 
 2DIAGNOSTIC,    25, -6.331263370098e-01, 4.021680541228e-05, 5.2019e+00, 1.1504e-01, 
 2DIAGNOSTIC,    26, -6.331280183781e-01, 5.206239395088e-05, 5.2910e+00, 8.9140e-02, 
 2DIAGNOSTIC,    27, -6.331360672323e-01, 5.851891267537e-05, 5.3631e+00, 7.2123e-02, 
 2DIAGNOSTIC,    28, -6.331337915172e-01, 5.941661424216e-05, 5.4349e+00, 7.1776e-02, 
 2DIAGNOSTIC,    29, -6.331175098981e-01, 5.472201140089e-05, 5.4973e+00, 6.2422e-02, 
 2DIAGNOSTIC,    30, -6.331055306647e-01, 4.597900635615e-05, 5.5817e+00, 8.4347e-02, 
 2DIAGNOSTIC,    31, -6.331008427914e-01, 3.412465511345e-05, 5.6545e+00, 7.2787e-02, 
 2DIAGNOSTIC,    32, -6.330987837408e-01, 2.103666053486e-05, 5.7353e+00, 8.0857e-02, 
 2DIAGNOSTIC,    33, -6.330801377695e-01, 8.223368070027e-06, 5.8261e+00, 9.0802e-02, 
DIAGNOSTIC,Iteration,metricValue,convergenceValue,ITERATION_TIME_INDEX,SINCE_LAST
 2DIAGNOSTIC,     1, -5.438148259150e-01, 1.797693134862e+308, 7.7495e+00, 1.9234e+00, 
 2DIAGNOSTIC,     2, -5.440334024254e-01, 1.797693134862e+308, 8.2715e+00, 5.2191e-01, 
 2DIAGNOSTIC,     3, -5.443859383999e-01, 1.797693134862e+308, 8.7945e+00, 5.2301e-01, 
 2DIAGNOSTIC,     4, -5.449079588511e-01, 1.797693134862e+308, 9.3161e+00, 5.2166e-01, 
 2DIAGNOSTIC,     5, -5.453522303693e-01, 1.797693134862e+308, 9.8428e+00, 5.2667e-01, 
 2DIAGNOSTIC,     6, -5.456316902220e-01, 1.797693134862e+308, 1.0686e+01, 8.4346e-01, 
 2DIAGNOSTIC,     7, -5.458424432573e-01, 1.797693134862e+308, 1.1210e+01, 5.2325e-01, 
 2DIAGNOSTIC,     8, -5.460221612594e-01, 1.797693134862e+308, 1.1817e+01, 6.0778e-01, 
 2DIAGNOSTIC,     9, -5.464445951244e-01, 1.797693134862e+308, 1.2870e+01, 1.0527e+00, 
 2DIAGNOSTIC,    10, -5.464345408067e-01, 3.345358529022e-04, 1.3417e+01, 5.4722e-01, 
 2DIAGNOSTIC,    11, -5.464845316168e-01, 2.713732975431e-04, 1.3942e+01, 5.2458e-01, 
 2DIAGNOSTIC,    12, -5.465309547060e-01, 2.063439938998e-04, 1.4546e+01, 6.0374e-01, 
 2DIAGNOSTIC,    13, -5.465348550406e-01, 1.467762126326e-04, 1.5422e+01, 8.7620e-01, 
 2DIAGNOSTIC,    14, -5.465326667458e-01, 1.015029037039e-04, 1.6044e+01, 6.2207e-01, 
 2DIAGNOSTIC,    15, -5.465320899923e-01, 6.850902861286e-05, 1.6661e+01, 6.1691e-01, 
 2DIAGNOSTIC,    16, -5.465299762038e-01, 4.265324459199e-05, 1.7359e+01, 6.9825e-01, 
 2DIAGNOSTIC,    17, -5.465297793645e-01, 2.251330449830e-05, 1.7981e+01, 6.2216e-01, 
 2DIAGNOSTIC,    18, -5.465270169300e-01, 7.488266685056e-06, 1.8599e+01, 6.1777e-01, 
 2DIAGNOSTIC,    19, -5.465264091934e-01, 5.122994693116e-06, 1.9120e+01, 5.2155e-01, 
 2DIAGNOSTIC,    20, -5.465261384024e-01, 2.384556981108e-06, 1.9670e+01, 5.5001e-01, 
 2DIAGNOSTIC,    21, -5.465275217433e-01, 1.074101261087e-06, 2.0301e+01, 6.3068e-01, 
 2DIAGNOSTIC,    22, -5.465272754529e-01, 1.012610857373e-06, 2.0937e+01, 6.3542e-01, 
 2DIAGNOSTIC,    23, -5.465256031133e-01, 1.049619604260e-06, 2.1554e+01, 6.1778e-01, 
 2DIAGNOSTIC,    24, -5.465237310458e-01, 1.028529681861e-06, 2.2085e+01, 5.3053e-01, 
 2DIAGNOSTIC,    25, -5.465254422487e-01, 1.061661383854e-06, 2.2619e+01, 5.3409e-01, 
 2DIAGNOSTIC,    26, -5.465250371417e-01, 1.058589015487e-06, 2.3150e+01, 5.3135e-01, 
 2DIAGNOSTIC,    27, -5.465239861161e-01, 1.048754666319e-06, 2.3762e+01, 6.1162e-01, 
 2DIAGNOSTIC,    28, -5.465251443442e-01, 1.024442768040e-06, 2.4412e+01, 6.4994e-01, 
 2DIAGNOSTIC,    29, -5.465253668795e-01, 1.005514769573e-06, 2.5048e+01, 6.3632e-01, 
DIAGNOSTIC,Iteration,metricValue,convergenceValue,ITERATION_TIME_INDEX,SINCE_LAST
 2DIAGNOSTIC,     1, -4.942378734367e-01, 1.797693134862e+308, 2.9040e+01, 3.9916e+00, 
 2DIAGNOSTIC,     2, -4.943216369426e-01, 1.797693134862e+308, 3.2126e+01, 3.0863e+00, 
 2DIAGNOSTIC,     3, -4.943344117700e-01, 1.797693134862e+308, 3.6102e+01, 3.9763e+00, 
 2DIAGNOSTIC,     4, -4.943369238655e-01, 1.797693134862e+308, 3.9680e+01, 3.5780e+00, 
 2DIAGNOSTIC,     5, -4.943400514097e-01, 1.797693134862e+308, 4.2784e+01, 3.1038e+00, 
 2DIAGNOSTIC,     6, -4.943465841329e-01, 1.797693134862e+308, 4.5917e+01, 3.1333e+00, 
 2DIAGNOSTIC,     7, -4.943642954164e-01, 1.797693134862e+308, 4.9037e+01, 3.1190e+00, 
 2DIAGNOSTIC,     8, -4.943968230721e-01, 1.797693134862e+308, 5.6956e+01, 7.9195e+00, 
 2DIAGNOSTIC,     9, -4.943969195253e-01, 1.797693134862e+308, 6.2152e+01, 5.1956e+00, 
 2DIAGNOSTIC,    10, -4.943969935489e-01, 1.942639611867e-05, 6.5729e+01, 3.5772e+00, 
 2DIAGNOSTIC,    11, -4.943966886396e-01, 1.341158824655e-05, 6.9329e+01, 3.6006e+00, 
 2DIAGNOSTIC,    12, -4.943967454040e-01, 1.143740348974e-05, 7.2412e+01, 3.0827e+00, 
 2DIAGNOSTIC,    13, -4.943967254278e-01, 9.513498515815e-06, 7.6354e+01, 3.9415e+00, 
 2DIAGNOSTIC,    14, -4.943967699486e-01, 7.333777390220e-06, 7.9876e+01, 3.5225e+00, 
 2DIAGNOSTIC,    15, -4.943966969475e-01, 5.120993329805e-06, 8.3457e+01, 3.5809e+00, 
 2DIAGNOSTIC,    16, -4.943966082058e-01, 3.137390497024e-06, 8.6972e+01, 3.5153e+00, 
 2DIAGNOSTIC,    17, -4.943964141898e-01, 1.842385952945e-06, 9.0109e+01, 3.1366e+00, 
 2DIAGNOSTIC,    18, -4.943963656164e-01, 1.731170489322e-06, 9.3213e+01, 3.1040e+00, 
 2DIAGNOSTIC,    19, -4.943961298345e-01, 1.630564538994e-06, 9.6780e+01, 3.5668e+00, 
 2DIAGNOSTIC,    20, -4.943960112795e-01, 1.543191252125e-06, 1.0076e+02, 3.9807e+00, 
 2DIAGNOSTIC,    21, -4.943958399672e-01, 1.455547602613e-06, 1.0384e+02, 3.0814e+00, 
 2DIAGNOSTIC,    22, -4.943957128842e-01, 1.379656722332e-06, 1.0692e+02, 3.0773e+00, 
 2DIAGNOSTIC,    23, -4.943957776926e-01, 1.317651986986e-06, 1.1043e+02, 3.5063e+00, 
 2DIAGNOSTIC,    24, -4.943958211608e-01, 1.268968132150e-06, 1.1401e+02, 3.5839e+00, 
 2DIAGNOSTIC,    25, -4.943958452531e-01, 1.228369258366e-06, 1.1709e+02, 3.0828e+00, 
 2DIAGNOSTIC,    26, -4.943959667820e-01, 1.195892960604e-06, 1.2066e+02, 3.5629e+00, 
 2DIAGNOSTIC,    27, -4.943960181279e-01, 1.165314756114e-06, 1.2458e+02, 3.9256e+00, 
 2DIAGNOSTIC,    28, -4.943962923094e-01, 1.142810915622e-06, 1.2812e+02, 3.5358e+00, 
 2DIAGNOSTIC,    29, -4.943961724727e-01, 1.114036911526e-06, 1.3206e+02, 3.9435e+00, 
 2DIAGNOSTIC,    30, -4.943960004638e-01, 1.080206290902e-06, 1.3560e+02, 3.5374e+00, 
 2DIAGNOSTIC,    31, -4.943960410111e-01, 1.044454499048e-06, 1.3910e+02, 3.5018e+00, 
 2DIAGNOSTIC,    32, -4.943959533876e-01, 1.005194091019e-06, 1.4221e+02, 3.1060e+00, 
  Elapsed time (stage 0): 1.4435e+02


Stage 1
  iterations = 1000x500x250x100
  convergence threshold = 1.0000e-06
  convergence window size = 10
  number of levels = 4
  using the Mattes MI metric (number of bins = 32, weight = 1.0000e+00, use gradient filter = 0)
  preprocessing:  winsorizing the image intensities
  Shrink factors (level 1 out of 4): [8, 8, 8]
  Shrink factors (level 2 out of 4): [4, 4, 4]
  Shrink factors (level 3 out of 4): [2, 2, 2]
  Shrink factors (level 4 out of 4): [1, 1, 1]
  smoothing sigmas per level: [3, 2, 1, 0]
  regular sampling (percentage = 2.5000e-01)

*** Running AffineTransform registration ***

DIAGNOSTIC,Iteration,metricValue,convergenceValue,ITERATION_TIME_INDEX,SINCE_LAST
 2DIAGNOSTIC,     1, -7.819131567157e-01, 1.797693134862e+308, 1.2693e+00, 1.2693e+00, 
 2DIAGNOSTIC,     2, -7.838259058499e-01, 1.797693134862e+308, 1.2771e+00, 7.7090e-03, 
 2DIAGNOSTIC,     3, -7.870830272071e-01, 1.797693134862e+308, 1.2846e+00, 7.5290e-03, 
 2DIAGNOSTIC,     4, -7.932734887656e-01, 1.797693134862e+308, 1.2921e+00, 7.5040e-03, 
 2DIAGNOSTIC,     5, -8.110428260393e-01, 1.797693134862e+308, 1.2999e+00, 7.7770e-03, 
 2DIAGNOSTIC,     6, -8.602249432227e-01, 1.797693134862e+308, 1.3076e+00, 7.7419e-03, 
 2DIAGNOSTIC,     7, -8.974213071667e-01, 1.797693134862e+308, 1.3164e+00, 8.7490e-03, 
 2DIAGNOSTIC,     8, -9.519038467426e-01, 1.797693134862e+308, 1.3275e+00, 1.1104e-02, 
 2DIAGNOSTIC,     9, -9.623308544225e-01, 1.797693134862e+308, 1.3359e+00, 8.4729e-03, 
 2DIAGNOSTIC,    10, -9.633514642672e-01, 1.686770559892e-02, 1.3436e+00, 7.7150e-03, 
 2DIAGNOSTIC,    11, -9.647470229710e-01, 1.563066775167e-02, 1.3522e+00, 8.5161e-03, 
 2DIAGNOSTIC,    12, -9.661934267233e-01, 1.330461584833e-02, 1.3608e+00, 8.6448e-03, 
 2DIAGNOSTIC,    13, -9.669508890751e-01, 1.027010752714e-02, 1.3696e+00, 8.7600e-03, 
 2DIAGNOSTIC,    14, -9.667363191198e-01, 6.924184227956e-03, 1.3783e+00, 8.6930e-03, 
 2DIAGNOSTIC,    15, -9.672349217603e-01, 3.816490394399e-03, 1.3859e+00, 7.6020e-03, 
 2DIAGNOSTIC,    16, -9.681047296189e-01, 1.761387164510e-03, 1.3955e+00, 9.6400e-03, 
 2DIAGNOSTIC,    17, -9.682392574824e-01, 4.675246437593e-04, 1.4050e+00, 9.4681e-03, 
 2DIAGNOSTIC,    18, -9.675502788454e-01, 2.159401819898e-04, 1.4128e+00, 7.7891e-03, 
 2DIAGNOSTIC,    19, -9.684616442138e-01, 1.597939456984e-04, 1.4215e+00, 8.7099e-03, 
 2DIAGNOSTIC,    20, -9.694146716546e-01, 1.248394965065e-04, 1.4320e+00, 1.0553e-02, 
 2DIAGNOSTIC,    21, -9.695338977745e-01, 1.031619297752e-04, 1.4406e+00, 8.5759e-03, 
 2DIAGNOSTIC,    22, -9.695760673584e-01, 9.509931134793e-05, 1.4483e+00, 7.7441e-03, 
 2DIAGNOSTIC,    23, -9.694219163860e-01, 8.780812008346e-05, 1.4561e+00, 7.7579e-03, 
 2DIAGNOSTIC,    24, -9.693844742695e-01, 6.970140222864e-05, 1.4637e+00, 7.6292e-03, 
 2DIAGNOSTIC,    25, -9.697039052609e-01, 5.609851881813e-05, 1.4713e+00, 7.6139e-03, 
 2DIAGNOSTIC,    26, -9.700983583332e-01, 5.318979960499e-05, 1.4800e+00, 8.6260e-03, 
 2DIAGNOSTIC,    27, -9.704231080746e-01, 5.126203775947e-05, 1.4925e+00, 1.2544e-02, 
 2DIAGNOSTIC,    28, -9.704347326211e-01, 3.726628380216e-05, 1.5098e+00, 1.7303e-02, 
 2DIAGNOSTIC,    29, -9.704948053875e-01, 3.094195492389e-05, 1.5196e+00, 9.8019e-03, 
 2DIAGNOSTIC,    30, -9.705408765990e-01, 3.231081876696e-05, 1.5285e+00, 8.8711e-03, 
 2DIAGNOSTIC,    31, -9.702329939419e-01, 2.865591897383e-05, 1.5365e+00, 8.0140e-03, 
 2DIAGNOSTIC,    32, -9.701024440940e-01, 2.190624397572e-05, 1.5454e+00, 8.9030e-03, 
 2DIAGNOSTIC,    33, -9.701308150748e-01, 1.254181023257e-05, 1.5530e+00, 7.6270e-03, 
 2DIAGNOSTIC,    34, -9.700031245413e-01, 1.110553034291e-06, 1.5609e+00, 7.8349e-03, 
DIAGNOSTIC,Iteration,metricValue,convergenceValue,ITERATION_TIME_INDEX,SINCE_LAST
 2DIAGNOSTIC,     1, -7.544501181742e-01, 1.797693134862e+308, 2.9211e+00, 1.3603e+00, 
 2DIAGNOSTIC,     2, -7.552092387991e-01, 1.797693134862e+308, 2.9948e+00, 7.3669e-02, 
 2DIAGNOSTIC,     3, -7.560438024987e-01, 1.797693134862e+308, 3.0686e+00, 7.3773e-02, 
 2DIAGNOSTIC,     4, -7.572100262901e-01, 1.797693134862e+308, 3.1425e+00, 7.3961e-02, 
 2DIAGNOSTIC,     5, -7.590366593598e-01, 1.797693134862e+308, 3.2166e+00, 7.4069e-02, 
 2DIAGNOSTIC,     6, -7.614872273590e-01, 1.797693134862e+308, 3.3017e+00, 8.5037e-02, 
 2DIAGNOSTIC,     7, -7.640788323738e-01, 1.797693134862e+308, 3.3838e+00, 8.2112e-02, 
 2DIAGNOSTIC,     8, -7.646480582585e-01, 1.797693134862e+308, 3.4838e+00, 9.9999e-02, 
 2DIAGNOSTIC,     9, -7.646032215203e-01, 1.797693134862e+308, 3.5835e+00, 9.9782e-02, 
 2DIAGNOSTIC,    10, -7.646164812401e-01, 1.051044663209e-03, 3.6657e+00, 8.2116e-02, 
 2DIAGNOSTIC,    11, -7.645959357654e-01, 8.560933943926e-04, 3.7387e+00, 7.3022e-02, 
 2DIAGNOSTIC,    12, -7.645814404504e-01, 6.394123345827e-04, 3.8116e+00, 7.2947e-02, 
 2DIAGNOSTIC,    13, -7.645989721272e-01, 4.234988146393e-04, 3.8929e+00, 8.1236e-02, 
 2DIAGNOSTIC,    14, -7.645838013061e-01, 2.314716769633e-04, 3.9831e+00, 9.0223e-02, 
 2DIAGNOSTIC,    15, -7.645766141134e-01, 8.876407984142e-05, 4.0641e+00, 8.1019e-02, 
 2DIAGNOSTIC,    16, -7.645384657004e-01, 1.069323600751e-05, 4.1375e+00, 7.3358e-02, 
DIAGNOSTIC,Iteration,metricValue,convergenceValue,ITERATION_TIME_INDEX,SINCE_LAST
 2DIAGNOSTIC,     1, -6.547482346097e-01, 1.797693134862e+308, 6.0964e+00, 1.9589e+00, 
 2DIAGNOSTIC,     2, -6.550590014650e-01, 1.797693134862e+308, 6.6946e+00, 5.9821e-01, 
 2DIAGNOSTIC,     3, -6.551640104834e-01, 1.797693134862e+308, 7.3800e+00, 6.8541e-01, 
 2DIAGNOSTIC,     4, -6.551848068238e-01, 1.797693134862e+308, 8.3270e+00, 9.4701e-01, 
 2DIAGNOSTIC,     5, -6.551855714540e-01, 1.797693134862e+308, 9.1053e+00, 7.7828e-01, 
 2DIAGNOSTIC,     6, -6.551796665340e-01, 1.797693134862e+308, 9.8835e+00, 7.7816e-01, 
 2DIAGNOSTIC,     7, -6.551827721487e-01, 1.797693134862e+308, 1.0839e+01, 9.5529e-01, 
 2DIAGNOSTIC,     8, -6.551805245676e-01, 1.797693134862e+308, 1.1543e+01, 7.0436e-01, 
 2DIAGNOSTIC,     9, -6.551797430865e-01, 1.797693134862e+308, 1.2235e+01, 6.9190e-01, 
 2DIAGNOSTIC,    10, -6.551774922485e-01, 2.679873699518e-05, 1.2846e+01, 6.1134e-01, 
 2DIAGNOSTIC,    11, -6.551771800270e-01, 7.804376860460e-06, 1.3540e+01, 6.9345e-01, 
 2DIAGNOSTIC,    12, -6.551768636328e-01, 2.657565424030e-06, 1.4232e+01, 6.9217e-01, 
 2DIAGNOSTIC,    13, -6.551761380286e-01, 1.759153154229e-06, 1.4930e+01, 6.9771e-01, 
 2DIAGNOSTIC,    14, -6.551753231430e-01, 1.670724015856e-06, 1.5538e+01, 6.0825e-01, 
 2DIAGNOSTIC,    15, -6.551734920641e-01, 1.624572515971e-06, 1.6235e+01, 6.9737e-01, 
 2DIAGNOSTIC,    16, -6.551712672027e-01, 1.407011372453e-06, 1.6833e+01, 5.9741e-01, 
 2DIAGNOSTIC,    17, -6.551739370111e-01, 1.417354472469e-06, 1.7510e+01, 6.7762e-01, 
 2DIAGNOSTIC,    18, -6.551747116196e-01, 1.429935124239e-06, 1.8125e+01, 6.1515e-01, 
 2DIAGNOSTIC,    19, -6.551745481222e-01, 1.452081622881e-06, 1.8743e+01, 6.1752e-01, 
 2DIAGNOSTIC,    20, -6.551782104980e-01, 1.525293939882e-06, 1.9427e+01, 6.8440e-01, 
 2DIAGNOSTIC,    21, -6.551771950725e-01, 1.568686668944e-06, 2.0108e+01, 6.8036e-01, 
 2DIAGNOSTIC,    22, -6.551784481487e-01, 1.621810653808e-06, 2.0877e+01, 7.6881e-01, 
 2DIAGNOSTIC,    23, -6.551784524217e-01, 1.639392070228e-06, 2.1560e+01, 6.8357e-01, 
 2DIAGNOSTIC,    24, -6.551795324148e-01, 1.637244445525e-06, 2.2164e+01, 6.0402e-01, 
 2DIAGNOSTIC,    25, -6.551784148266e-01, 1.555536356966e-06, 2.2867e+01, 7.0307e-01, 
 2DIAGNOSTIC,    26, -6.551809999865e-01, 1.459059580711e-06, 2.3477e+01, 6.0972e-01, 
 2DIAGNOSTIC,    27, -6.551796552323e-01, 1.368003818301e-06, 2.4082e+01, 6.0481e-01, 
 2DIAGNOSTIC,    28, -6.551818550783e-01, 1.312788934824e-06, 2.4773e+01, 6.9081e-01, 
 2DIAGNOSTIC,    29, -6.551890561271e-01, 1.347752454930e-06, 2.5554e+01, 7.8139e-01, 
 2DIAGNOSTIC,    30, -6.551874743179e-01, 1.384557453438e-06, 2.6257e+01, 7.0279e-01, 
 2DIAGNOSTIC,    31, -6.551834109973e-01, 1.318845482490e-06, 2.6951e+01, 6.9445e-01, 
 2DIAGNOSTIC,    32, -6.551816403757e-01, 1.225390824491e-06, 2.7733e+01, 7.8143e-01, 
 2DIAGNOSTIC,    33, -6.551821698206e-01, 1.121552638483e-06, 2.8441e+01, 7.0788e-01, 
DIAGNOSTIC,Iteration,metricValue,convergenceValue,ITERATION_TIME_INDEX,SINCE_LAST
 2DIAGNOSTIC,     1, -5.810869749758e-01, 1.797693134862e+308, 3.3083e+01, 4.6427e+00, 
 2DIAGNOSTIC,     2, -5.815570047414e-01, 1.797693134862e+308, 3.6823e+01, 3.7402e+00, 
 2DIAGNOSTIC,     3, -5.820806885748e-01, 1.797693134862e+308, 4.0577e+01, 3.7538e+00, 
 2DIAGNOSTIC,     4, -5.826643197707e-01, 1.797693134862e+308, 4.4307e+01, 3.7297e+00, 
 2DIAGNOSTIC,     5, -5.831413599996e-01, 1.797693134862e+308, 4.8975e+01, 4.6684e+00, 
 2DIAGNOSTIC,     6, -5.831749940536e-01, 1.797693134862e+308, 5.2695e+01, 3.7196e+00, 
 2DIAGNOSTIC,     7, -5.833306476596e-01, 1.797693134862e+308, 5.6386e+01, 3.6911e+00, 
 2DIAGNOSTIC,     8, -5.834775909799e-01, 1.797693134862e+308, 6.3405e+01, 7.0194e+00, 
 2DIAGNOSTIC,     9, -5.834780772150e-01, 1.797693134862e+308, 6.9988e+01, 6.5827e+00, 
 2DIAGNOSTIC,    10, -5.834789684748e-01, 2.649675593418e-04, 7.5089e+01, 5.1005e+00, 
 2DIAGNOSTIC,    11, -5.834790586783e-01, 1.756834949401e-04, 7.9704e+01, 4.6155e+00, 
 2DIAGNOSTIC,    12, -5.834787333146e-01, 1.047483489760e-04, 8.4409e+01, 4.7050e+00, 
 2DIAGNOSTIC,    13, -5.834784811636e-01, 5.464522470751e-05, 8.8593e+01, 4.1841e+00, 
 2DIAGNOSTIC,    14, -5.834783626337e-01, 2.689229213870e-05, 9.2810e+01, 4.2167e+00, 
 2DIAGNOSTIC,    15, -5.834782503952e-01, 1.620260674164e-05, 9.6546e+01, 3.7358e+00, 
 2DIAGNOSTIC,    16, -5.834781653894e-01, 6.499253502990e-06, 1.0079e+02, 4.2419e+00, 
 2DIAGNOSTIC,    17, -5.834782321525e-01, 1.868176082699e-06, 1.0452e+02, 3.7323e+00, 
 2DIAGNOSTIC,    18, -5.834781925444e-01, 1.730532696011e-06, 1.0875e+02, 4.2342e+00, 
 2DIAGNOSTIC,    19, -5.834781129225e-01, 1.620668882943e-06, 1.1251e+02, 3.7584e+00, 
 2DIAGNOSTIC,    20, -5.834780830250e-01, 1.547743584462e-06, 1.1677e+02, 4.2526e+00, 
 2DIAGNOSTIC,    21, -5.834781050778e-01, 1.488569438157e-06, 1.2050e+02, 3.7307e+00, 
 2DIAGNOSTIC,    22, -5.834778561432e-01, 1.424607733468e-06, 1.2467e+02, 4.1766e+00, 
 2DIAGNOSTIC,    23, -5.834777565971e-01, 1.361003674864e-06, 1.2931e+02, 4.6369e+00, 
 2DIAGNOSTIC,    24, -5.834776854508e-01, 1.301090864249e-06, 1.3354e+02, 4.2292e+00, 
 2DIAGNOSTIC,    25, -5.834776478562e-01, 1.245403419496e-06, 1.3771e+02, 4.1718e+00, 
 2DIAGNOSTIC,    26, -5.834776315459e-01, 1.194618582459e-06, 1.4148e+02, 3.7656e+00, 
 2DIAGNOSTIC,    27, -5.834777071003e-01, 1.152992614953e-06, 1.4619e+02, 4.7186e+00, 
 2DIAGNOSTIC,    28, -5.834778291424e-01, 1.118237983190e-06, 1.4990e+02, 3.7100e+00, 
 2DIAGNOSTIC,    29, -5.834775775143e-01, 1.081978794018e-06, 1.5412e+02, 4.2123e+00, 
 2DIAGNOSTIC,    30, -5.834777272836e-01, 1.051630922254e-06, 1.5877e+02, 4.6556e+00, 
 2DIAGNOSTIC,    31, -5.834776427358e-01, 1.023118343331e-06, 1.6341e+02, 4.6364e+00, 
  Elapsed time (stage 1): 1.6585e+02


Stage 2
  iterations = 100x70x50x20
  convergence threshold = 1.0000e-06
  convergence window size = 10
  number of levels = 4
  using the CC metric (radius = 4, weight = 1.0000e+00, use gradient filter = 0)
  preprocessing:  winsorizing the image intensities
  Shrink factors (level 1 out of 4): [8, 8, 8]
  Shrink factors (level 2 out of 4): [4, 4, 4]
