---------------------
Profiling information

Pipeline: ants registrationSyN-fp
NTHREAD: 1

DATASET: ds004513
SUBJECT_ID: s025

SIF_IMG: /mnt/lustre/mathdugre/containers/ants-debug.simg
DATA_DIR: /mnt/lustre/mathdugre/mri-bottleneck/datasets/ds004513

PROJECT_DIR: /mnt/lustre/mathdugre/mri-bottleneck
PROFILING_DIR: /mnt/lustre/mathdugre/mri-bottleneck/vtune_output/1-threads/ants/registrationSyN-fp/ds004513/sub-s025/ZydXXiiaKtl1t2xe3AozpHNGLQuFNGwV
---------------------

Command to profile: bash tmp-scripts/ZydXXiiaKtl1t2xe3AozpHNGLQuFNGwV.sh

--------------------------------------------------------------------------------------
 Mapping parameters
--------------------------------------------------------------------------------------
 ANTSPATH is /opt/ants/bin

 Dimensionality:           3
 Output name prefix:       /data/derivatives/ants/registrationSyN-fp/sub-s025/ses-open/anat/
 Fixed images:             /templateflow/tpl-MNI152NLin2009cAsym//tpl-MNI152NLin2009cAsym_res-01_desc-brain_T1w.nii.gz
 Moving images:            /data/derivatives/fsl/fast/sub-s025/ses-open/anat/BrainExtractionBrain_seg.nii.gz
 Mask images:              
 Initial transforms:       
 Number of threads:        1
 Spline distance:          26
 SyN gradient step:        0.1
 Transform type:           s
 CC radius:                4
 Precision:                f
 Use histogram matching    0
 Repro                     0
======================================================================================
 antsRegistration call:
--------------------------------------------------------------------------------------
/opt/ants/bin/antsRegistration --verbose 1 --dimensionality 3 --float 1 --collapse-output-transforms 1 --output [ /data/derivatives/ants/registrationSyN-fp/sub-s025/ses-open/anat/,/data/derivatives/ants/registrationSyN-fp/sub-s025/ses-open/anat/Warped.nii.gz,/data/derivatives/ants/registrationSyN-fp/sub-s025/ses-open/anat/InverseWarped.nii.gz ] --interpolation Linear --use-histogram-matching 0 --winsorize-image-intensities [ 0.005,0.995 ] --initial-moving-transform [ /templateflow/tpl-MNI152NLin2009cAsym//tpl-MNI152NLin2009cAsym_res-01_desc-brain_T1w.nii.gz,/data/derivatives/fsl/fast/sub-s025/ses-open/anat/BrainExtractionBrain_seg.nii.gz,1 ] --transform Rigid[ 0.1 ] --metric MI[ /templateflow/tpl-MNI152NLin2009cAsym//tpl-MNI152NLin2009cAsym_res-01_desc-brain_T1w.nii.gz,/data/derivatives/fsl/fast/sub-s025/ses-open/anat/BrainExtractionBrain_seg.nii.gz,1,32,Regular,0.25 ] --convergence [ 1000x500x250x100,1e-6,10 ] --shrink-factors 8x4x2x1 --smoothing-sigmas 3x2x1x0vox --transform Affine[ 0.1 ] --metric MI[ /templateflow/tpl-MNI152NLin2009cAsym//tpl-MNI152NLin2009cAsym_res-01_desc-brain_T1w.nii.gz,/data/derivatives/fsl/fast/sub-s025/ses-open/anat/BrainExtractionBrain_seg.nii.gz,1,32,Regular,0.25 ] --convergence [ 1000x500x250x100,1e-6,10 ] --shrink-factors 8x4x2x1 --smoothing-sigmas 3x2x1x0vox --transform SyN[ 0.1,3,0 ] --metric CC[ /templateflow/tpl-MNI152NLin2009cAsym//tpl-MNI152NLin2009cAsym_res-01_desc-brain_T1w.nii.gz,/data/derivatives/fsl/fast/sub-s025/ses-open/anat/BrainExtractionBrain_seg.nii.gz,1,4 ] --convergence [ 100x70x50x20,1e-6,10 ] --shrink-factors 8x4x2x1 --smoothing-sigmas 3x2x1x0vox
--------------------------------------------------------------------------------------
All_Command_lines_OK
Using single precision for computations.
=============================================================================
The composite transform comprises the following transforms (in order): 
  1. Center of mass alignment using fixed image: /templateflow/tpl-MNI152NLin2009cAsym//tpl-MNI152NLin2009cAsym_res-01_desc-brain_T1w.nii.gz and moving image: /data/derivatives/fsl/fast/sub-s025/ses-open/anat/BrainExtractionBrain_seg.nii.gz (type = Euler3DTransform)
=============================================================================
  number of levels = 4
  number of levels = 4
  number of levels = 4
  fixed image: /templateflow/tpl-MNI152NLin2009cAsym//tpl-MNI152NLin2009cAsym_res-01_desc-brain_T1w.nii.gz
  moving image: /data/derivatives/fsl/fast/sub-s025/ses-open/anat/BrainExtractionBrain_seg.nii.gz
  fixed image: /templateflow/tpl-MNI152NLin2009cAsym//tpl-MNI152NLin2009cAsym_res-01_desc-brain_T1w.nii.gz
  moving image: /data/derivatives/fsl/fast/sub-s025/ses-open/anat/BrainExtractionBrain_seg.nii.gz
  fixed image: /templateflow/tpl-MNI152NLin2009cAsym//tpl-MNI152NLin2009cAsym_res-01_desc-brain_T1w.nii.gz
  moving image: /data/derivatives/fsl/fast/sub-s025/ses-open/anat/BrainExtractionBrain_seg.nii.gz
Dimension = 3
Number of stages = 3
Use histogram matching = false
Winsorize image intensities = true
  Lower quantile = 0.005
  Upper quantile = 0.995


Stage 1 State
   Image metric = Mattes
     Fixed image = Image (0x564dc410d8b0)
  RTTI typeinfo:   itk::Image<float, 3u>
  Reference Count: 2
  Modified Time: 1721
  Debug: Off
  Object Name: 
  Observers: 
    none
  Source: (none)
  Source output name: (none)
  Release Data: Off
  Data Released: False
  Global Release Data: Off
  PipelineMTime: 0
  UpdateMTime: 1504
  RealTimeStamp: 0 seconds 
  LargestPossibleRegion: 
    Dimension: 3
    Index: [0, 0, 0]
    Size: [193, 229, 193]
  BufferedRegion: 
    Dimension: 3
    Index: [0, 0, 0]
    Size: [193, 229, 193]
  RequestedRegion: 
    Dimension: 3
    Index: [0, 0, 0]
    Size: [193, 229, 193]
  Spacing: [1, 1, 1]
  Origin: [96, 132, -78]
  Direction: 
-1 0 0
0 -1 0
0 0 1

  IndexToPointMatrix: 
-1 0 0
0 -1 0
0 0 1

  PointToIndexMatrix: 
-1 0 0
0 -1 0
0 0 1

  Inverse Direction: 
-1 0 0
0 -1 0
0 0 1

  PixelContainer: 
    ImportImageContainer (0x564dc4116330)
      RTTI typeinfo:   itk::ImportImageContainer<unsigned long, float>
      Reference Count: 1
      Modified Time: 1501
      Debug: Off
      Object Name: 
      Observers: 
        none
      Pointer: 0x7f63853fb010
      Container manages memory: true
      Size: 8530021
      Capacity: 8530021

     Moving image = Image (0x564dc4117220)
  RTTI typeinfo:   itk::Image<float, 3u>
  Reference Count: 2
  Modified Time: 1722
  Debug: Off
  Object Name: 
  Observers: 
    none
  Source: (none)
  Source output name: (none)
  Release Data: Off
  Data Released: False
  Global Release Data: Off
  PipelineMTime: 0
  UpdateMTime: 1719
  RealTimeStamp: 0 seconds 
  LargestPossibleRegion: 
    Dimension: 3
    Index: [0, 0, 0]
    Size: [176, 240, 256]
  BufferedRegion: 
    Dimension: 3
    Index: [0, 0, 0]
    Size: [176, 240, 256]
  RequestedRegion: 
    Dimension: 3
    Index: [0, 0, 0]
    Size: [176, 240, 256]
  Spacing: [0.999999, 1, 1]
  Origin: [90.3778, 84.5091, -154.071]
  Direction: 
-0.999391 7.48184e-06 -0.0348969
-7.47664e-06 -1 -2.7953e-07
-0.0348969 -1.84481e-08 0.999391

  IndexToPointMatrix: 
-0.99939 7.48184e-06 -0.0348969
-7.47663e-06 -1 -2.7953e-07
-0.0348968 -1.84481e-08 0.999391

  PointToIndexMatrix: 
-0.999392 -7.47665e-06 -0.0348969
7.48184e-06 -1 -1.84481e-08
-0.0348969 -2.7953e-07 0.999391

  Inverse Direction: 
-0.999391 -7.47664e-06 -0.0348969
7.48184e-06 -1 -1.84481e-08
-0.0348969 -2.7953e-07 0.999391

  PixelContainer: 
    ImportImageContainer (0x564dc4198ed0)
      RTTI typeinfo:   itk::ImportImageContainer<unsigned long, float>
      Reference Count: 1
      Modified Time: 1716
      Debug: Off
      Object Name: 
      Observers: 
        none
      Pointer: 0x7f6382aba010
      Container manages memory: true
      Size: 10813440
      Capacity: 10813440

     Weighting = 1
     Sampling strategy = regular
     Number of bins = 32
     Radius = 4
     Sampling percentage  = 0.25
   Transform = Rigid
     Gradient step = 0.1
     Update field sigma (voxel space) = 0
     Total field sigma (voxel space) = 0
     Update field time sigma = 0
     Total field time sigma  = 0
     Number of time indices = 0
     Number of time point samples = 0
Stage 2 State
   Image metric = Mattes
     Fixed image = Image (0x564dc4164d00)
  RTTI typeinfo:   itk::Image<float, 3u>
  Reference Count: 2
  Modified Time: 2151
  Debug: Off
  Object Name: 
  Observers: 
    none
  Source: (none)
  Source output name: (none)
  Release Data: Off
  Data Released: False
  Global Release Data: Off
  PipelineMTime: 0
  UpdateMTime: 1934
  RealTimeStamp: 0 seconds 
  LargestPossibleRegion: 
    Dimension: 3
    Index: [0, 0, 0]
    Size: [193, 229, 193]
  BufferedRegion: 
    Dimension: 3
    Index: [0, 0, 0]
    Size: [193, 229, 193]
  RequestedRegion: 
    Dimension: 3
    Index: [0, 0, 0]
    Size: [193, 229, 193]
  Spacing: [1, 1, 1]
  Origin: [96, 132, -78]
  Direction: 
-1 0 0
0 -1 0
0 0 1

  IndexToPointMatrix: 
-1 0 0
0 -1 0
0 0 1

  PointToIndexMatrix: 
-1 0 0
0 -1 0
0 0 1

  Inverse Direction: 
-1 0 0
0 -1 0
0 0 1

  PixelContainer: 
    ImportImageContainer (0x564dc4165400)
      RTTI typeinfo:   itk::ImportImageContainer<unsigned long, float>
      Reference Count: 1
      Modified Time: 1931
      Debug: Off
      Object Name: 
      Observers: 
        none
      Pointer: 0x7f6380a2f010
      Container manages memory: true
      Size: 8530021
      Capacity: 8530021

     Moving image = Image (0x564dc41669b0)
  RTTI typeinfo:   itk::Image<float, 3u>
  Reference Count: 2
  Modified Time: 2152
  Debug: Off
  Object Name: 
  Observers: 
    none
  Source: (none)
  Source output name: (none)
  Release Data: Off
  Data Released: False
  Global Release Data: Off
  PipelineMTime: 0
  UpdateMTime: 2149
  RealTimeStamp: 0 seconds 
  LargestPossibleRegion: 
    Dimension: 3
    Index: [0, 0, 0]
    Size: [176, 240, 256]
  BufferedRegion: 
    Dimension: 3
    Index: [0, 0, 0]
    Size: [176, 240, 256]
  RequestedRegion: 
    Dimension: 3
    Index: [0, 0, 0]
    Size: [176, 240, 256]
  Spacing: [0.999999, 1, 1]
  Origin: [90.3778, 84.5091, -154.071]
  Direction: 
-0.999391 7.48184e-06 -0.0348969
-7.47664e-06 -1 -2.7953e-07
-0.0348969 -1.84481e-08 0.999391

  IndexToPointMatrix: 
-0.99939 7.48184e-06 -0.0348969
-7.47663e-06 -1 -2.7953e-07
-0.0348968 -1.84481e-08 0.999391

  PointToIndexMatrix: 
-0.999392 -7.47665e-06 -0.0348969
7.48184e-06 -1 -1.84481e-08
-0.0348969 -2.7953e-07 0.999391

  Inverse Direction: 
-0.999391 -7.47664e-06 -0.0348969
7.48184e-06 -1 -1.84481e-08
-0.0348969 -2.7953e-07 0.999391

  PixelContainer: 
    ImportImageContainer (0x564dc41d8f90)
      RTTI typeinfo:   itk::ImportImageContainer<unsigned long, float>
      Reference Count: 1
      Modified Time: 2146
      Debug: Off
      Object Name: 
      Observers: 
        none
      Pointer: 0x7f637e0ee010
      Container manages memory: true
      Size: 10813440
      Capacity: 10813440

     Weighting = 1
     Sampling strategy = regular
     Number of bins = 32
     Radius = 4
     Sampling percentage  = 0.25
   Transform = Affine
     Gradient step = 0.1
     Update field sigma (voxel space) = 0
     Total field sigma (voxel space) = 0
     Update field time sigma = 0
     Total field time sigma  = 0
     Number of time indices = 0
     Number of time point samples = 0
Stage 3 State
   Image metric = CC
     Fixed image = Image (0x564dc4160880)
  RTTI typeinfo:   itk::Image<float, 3u>
  Reference Count: 2
  Modified Time: 2581
  Debug: Off
  Object Name: 
  Observers: 
    none
  Source: (none)
  Source output name: (none)
  Release Data: Off
  Data Released: False
  Global Release Data: Off
  PipelineMTime: 0
  UpdateMTime: 2364
  RealTimeStamp: 0 seconds 
  LargestPossibleRegion: 
    Dimension: 3
    Index: [0, 0, 0]
    Size: [193, 229, 193]
  BufferedRegion: 
    Dimension: 3
    Index: [0, 0, 0]
    Size: [193, 229, 193]
  RequestedRegion: 
    Dimension: 3
    Index: [0, 0, 0]
    Size: [193, 229, 193]
  Spacing: [1, 1, 1]
  Origin: [96, 132, -78]
  Direction: 
-1 0 0
0 -1 0
0 0 1

  IndexToPointMatrix: 
-1 0 0
0 -1 0
0 0 1

  PointToIndexMatrix: 
-1 0 0
0 -1 0
0 0 1

  Inverse Direction: 
-1 0 0
0 -1 0
0 0 1

  PixelContainer: 
    ImportImageContainer (0x564dc4299150)
      RTTI typeinfo:   itk::ImportImageContainer<unsigned long, float>
      Reference Count: 1
      Modified Time: 2361
      Debug: Off
      Object Name: 
      Observers: 
        none
      Pointer: 0x7f637c063010
      Container manages memory: true
      Size: 8530021
      Capacity: 8530021

     Moving image = Image (0x564dc4174400)
  RTTI typeinfo:   itk::Image<float, 3u>
  Reference Count: 2
  Modified Time: 2582
  Debug: Off
  Object Name: 
  Observers: 
    none
  Source: (none)
  Source output name: (none)
  Release Data: Off
  Data Released: False
  Global Release Data: Off
  PipelineMTime: 0
  UpdateMTime: 2579
  RealTimeStamp: 0 seconds 
  LargestPossibleRegion: 
    Dimension: 3
    Index: [0, 0, 0]
    Size: [176, 240, 256]
  BufferedRegion: 
    Dimension: 3
    Index: [0, 0, 0]
    Size: [176, 240, 256]
  RequestedRegion: 
    Dimension: 3
    Index: [0, 0, 0]
    Size: [176, 240, 256]
  Spacing: [0.999999, 1, 1]
  Origin: [90.3778, 84.5091, -154.071]
  Direction: 
-0.999391 7.48184e-06 -0.0348969
-7.47664e-06 -1 -2.7953e-07
-0.0348969 -1.84481e-08 0.999391

  IndexToPointMatrix: 
-0.99939 7.48184e-06 -0.0348969
-7.47663e-06 -1 -2.7953e-07
-0.0348968 -1.84481e-08 0.999391

  PointToIndexMatrix: 
-0.999392 -7.47665e-06 -0.0348969
7.48184e-06 -1 -1.84481e-08
-0.0348969 -2.7953e-07 0.999391

  Inverse Direction: 
-0.999391 -7.47664e-06 -0.0348969
7.48184e-06 -1 -1.84481e-08
-0.0348969 -2.7953e-07 0.999391

  PixelContainer: 
    ImportImageContainer (0x564dc415f100)
      RTTI typeinfo:   itk::ImportImageContainer<unsigned long, float>
      Reference Count: 1
      Modified Time: 2576
      Debug: Off
      Object Name: 
      Observers: 
        none
      Pointer: 0x7f6379722010
      Container manages memory: true
      Size: 10813440
      Capacity: 10813440

     Weighting = 1
     Sampling strategy = none
     Number of bins = 32
     Radius = 4
     Sampling percentage  = 1
   Transform = SyN
     Gradient step = 0.1
     Update field sigma (voxel space) = 3
     Total field sigma (voxel space) = 0
     Update field time sigma = 0
     Total field time sigma  = 0
     Number of time indices = 0
     Number of time point samples = 0
Registration using 3 total stages.

Stage 0
  iterations = 1000x500x250x100
  convergence threshold = 1e-06
  convergence window size = 10
  number of levels = 4
  using the Mattes MI metric (number of bins = 32, weight = 1, use gradient filter = 0)
  preprocessing:  winsorizing the image intensities
  Shrink factors (level 1 out of 4): [8, 8, 8]
  Shrink factors (level 2 out of 4): [4, 4, 4]
  Shrink factors (level 3 out of 4): [2, 2, 2]
  Shrink factors (level 4 out of 4): [1, 1, 1]
  smoothing sigmas per level: [3, 2, 1, 0]
  regular sampling (percentage = 0.25)

*** Running Euler3DTransform registration ***

DIAGNOSTIC,Iteration,metricValue,convergenceValue,ITERATION_TIME_INDEX,SINCE_LAST
 2DIAGNOSTIC,     1, -5.669586062431e-01, inf, 1.2915e+00, 1.2915e+00, 
 2DIAGNOSTIC,     2, -5.674921870232e-01, inf, 1.2997e+00, 8.2710e-03, 
 2DIAGNOSTIC,     3, -5.685212612152e-01, inf, 1.3071e+00, 7.3931e-03, 
 2DIAGNOSTIC,     4, -5.714970231056e-01, inf, 1.3147e+00, 7.6101e-03, 
 2DIAGNOSTIC,     5, -5.828382968903e-01, inf, 1.3227e+00, 7.9780e-03, 
 2DIAGNOSTIC,     6, -5.901399850845e-01, inf, 1.3328e+00, 1.0065e-02, 
 2DIAGNOSTIC,     7, -6.040933728218e-01, inf, 1.3404e+00, 7.6470e-03, 
 2DIAGNOSTIC,     8, -6.079917550087e-01, inf, 1.3490e+00, 8.5530e-03, 
 2DIAGNOSTIC,     9, -6.092090606689e-01, inf, 1.3566e+00, 7.6029e-03, 
 2DIAGNOSTIC,    10, -6.115961670876e-01, 6.055247969925e-03, 1.3860e+00, 2.9380e-02, 
 2DIAGNOSTIC,    11, -6.174750924110e-01, 5.607692059129e-03, 1.3997e+00, 1.3719e-02, 
 2DIAGNOSTIC,    12, -6.218906641006e-01, 4.923577420413e-03, 1.4080e+00, 8.3468e-03, 
 2DIAGNOSTIC,    13, -6.241717934608e-01, 4.028186202049e-03, 1.4158e+00, 7.7360e-03, 
 2DIAGNOSTIC,    14, -6.288689374924e-01, 3.161808243021e-03, 1.4250e+00, 9.2311e-03, 
 2DIAGNOSTIC,    15, -6.427285671234e-01, 2.917688572779e-03, 1.4450e+00, 2.0004e-02, 
 2DIAGNOSTIC,    16, -6.426172852516e-01, 2.629099413753e-03, 1.4526e+00, 7.6201e-03, 
 2DIAGNOSTIC,    17, -6.429662704468e-01, 2.532421611249e-03, 1.4602e+00, 7.5409e-03, 
 2DIAGNOSTIC,    18, -6.434764862061e-01, 2.334522781894e-03, 1.4678e+00, 7.6411e-03, 
 2DIAGNOSTIC,    19, -6.440963745117e-01, 1.986148301512e-03, 1.4753e+00, 7.4799e-03, 
 2DIAGNOSTIC,    20, -6.452912688255e-01, 1.565862447023e-03, 1.4829e+00, 7.6380e-03, 
 2DIAGNOSTIC,    21, -6.464115977287e-01, 1.194666256197e-03, 1.4915e+00, 8.5719e-03, 
 2DIAGNOSTIC,    22, -6.469461917877e-01, 8.560486603528e-04, 1.4990e+00, 7.4570e-03, 
 2DIAGNOSTIC,    23, -6.477231383324e-01, 5.305814556777e-04, 1.5068e+00, 7.8809e-03, 
 2DIAGNOSTIC,    24, -6.484388709068e-01, 2.800213987939e-04, 1.5146e+00, 7.7651e-03, 
 2DIAGNOSTIC,    25, -6.511301398277e-01, 3.280781384092e-04, 1.5233e+00, 8.7020e-03, 
 2DIAGNOSTIC,    26, -6.524758934975e-01, 3.619912022259e-04, 1.5336e+00, 1.0331e-02, 
 2DIAGNOSTIC,    27, -6.550881862640e-01, 4.094783507753e-04, 1.5431e+00, 9.4531e-03, 
 2DIAGNOSTIC,    28, -6.575238704681e-01, 4.626286972780e-04, 1.5517e+00, 8.6010e-03, 
 2DIAGNOSTIC,    29, -6.596057415009e-01, 5.099525442347e-04, 1.5594e+00, 7.7112e-03, 
 2DIAGNOSTIC,    30, -6.620448827744e-01, 5.600992008112e-04, 1.5673e+00, 7.8840e-03, 
 2DIAGNOSTIC,    31, -6.749246716499e-01, 7.577455253340e-04, 1.5774e+00, 1.0092e-02, 
 2DIAGNOSTIC,    32, -6.769335865974e-01, 9.017441770993e-04, 1.5873e+00, 9.9680e-03, 
 2DIAGNOSTIC,    33, -6.783970594406e-01, 9.832298383117e-04, 1.5950e+00, 7.6101e-03, 
 2DIAGNOSTIC,    34, -6.829382181168e-01, 1.037488924339e-03, 1.6027e+00, 7.7000e-03, 
 2DIAGNOSTIC,    35, -6.872822046280e-01, 1.078319153748e-03, 1.6116e+00, 8.9629e-03, 
 2DIAGNOSTIC,    36, -6.910019516945e-01, 1.073691295460e-03, 1.6361e+00, 2.4438e-02, 
 2DIAGNOSTIC,    37, -6.909992694855e-01, 9.981078328565e-04, 1.6437e+00, 7.6029e-03, 
 2DIAGNOSTIC,    38, -6.910300254822e-01, 8.638866129331e-04, 1.6511e+00, 7.4301e-03, 
 2DIAGNOSTIC,    39, -6.910812854767e-01, 6.802612915635e-04, 1.6585e+00, 7.4289e-03, 
 2DIAGNOSTIC,    40, -6.911690235138e-01, 4.651804920286e-04, 1.6658e+00, 7.3268e-03, 
 2DIAGNOSTIC,    41, -6.913161873817e-01, 3.574050788302e-04, 1.6733e+00, 7.5018e-03, 
 2DIAGNOSTIC,    42, -6.915581822395e-01, 2.455636567902e-04, 1.6818e+00, 8.4531e-03, 
 2DIAGNOSTIC,    43, -6.916948556900e-01, 1.321666204603e-04, 1.6892e+00, 7.3850e-03, 
 2DIAGNOSTIC,    44, -6.921401619911e-01, 6.089133967180e-05, 1.6977e+00, 8.5139e-03, 
 2DIAGNOSTIC,    45, -6.924047470093e-01, 3.118665335933e-05, 1.7051e+00, 7.4341e-03, 
 2DIAGNOSTIC,    46, -6.928624510765e-01, 3.981620830018e-05, 1.7126e+00, 7.4570e-03, 
 2DIAGNOSTIC,    47, -6.937784552574e-01, 5.277542732074e-05, 1.7202e+00, 7.6492e-03, 
 2DIAGNOSTIC,    48, -6.952399015427e-01, 7.361145253526e-05, 1.7278e+00, 7.5610e-03, 
 2DIAGNOSTIC,    49, -6.975262761116e-01, 1.071517035598e-04, 1.7360e+00, 8.2359e-03, 
 2DIAGNOSTIC,    50, -6.995771527290e-01, 1.473787269788e-04, 1.7447e+00, 8.6272e-03, 
 2DIAGNOSTIC,    51, -7.014223933220e-01, 1.887332909973e-04, 1.7531e+00, 8.4291e-03, 
 2DIAGNOSTIC,    52, -7.025750279427e-01, 2.219636662630e-04, 1.7607e+00, 7.5610e-03, 
 2DIAGNOSTIC,    53, -7.060036063194e-01, 2.617125574034e-04, 1.7715e+00, 1.0827e-02, 
 2DIAGNOSTIC,    54, -7.067730426788e-01, 2.838548971340e-04, 1.7790e+00, 7.5181e-03, 
 2DIAGNOSTIC,    55, -7.077638506889e-01, 2.879266103264e-04, 1.7866e+00, 7.6029e-03, 
 2DIAGNOSTIC,    56, -7.130426168442e-01, 3.087242366746e-04, 1.7965e+00, 9.8920e-03, 
 2DIAGNOSTIC,    57, -7.188624143600e-01, 3.490410163067e-04, 1.8062e+00, 9.6831e-03, 
 2DIAGNOSTIC,    58, -7.198604941368e-01, 3.714665072039e-04, 1.8140e+00, 7.7829e-03, 
 2DIAGNOSTIC,    59, -7.240976691246e-01, 4.055960453115e-04, 1.8224e+00, 8.4131e-03, 
 2DIAGNOSTIC,    60, -7.268602252007e-01, 4.337684949860e-04, 1.8303e+00, 7.8950e-03, 
 2DIAGNOSTIC,    61, -7.270811200142e-01, 4.331041709520e-04, 1.8408e+00, 1.0519e-02, 
 2DIAGNOSTIC,    62, -7.299279570580e-01, 4.178236995358e-04, 1.8494e+00, 8.5661e-03, 
 2DIAGNOSTIC,    63, -7.306753993034e-01, 3.912284737453e-04, 1.8578e+00, 8.4791e-03, 
 2DIAGNOSTIC,    64, -7.305846810341e-01, 3.329231694806e-04, 1.8653e+00, 7.4470e-03, 
 2DIAGNOSTIC,    65, -7.306191325188e-01, 2.508838952053e-04, 1.8738e+00, 8.4720e-03, 
 2DIAGNOSTIC,    66, -7.306932806969e-01, 1.813625858631e-04, 1.8822e+00, 8.4789e-03, 
 2DIAGNOSTIC,    67, -7.307546138763e-01, 1.341057359241e-04, 1.8906e+00, 8.3771e-03, 
 2DIAGNOSTIC,    68, -7.307487130165e-01, 8.102980791591e-05, 1.8981e+00, 7.5359e-03, 
 2DIAGNOSTIC,    69, -7.311788797379e-01, 5.037654773332e-05, 1.9058e+00, 7.6559e-03, 
 2DIAGNOSTIC,    70, -7.331957817078e-01, 4.495372195379e-05, 1.9154e+00, 9.6250e-03, 
 2DIAGNOSTIC,    71, -7.337779402733e-01, 3.943351111957e-05, 1.9241e+00, 8.6720e-03, 
 2DIAGNOSTIC,    72, -7.353974580765e-01, 5.647293437505e-05, 1.9328e+00, 8.6548e-03, 
 2DIAGNOSTIC,    73, -7.383471131325e-01, 8.893914491637e-05, 1.9418e+00, 9.0289e-03, 
 2DIAGNOSTIC,    74, -7.406954169273e-01, 1.243689766852e-04, 1.9507e+00, 8.8980e-03, 
 2DIAGNOSTIC,    75, -7.432165145874e-01, 1.608949241927e-04, 1.9583e+00, 7.5970e-03, 
 2DIAGNOSTIC,    76, -7.447289228439e-01, 1.895845634863e-04, 1.9668e+00, 8.5671e-03, 
 2DIAGNOSTIC,    77, -7.460297346115e-01, 2.067606692435e-04, 1.9785e+00, 1.1694e-02, 
 2DIAGNOSTIC,    78, -7.462147474289e-01, 2.044049615506e-04, 1.9861e+00, 7.5469e-03, 
 2DIAGNOSTIC,    79, -7.471857666969e-01, 1.895969035104e-04, 1.9944e+00, 8.3370e-03, 
 2DIAGNOSTIC,    80, -7.475577592850e-01, 1.693698868621e-04, 2.0019e+00, 7.4589e-03, 
 2DIAGNOSTIC,    81, -7.477717995644e-01, 1.374495186610e-04, 2.0093e+00, 7.4191e-03, 
 2DIAGNOSTIC,    82, -7.483972907066e-01, 1.044224627549e-04, 2.0167e+00, 7.3671e-03, 
 2DIAGNOSTIC,    83, -7.521657943726e-01, 9.575748845236e-05, 2.0257e+00, 9.0170e-03, 
 2DIAGNOSTIC,    84, -7.611339092255e-01, 1.333815016551e-04, 2.0391e+00, 1.3413e-02, 
 2DIAGNOSTIC,    85, -7.612853646278e-01, 1.690858334769e-04, 2.0466e+00, 7.5259e-03, 
 2DIAGNOSTIC,    86, -7.632998228073e-01, 2.052484633168e-04, 2.0546e+00, 8.0261e-03, 
 2DIAGNOSTIC,    87, -7.659577131271e-01, 2.399064251222e-04, 2.0628e+00, 8.1029e-03, 
 2DIAGNOSTIC,    88, -7.678721547127e-01, 2.596207195893e-04, 2.0701e+00, 7.3900e-03, 
 2DIAGNOSTIC,    89, -7.691479325294e-01, 2.635098644532e-04, 2.0786e+00, 8.4991e-03, 
 2DIAGNOSTIC,    90, -7.715543508530e-01, 2.548319753259e-04, 2.0873e+00, 8.6691e-03, 
 2DIAGNOSTIC,    91, -7.717061638832e-01, 2.239248715341e-04, 2.0947e+00, 7.4382e-03, 
 2DIAGNOSTIC,    92, -7.724983692169e-01, 1.784531341400e-04, 2.1021e+00, 7.3531e-03, 
 2DIAGNOSTIC,    93, -7.730807662010e-01, 1.349741651211e-04, 2.1105e+00, 8.3520e-03, 
 2DIAGNOSTIC,    94, -7.735072970390e-01, 1.206175074913e-04, 2.1179e+00, 7.4921e-03, 
 2DIAGNOSTIC,    95, -7.744090557098e-01, 9.937542199623e-05, 2.1295e+00, 1.1513e-02, 
 2DIAGNOSTIC,    96, -7.744571566582e-01, 7.760176231386e-05, 2.1369e+00, 7.4389e-03, 
 2DIAGNOSTIC,    97, -7.745822668076e-01, 6.058992948965e-05, 2.1442e+00, 7.2999e-03, 
 2DIAGNOSTIC,    98, -7.747816443443e-01, 4.691563299275e-05, 2.1526e+00, 8.3969e-03, 
 2DIAGNOSTIC,    99, -7.750209569931e-01, 3.499761442072e-05, 2.1608e+00, 8.1711e-03, 
 2DIAGNOSTIC,   100, -7.752000093460e-01, 3.050817213079e-05, 2.1722e+00, 1.1482e-02, 
 2DIAGNOSTIC,   101, -7.753501534462e-01, 2.436688373564e-05, 2.1801e+00, 7.8659e-03, 
 2DIAGNOSTIC,   102, -7.753542661667e-01, 1.921667535498e-05, 2.1875e+00, 7.4310e-03, 
 2DIAGNOSTIC,   103, -7.757348418236e-01, 1.614507527847e-05, 2.1948e+00, 7.2949e-03, 
 2DIAGNOSTIC,   104, -7.775382399559e-01, 2.016242979153e-05, 2.2033e+00, 8.5101e-03, 
 2DIAGNOSTIC,   105, -7.780092358589e-01, 2.728884464887e-05, 2.2144e+00, 1.1067e-02, 
 2DIAGNOSTIC,   106, -7.781270146370e-01, 3.234410178266e-05, 2.2228e+00, 8.4021e-03, 
 2DIAGNOSTIC,   107, -7.783015370369e-01, 3.544058927218e-05, 2.2312e+00, 8.3978e-03, 
 2DIAGNOSTIC,   108, -7.787066698074e-01, 3.729290619958e-05, 2.2395e+00, 8.3311e-03, 
 2DIAGNOSTIC,   109, -7.789349555969e-01, 3.709512748173e-05, 2.2470e+00, 7.4282e-03, 
 2DIAGNOSTIC,   110, -7.789981365204e-01, 3.418438791414e-05, 2.2543e+00, 7.3431e-03, 
 2DIAGNOSTIC,   111, -7.803070545197e-01, 3.348075915710e-05, 2.2624e+00, 8.0481e-03, 
 2DIAGNOSTIC,   112, -7.810173630714e-01, 3.207626650692e-05, 2.2739e+00, 1.1550e-02, 
 2DIAGNOSTIC,   113, -7.806317806244e-01, 2.740592208283e-05, 2.2823e+00, 8.3661e-03, 
 2DIAGNOSTIC,   114, -7.806671857834e-01, 2.677254997252e-05, 2.2908e+00, 8.4798e-03, 
 2DIAGNOSTIC,   115, -7.807009220123e-01, 2.536430656619e-05, 2.2982e+00, 7.4449e-03, 
 2DIAGNOSTIC,   116, -7.812377214432e-01, 2.371989648964e-05, 2.3066e+00, 8.3671e-03, 
 2DIAGNOSTIC,   117, -7.813293337822e-01, 2.061973464151e-05, 2.3171e+00, 1.0486e-02, 
 2DIAGNOSTIC,   118, -7.813774347305e-01, 1.722602610243e-05, 2.3254e+00, 8.3671e-03, 
 2DIAGNOSTIC,   119, -7.812879085541e-01, 1.283760138904e-05, 2.3327e+00, 7.2870e-03, 
 2DIAGNOSTIC,   120, -7.810795307159e-01, 6.719219982187e-06, 2.3421e+00, 9.3949e-03, 
 2DIAGNOSTIC,   121, -7.811205387115e-01, 4.450091637409e-06, 2.3494e+00, 7.3140e-03, 
 2DIAGNOSTIC,   122, -7.810402512550e-01, 3.889038453053e-06, 2.3578e+00, 8.3671e-03, 
 2DIAGNOSTIC,   123, -7.810685634613e-01, 1.852476884778e-06, 2.3679e+00, 1.0069e-02, 
DIAGNOSTIC,Iteration,metricValue,convergenceValue,ITERATION_TIME_INDEX,SINCE_LAST
 2DIAGNOSTIC,     1, -6.119213104248e-01, inf, 3.6576e+00, 1.2897e+00, 
 2DIAGNOSTIC,     2, -6.127057671547e-01, inf, 3.7277e+00, 7.0167e-02, 
 2DIAGNOSTIC,     3, -6.135947108269e-01, inf, 3.7994e+00, 7.1629e-02, 
 2DIAGNOSTIC,     4, -6.146026253700e-01, inf, 3.8714e+00, 7.1997e-02, 
 2DIAGNOSTIC,     5, -6.156802773476e-01, inf, 3.9439e+00, 7.2559e-02, 
 2DIAGNOSTIC,     6, -6.168699860573e-01, inf, 4.0157e+00, 7.1807e-02, 
 2DIAGNOSTIC,     7, -6.186176538467e-01, inf, 4.0864e+00, 7.0706e-02, 
 2DIAGNOSTIC,     8, -6.205559372902e-01, inf, 4.1803e+00, 9.3854e-02, 
 2DIAGNOSTIC,     9, -6.221990585327e-01, inf, 4.3035e+00, 1.2320e-01, 
 2DIAGNOSTIC,    10, -6.224168539047e-01, 1.189353526570e-03, 4.3750e+00, 7.1559e-02, 
 2DIAGNOSTIC,    11, -6.234738826752e-01, 1.106397481635e-03, 4.4461e+00, 7.1066e-02, 
 2DIAGNOSTIC,    12, -6.246565580368e-01, 1.012300257571e-03, 4.5160e+00, 6.9919e-02, 
 2DIAGNOSTIC,    13, -6.255432367325e-01, 9.022838203236e-04, 4.5992e+00, 8.3158e-02, 
 2DIAGNOSTIC,    14, -6.272903680801e-01, 8.160623256117e-04, 4.6817e+00, 8.2554e-02, 
 2DIAGNOSTIC,    15, -6.308715343475e-01, 8.088782778941e-04, 4.7820e+00, 1.0023e-01, 
 2DIAGNOSTIC,    16, -6.319271922112e-01, 7.903023506515e-04, 4.8621e+00, 8.0118e-02, 
 2DIAGNOSTIC,    17, -6.319467425346e-01, 7.485077367164e-04, 4.9818e+00, 1.1967e-01, 
 2DIAGNOSTIC,    18, -6.319516897202e-01, 6.922867032699e-04, 5.0606e+00, 7.8842e-02, 
 2DIAGNOSTIC,    19, -6.319348216057e-01, 6.171385757625e-04, 5.1579e+00, 9.7247e-02, 
 2DIAGNOSTIC,    20, -6.319249868393e-01, 4.955751355737e-04, 5.2357e+00, 7.7874e-02, 
 2DIAGNOSTIC,    21, -6.319031715393e-01, 3.616716712713e-04, 5.3144e+00, 7.8634e-02, 
 2DIAGNOSTIC,    22, -6.318924427032e-01, 2.317974431207e-04, 5.3926e+00, 7.8251e-02, 
 2DIAGNOSTIC,    23, -6.318825483322e-01, 1.093748142011e-04, 5.4695e+00, 7.6869e-02, 
 2DIAGNOSTIC,    24, -6.318717002869e-01, 1.838374919316e-05, 5.5386e+00, 6.9081e-02, 
DIAGNOSTIC,Iteration,metricValue,convergenceValue,ITERATION_TIME_INDEX,SINCE_LAST
 2DIAGNOSTIC,     1, -5.454947352409e-01, inf, 7.3573e+00, 1.8187e+00, 
 2DIAGNOSTIC,     2, -5.457173585892e-01, inf, 7.8844e+00, 5.2712e-01, 
 2DIAGNOSTIC,     3, -5.458570122719e-01, inf, 8.4861e+00, 6.0174e-01, 
 2DIAGNOSTIC,     4, -5.458686351776e-01, inf, 9.1630e+00, 6.7689e-01, 
 2DIAGNOSTIC,     5, -5.458650588989e-01, inf, 9.8406e+00, 6.7757e-01, 
 2DIAGNOSTIC,     6, -5.458587408066e-01, inf, 1.0444e+01, 6.0375e-01, 
 2DIAGNOSTIC,     7, -5.458599925041e-01, inf, 1.1120e+01, 6.7551e-01, 
 2DIAGNOSTIC,     8, -5.458598732948e-01, inf, 1.1798e+01, 6.7766e-01, 
 2DIAGNOSTIC,     9, -5.458602309227e-01, inf, 1.2473e+01, 6.7531e-01, 
 2DIAGNOSTIC,    10, -5.458592772484e-01, 2.850217606465e-05, 1.3077e+01, 6.0371e-01, 
 2DIAGNOSTIC,    11, -5.458592176437e-01, 9.316755495092e-06, 1.3725e+01, 6.4876e-01, 
 2DIAGNOSTIC,    12, -5.458575487137e-01, 2.170480684072e-06, 1.4343e+01, 6.1752e-01, 
 2DIAGNOSTIC,    13, -5.458570718765e-01, 1.723582727209e-06, 1.4947e+01, 6.0438e-01, 
 2DIAGNOSTIC,    14, -5.458548069000e-01, 1.755687890181e-06, 1.5549e+01, 6.0140e-01, 
 2DIAGNOSTIC,    15, -5.458558797836e-01, 1.752141429279e-06, 1.6225e+01, 6.7671e-01, 
 2DIAGNOSTIC,    16, -5.458557605743e-01, 1.570540348439e-06, 1.6829e+01, 6.0339e-01, 
 2DIAGNOSTIC,    17, -5.458552837372e-01, 1.472545250181e-06, 1.7506e+01, 6.7708e-01, 
 2DIAGNOSTIC,    18, -5.458545088768e-01, 1.397273081238e-06, 1.8280e+01, 7.7376e-01, 
 2DIAGNOSTIC,    19, -5.458545088768e-01, 1.375379952151e-06, 1.8902e+01, 6.2213e-01, 
 2DIAGNOSTIC,    20, -5.458545088768e-01, 1.357257701784e-06, 1.9527e+01, 6.2497e-01, 
 2DIAGNOSTIC,    21, -5.458543896675e-01, 1.357971086691e-06, 2.0160e+01, 6.3288e-01, 
 2DIAGNOSTIC,    22, -5.458540320396e-01, 1.325742573499e-06, 2.0773e+01, 6.1331e-01, 
 2DIAGNOSTIC,    23, -5.458541512489e-01, 1.301722818425e-06, 2.1314e+01, 5.4150e-01, 
 2DIAGNOSTIC,    24, -5.458542108536e-01, 1.238471440956e-06, 2.1936e+01, 6.2204e-01, 
 2DIAGNOSTIC,    25, -5.458540916443e-01, 1.207881950904e-06, 2.2551e+01, 6.1459e-01, 
 2DIAGNOSTIC,    26, -5.458543300629e-01, 1.188379656014e-06, 2.3166e+01, 6.1494e-01, 
 2DIAGNOSTIC,    27, -5.458544492722e-01, 1.167137270386e-06, 2.3779e+01, 6.1279e-01, 
 2DIAGNOSTIC,    28, -5.458545684814e-01, 1.136162381954e-06, 2.4390e+01, 6.1091e-01, 
 2DIAGNOSTIC,    29, -5.458542704582e-01, 1.101852944885e-06, 2.5011e+01, 6.2121e-01, 
 2DIAGNOSTIC,    30, -5.458543300629e-01, 1.070639541467e-06, 2.5687e+01, 6.7625e-01, 
 2DIAGNOSTIC,    31, -5.458544492722e-01, 1.040555616783e-06, 2.6307e+01, 6.2032e-01, 
 2DIAGNOSTIC,    32, -5.458543300629e-01, 1.002975295705e-06, 2.6930e+01, 6.2236e-01, 
DIAGNOSTIC,Iteration,metricValue,convergenceValue,ITERATION_TIME_INDEX,SINCE_LAST
 2DIAGNOSTIC,     1, -4.967530071735e-01, inf, 3.1652e+01, 4.7226e+00, 
 2DIAGNOSTIC,     2, -4.967815876007e-01, inf, 3.5022e+01, 3.3694e+00, 
 2DIAGNOSTIC,     3, -4.968051910400e-01, inf, 3.8431e+01, 3.4098e+00, 
 2DIAGNOSTIC,     4, -4.968384802341e-01, inf, 4.1834e+01, 3.4029e+00, 
 2DIAGNOSTIC,     5, -4.969626963139e-01, inf, 4.6167e+01, 4.3324e+00, 
 2DIAGNOSTIC,     6, -4.970613420010e-01, inf, 4.9560e+01, 3.3936e+00, 
 2DIAGNOSTIC,     7, -4.972238838673e-01, inf, 5.3919e+01, 4.3582e+00, 
 2DIAGNOSTIC,     8, -4.973168671131e-01, inf, 5.7286e+01, 3.3677e+00, 
 2DIAGNOSTIC,     9, -4.973466694355e-01, inf, 6.1172e+01, 3.8858e+00, 
 2DIAGNOSTIC,    10, -4.974266588688e-01, 1.016883907141e-04, 6.5023e+01, 3.8505e+00, 
 2DIAGNOSTIC,    11, -4.975533485413e-01, 9.975941793527e-05, 6.9842e+01, 4.8199e+00, 
 2DIAGNOSTIC,    12, -4.976511597633e-01, 9.530212264508e-05, 7.3722e+01, 3.8793e+00, 
 2DIAGNOSTIC,    13, -4.979603588581e-01, 9.779066022020e-05, 7.8042e+01, 4.3199e+00, 
 2DIAGNOSTIC,    14, -4.979857206345e-01, 9.339416283183e-05, 8.4813e+01, 6.7714e+00, 
 2DIAGNOSTIC,    15, -4.979858696461e-01, 8.613086538389e-05, 8.8659e+01, 3.8458e+00, 
 2DIAGNOSTIC,    16, -4.979861676693e-01, 7.558891229564e-05, 9.4870e+01, 6.2117e+00, 
 2DIAGNOSTIC,    17, -4.979867041111e-01, 6.486433994723e-05, 9.8719e+01, 3.8491e+00, 
 2DIAGNOSTIC,    18, -4.979864358902e-01, 5.234553464106e-05, 1.0260e+02, 3.8761e+00, 
 2DIAGNOSTIC,    19, -4.979866743088e-01, 3.734041092684e-05, 1.0646e+02, 3.8672e+00, 
 2DIAGNOSTIC,    20, -4.979857504368e-01, 2.285302616656e-05, 1.1081e+02, 4.3517e+00, 
 2DIAGNOSTIC,    21, -4.979858398438e-01, 1.125188555307e-05, 1.1473e+02, 3.9114e+00, 
 2DIAGNOSTIC,    22, -4.979856908321e-01, 2.110529067068e-06, 1.1905e+02, 4.3263e+00, 
 2DIAGNOSTIC,    23, -4.979854524136e-01, 1.357932433166e-06, 1.2293e+02, 3.8777e+00, 
 2DIAGNOSTIC,    24, -4.979854226112e-01, 1.273836801374e-06, 1.2632e+02, 3.3905e+00, 
 2DIAGNOSTIC,    25, -4.979858398438e-01, 1.214438270836e-06, 1.3066e+02, 4.3354e+00, 
 2DIAGNOSTIC,    26, -4.979860484600e-01, 1.175667080133e-06, 1.3500e+02, 4.3397e+00, 
 2DIAGNOSTIC,    27, -4.979859292507e-01, 1.153127527687e-06, 1.3885e+02, 3.8501e+00, 
 2DIAGNOSTIC,    28, -4.979858696461e-01, 1.127974087467e-06, 1.4269e+02, 3.8436e+00, 
 2DIAGNOSTIC,    29, -4.979858398438e-01, 1.110071480070e-06, 1.4656e+02, 3.8698e+00, 
 2DIAGNOSTIC,    30, -4.979859292507e-01, 1.075966110875e-06, 1.5043e+02, 3.8702e+00, 
 2DIAGNOSTIC,    31, -4.979858994484e-01, 1.043608563123e-06, 1.5427e+02, 3.8413e+00, 
 2DIAGNOSTIC,    32, -4.979858696461e-01, 1.008779463518e-06, 1.5811e+02, 3.8403e+00, 
  Elapsed time (stage 0): 1.6016e+02


Stage 1
  iterations = 1000x500x250x100
  convergence threshold = 1.0000e-06
  convergence window size = 10
  number of levels = 4
  using the Mattes MI metric (number of bins = 32, weight = 1.0000e+00, use gradient filter = 0)
  preprocessing:  winsorizing the image intensities
  Shrink factors (level 1 out of 4): [8, 8, 8]
  Shrink factors (level 2 out of 4): [4, 4, 4]
  Shrink factors (level 3 out of 4): [2, 2, 2]
  Shrink factors (level 4 out of 4): [1, 1, 1]
  smoothing sigmas per level: [3, 2, 1, 0]
  regular sampling (percentage = 2.5000e-01)

*** Running AffineTransform registration ***

DIAGNOSTIC,Iteration,metricValue,convergenceValue,ITERATION_TIME_INDEX,SINCE_LAST
 2DIAGNOSTIC,     1, -7.629590034485e-01, inf, 1.1920e+00, 1.1920e+00, 
 2DIAGNOSTIC,     2, -7.650212049484e-01, inf, 1.2008e+00, 8.7521e-03, 
 2DIAGNOSTIC,     3, -7.690201997757e-01, inf, 1.2090e+00, 8.2638e-03, 
 2DIAGNOSTIC,     4, -7.749342918396e-01, inf, 1.2176e+00, 8.6169e-03, 
 2DIAGNOSTIC,     5, -7.889078259468e-01, inf, 1.2262e+00, 8.6010e-03, 
 2DIAGNOSTIC,     6, -8.098482489586e-01, inf, 1.2347e+00, 8.4610e-03, 
 2DIAGNOSTIC,     7, -8.360100388527e-01, inf, 1.2461e+00, 1.1390e-02, 
 2DIAGNOSTIC,     8, -8.789403438568e-01, inf, 1.2563e+00, 1.0181e-02, 
 2DIAGNOSTIC,     9, -9.180248379707e-01, inf, 1.2647e+00, 8.4269e-03, 
 2DIAGNOSTIC,    10, -9.306904673576e-01, 1.417319197208e-02, 1.2757e+00, 1.1020e-02, 
 2DIAGNOSTIC,    11, -9.475552439690e-01, 1.456924900413e-02, 1.2855e+00, 9.7742e-03, 
 2DIAGNOSTIC,    12, -9.502072930336e-01, 1.372305490077e-02, 1.2951e+00, 9.6509e-03, 
 2DIAGNOSTIC,    13, -9.546208381653e-01, 1.199838146567e-02, 1.3047e+00, 9.5561e-03, 
 2DIAGNOSTIC,    14, -9.553250074387e-01, 9.612819179893e-03, 1.3154e+00, 1.0684e-02, 
 2DIAGNOSTIC,    15, -9.557998180389e-01, 7.024151273072e-03, 1.3318e+00, 1.6377e-02, 
 2DIAGNOSTIC,    16, -9.555526971817e-01, 4.574534483254e-03, 1.3413e+00, 9.5699e-03, 
 2DIAGNOSTIC,    17, -9.556037783623e-01, 2.507563913241e-03, 1.3504e+00, 9.0790e-03, 
 2DIAGNOSTIC,    18, -9.556830525398e-01, 1.215865486301e-03, 1.3588e+00, 8.4078e-03, 
 2DIAGNOSTIC,    19, -9.556470513344e-01, 6.161688943394e-04, 1.3673e+00, 8.4791e-03, 
 2DIAGNOSTIC,    20, -9.558377861977e-01, 2.234582207166e-04, 1.3768e+00, 9.5501e-03, 
 2DIAGNOSTIC,    21, -9.560234546661e-01, 1.087284181267e-04, 1.3853e+00, 8.4460e-03, 
 2DIAGNOSTIC,    22, -9.561256766319e-01, 3.328391903779e-05, 1.3937e+00, 8.4140e-03, 
 2DIAGNOSTIC,    23, -9.565107226372e-01, 2.768735612335e-05, 1.4021e+00, 8.4000e-03, 
 2DIAGNOSTIC,    24, -9.572082161903e-01, 3.827431646641e-05, 1.4117e+00, 9.6202e-03, 
 2DIAGNOSTIC,    25, -9.581118226051e-01, 6.176655006129e-05, 1.4214e+00, 9.6428e-03, 
 2DIAGNOSTIC,    26, -9.583627581596e-01, 7.752158126095e-05, 1.4298e+00, 8.4422e-03, 
 2DIAGNOSTIC,    27, -9.587454795837e-01, 9.004893217934e-05, 1.4382e+00, 8.4410e-03, 
 2DIAGNOSTIC,    28, -9.595615863800e-01, 1.033147491398e-04, 1.4486e+00, 1.0313e-02, 
 2DIAGNOSTIC,    29, -9.595292806625e-01, 1.049020502251e-04, 1.4604e+00, 1.1869e-02, 
 2DIAGNOSTIC,    30, -9.594377875328e-01, 9.762128320290e-05, 1.4700e+00, 9.5649e-03, 
 2DIAGNOSTIC,    31, -9.593223333359e-01, 8.261538459919e-05, 1.4785e+00, 8.4639e-03, 
 2DIAGNOSTIC,    32, -9.592278003693e-01, 6.098569429014e-05, 1.4880e+00, 9.5761e-03, 
 2DIAGNOSTIC,    33, -9.591439366341e-01, 3.769197792280e-05, 1.4966e+00, 8.5340e-03, 
 2DIAGNOSTIC,    34, -9.590950608253e-01, 1.808567685657e-05, 1.5061e+00, 9.5580e-03, 
 2DIAGNOSTIC,    35, -9.588738083839e-01, 4.160751359450e-06, 1.5157e+00, 9.5382e-03, 
DIAGNOSTIC,Iteration,metricValue,convergenceValue,ITERATION_TIME_INDEX,SINCE_LAST
 2DIAGNOSTIC,     1, -7.583177089691e-01, inf, 2.8029e+00, 1.2872e+00, 
 2DIAGNOSTIC,     2, -7.593495249748e-01, inf, 2.8949e+00, 9.1989e-02, 
 2DIAGNOSTIC,     3, -7.604332566261e-01, inf, 2.9771e+00, 8.2212e-02, 
 2DIAGNOSTIC,     4, -7.619049549103e-01, inf, 3.0577e+00, 8.0642e-02, 
 2DIAGNOSTIC,     5, -7.638692259789e-01, inf, 3.1400e+00, 8.2269e-02, 
 2DIAGNOSTIC,     6, -7.678729891777e-01, inf, 3.2327e+00, 9.2655e-02, 
 2DIAGNOSTIC,     7, -7.683280706406e-01, inf, 3.3592e+00, 1.2658e-01, 
 2DIAGNOSTIC,     8, -7.684084773064e-01, inf, 3.4409e+00, 8.1693e-02, 
 2DIAGNOSTIC,     9, -7.690142393112e-01, inf, 3.5330e+00, 9.2116e-02, 
 2DIAGNOSTIC,    10, -7.693575620651e-01, 1.071460545063e-03, 3.6391e+00, 1.0604e-01, 
 2DIAGNOSTIC,    11, -7.693465948105e-01, 8.464290294796e-04, 3.7614e+00, 1.2236e-01, 
 2DIAGNOSTIC,    12, -7.693344354630e-01, 6.153536378406e-04, 3.8526e+00, 9.1201e-02, 
 2DIAGNOSTIC,    13, -7.693082690239e-01, 3.962386690546e-04, 3.9543e+00, 1.0167e-01, 
 2DIAGNOSTIC,    14, -7.692801952362e-01, 2.107467153110e-04, 4.0458e+00, 9.1474e-02, 
 2DIAGNOSTIC,    15, -7.692376375198e-01, 7.571734022349e-05, 4.1269e+00, 8.1143e-02, 
 2DIAGNOSTIC,    16, -7.692124247551e-01, 4.302827437641e-05, 4.2072e+00, 8.0278e-02, 
 2DIAGNOSTIC,    17, -7.692034244537e-01, 2.038332422671e-05, 4.3471e+00, 1.3986e-01, 
DIAGNOSTIC,Iteration,metricValue,convergenceValue,ITERATION_TIME_INDEX,SINCE_LAST
 2DIAGNOSTIC,     1, -6.540294885635e-01, inf, 6.2945e+00, 1.9475e+00, 
 2DIAGNOSTIC,     2, -6.543796658516e-01, inf, 6.9762e+00, 6.8164e-01, 
 2DIAGNOSTIC,     3, -6.545369625092e-01, inf, 7.6320e+00, 6.5577e-01, 
 2DIAGNOSTIC,     4, -6.546865701675e-01, inf, 8.2875e+00, 6.5552e-01, 
 2DIAGNOSTIC,     5, -6.548237800598e-01, inf, 8.9428e+00, 6.5533e-01, 
 2DIAGNOSTIC,     6, -6.550063490868e-01, inf, 1.0016e+01, 1.0736e+00, 
 2DIAGNOSTIC,     7, -6.550383567810e-01, inf, 1.0775e+01, 7.5878e-01, 
 2DIAGNOSTIC,     8, -6.550451517105e-01, inf, 1.1447e+01, 6.7220e-01, 
 2DIAGNOSTIC,     9, -6.550558805466e-01, inf, 1.2101e+01, 6.5312e-01, 
 2DIAGNOSTIC,    10, -6.550616621971e-01, 9.755208157003e-05, 1.2753e+01, 6.5263e-01, 
 2DIAGNOSTIC,    11, -6.550940871239e-01, 6.368724280037e-05, 1.3406e+01, 6.5302e-01, 
 2DIAGNOSTIC,    12, -6.551105976105e-01, 4.319371510064e-05, 1.4137e+01, 7.3108e-01, 
 2DIAGNOSTIC,    13, -6.551159024239e-01, 2.762502663245e-05, 1.4982e+01, 8.4520e-01, 
 2DIAGNOSTIC,    14, -6.551344990730e-01, 1.718202656775e-05, 1.5712e+01, 7.2913e-01, 
 2DIAGNOSTIC,    15, -6.551316976547e-01, 1.050926221069e-05, 1.6366e+01, 6.5402e-01, 
 2DIAGNOSTIC,    16, -6.551315188408e-01, 8.824347787595e-06, 1.7199e+01, 8.3346e-01, 
 2DIAGNOSTIC,    17, -6.551353335381e-01, 7.619908956258e-06, 1.8021e+01, 8.2213e-01, 
 2DIAGNOSTIC,    18, -6.551334857941e-01, 6.135494459159e-06, 1.8932e+01, 9.1103e-01, 
 2DIAGNOSTIC,    19, -6.551336050034e-01, 4.656514647650e-06, 1.9746e+01, 8.1387e-01, 
 2DIAGNOSTIC,    20, -6.551336050034e-01, 3.160176902384e-06, 2.0641e+01, 8.9446e-01, 
 2DIAGNOSTIC,    21, -6.551336646080e-01, 2.328651362404e-06, 2.1385e+01, 7.4444e-01, 
 2DIAGNOSTIC,    22, -6.551334261894e-01, 1.817147790462e-06, 2.2142e+01, 7.5664e-01, 
 2DIAGNOSTIC,    23, -6.551331877708e-01, 1.400716314492e-06, 2.2893e+01, 7.5159e-01, 
 2DIAGNOSTIC,    24, -6.551332473755e-01, 1.357396286039e-06, 2.3635e+01, 7.4221e-01, 
