---------------------
Profiling information

Pipeline: ants registrationSyN-fp
NTHREAD: 1

DATASET: ds004513
SUBJECT_ID: s035

SIF_IMG: /mnt/lustre/mathdugre/containers/ants-debug.simg
DATA_DIR: /mnt/lustre/mathdugre/mri-bottleneck/datasets/ds004513

PROJECT_DIR: /mnt/lustre/mathdugre/mri-bottleneck
PROFILING_DIR: /mnt/lustre/mathdugre/mri-bottleneck/vtune_output/1-threads/ants/registrationSyN-fp/ds004513/sub-s035/on54ajQLdouHw0UsBuUzQSmcmeOhahDv
---------------------

Command to profile: bash tmp-scripts/on54ajQLdouHw0UsBuUzQSmcmeOhahDv.sh

--------------------------------------------------------------------------------------
 Mapping parameters
--------------------------------------------------------------------------------------
 ANTSPATH is /opt/ants/bin

 Dimensionality:           3
 Output name prefix:       /data/derivatives/ants/registrationSyN-fp/sub-s035/ses-open/anat/
 Fixed images:             /templateflow/tpl-MNI152NLin2009cAsym//tpl-MNI152NLin2009cAsym_res-01_desc-brain_T1w.nii.gz
 Moving images:            /data/derivatives/fsl/fast/sub-s035/ses-open/anat/BrainExtractionBrain_seg.nii.gz
 Mask images:              
 Initial transforms:       
 Number of threads:        1
 Spline distance:          26
 SyN gradient step:        0.1
 Transform type:           s
 CC radius:                4
 Precision:                f
 Use histogram matching    0
 Repro                     0
======================================================================================
 antsRegistration call:
--------------------------------------------------------------------------------------
/opt/ants/bin/antsRegistration --verbose 1 --dimensionality 3 --float 1 --collapse-output-transforms 1 --output [ /data/derivatives/ants/registrationSyN-fp/sub-s035/ses-open/anat/,/data/derivatives/ants/registrationSyN-fp/sub-s035/ses-open/anat/Warped.nii.gz,/data/derivatives/ants/registrationSyN-fp/sub-s035/ses-open/anat/InverseWarped.nii.gz ] --interpolation Linear --use-histogram-matching 0 --winsorize-image-intensities [ 0.005,0.995 ] --initial-moving-transform [ /templateflow/tpl-MNI152NLin2009cAsym//tpl-MNI152NLin2009cAsym_res-01_desc-brain_T1w.nii.gz,/data/derivatives/fsl/fast/sub-s035/ses-open/anat/BrainExtractionBrain_seg.nii.gz,1 ] --transform Rigid[ 0.1 ] --metric MI[ /templateflow/tpl-MNI152NLin2009cAsym//tpl-MNI152NLin2009cAsym_res-01_desc-brain_T1w.nii.gz,/data/derivatives/fsl/fast/sub-s035/ses-open/anat/BrainExtractionBrain_seg.nii.gz,1,32,Regular,0.25 ] --convergence [ 1000x500x250x100,1e-6,10 ] --shrink-factors 8x4x2x1 --smoothing-sigmas 3x2x1x0vox --transform Affine[ 0.1 ] --metric MI[ /templateflow/tpl-MNI152NLin2009cAsym//tpl-MNI152NLin2009cAsym_res-01_desc-brain_T1w.nii.gz,/data/derivatives/fsl/fast/sub-s035/ses-open/anat/BrainExtractionBrain_seg.nii.gz,1,32,Regular,0.25 ] --convergence [ 1000x500x250x100,1e-6,10 ] --shrink-factors 8x4x2x1 --smoothing-sigmas 3x2x1x0vox --transform SyN[ 0.1,3,0 ] --metric CC[ /templateflow/tpl-MNI152NLin2009cAsym//tpl-MNI152NLin2009cAsym_res-01_desc-brain_T1w.nii.gz,/data/derivatives/fsl/fast/sub-s035/ses-open/anat/BrainExtractionBrain_seg.nii.gz,1,4 ] --convergence [ 100x70x50x20,1e-6,10 ] --shrink-factors 8x4x2x1 --smoothing-sigmas 3x2x1x0vox
--------------------------------------------------------------------------------------
All_Command_lines_OK
Using single precision for computations.
=============================================================================
The composite transform comprises the following transforms (in order): 
  1. Center of mass alignment using fixed image: /templateflow/tpl-MNI152NLin2009cAsym//tpl-MNI152NLin2009cAsym_res-01_desc-brain_T1w.nii.gz and moving image: /data/derivatives/fsl/fast/sub-s035/ses-open/anat/BrainExtractionBrain_seg.nii.gz (type = Euler3DTransform)
=============================================================================
  number of levels = 4
  number of levels = 4
  number of levels = 4
  fixed image: /templateflow/tpl-MNI152NLin2009cAsym//tpl-MNI152NLin2009cAsym_res-01_desc-brain_T1w.nii.gz
  moving image: /data/derivatives/fsl/fast/sub-s035/ses-open/anat/BrainExtractionBrain_seg.nii.gz
  fixed image: /templateflow/tpl-MNI152NLin2009cAsym//tpl-MNI152NLin2009cAsym_res-01_desc-brain_T1w.nii.gz
  moving image: /data/derivatives/fsl/fast/sub-s035/ses-open/anat/BrainExtractionBrain_seg.nii.gz
  fixed image: /templateflow/tpl-MNI152NLin2009cAsym//tpl-MNI152NLin2009cAsym_res-01_desc-brain_T1w.nii.gz
  moving image: /data/derivatives/fsl/fast/sub-s035/ses-open/anat/BrainExtractionBrain_seg.nii.gz
Dimension = 3
Number of stages = 3
Use histogram matching = false
Winsorize image intensities = true
  Lower quantile = 0.005
  Upper quantile = 0.995


Stage 1 State
   Image metric = Mattes
     Fixed image = Image (0x55b2095d88b0)
  RTTI typeinfo:   itk::Image<float, 3u>
  Reference Count: 2
  Modified Time: 1717
  Debug: Off
  Object Name: 
  Observers: 
    none
  Source: (none)
  Source output name: (none)
  Release Data: Off
  Data Released: False
  Global Release Data: Off
  PipelineMTime: 0
  UpdateMTime: 1502
  RealTimeStamp: 0 seconds 
  LargestPossibleRegion: 
    Dimension: 3
    Index: [0, 0, 0]
    Size: [193, 229, 193]
  BufferedRegion: 
    Dimension: 3
    Index: [0, 0, 0]
    Size: [193, 229, 193]
  RequestedRegion: 
    Dimension: 3
    Index: [0, 0, 0]
    Size: [193, 229, 193]
  Spacing: [1, 1, 1]
  Origin: [96, 132, -78]
  Direction: 
-1 0 0
0 -1 0
0 0 1

  IndexToPointMatrix: 
-1 0 0
0 -1 0
0 0 1

  PointToIndexMatrix: 
-1 0 0
0 -1 0
0 0 1

  Inverse Direction: 
-1 0 0
0 -1 0
0 0 1

  PixelContainer: 
    ImportImageContainer (0x55b2095e1330)
      RTTI typeinfo:   itk::ImportImageContainer<unsigned long, float>
      Reference Count: 1
      Modified Time: 1499
      Debug: Off
      Object Name: 
      Observers: 
        none
      Pointer: 0x7fd040605010
      Container manages memory: true
      Size: 8530021
      Capacity: 8530021

     Moving image = Image (0x55b2095e2220)
  RTTI typeinfo:   itk::Image<float, 3u>
  Reference Count: 2
  Modified Time: 1718
  Debug: Off
  Object Name: 
  Observers: 
    none
  Source: (none)
  Source output name: (none)
  Release Data: Off
  Data Released: False
  Global Release Data: Off
  PipelineMTime: 0
  UpdateMTime: 1715
  RealTimeStamp: 0 seconds 
  LargestPossibleRegion: 
    Dimension: 3
    Index: [0, 0, 0]
    Size: [160, 240, 256]
  BufferedRegion: 
    Dimension: 3
    Index: [0, 0, 0]
    Size: [160, 240, 256]
  RequestedRegion: 
    Dimension: 3
    Index: [0, 0, 0]
    Size: [160, 240, 256]
  Spacing: [1, 1, 1]
  Origin: [98.6438, 87.6358, -117.989]
  Direction: 
-0.993515 -0.100993 -0.0522355
0.100854 -0.994887 0.00530255
-0.0525039 1.93537e-08 0.998621

  IndexToPointMatrix: 
-0.993515 -0.100993 -0.0522355
0.100854 -0.994887 0.00530255
-0.0525039 1.93537e-08 0.998621

  PointToIndexMatrix: 
-0.993515 0.100854 -0.0525039
-0.100993 -0.994887 1.93006e-08
-0.0522355 0.00530255 0.998621

  Inverse Direction: 
-0.993515 0.100854 -0.0525039
-0.100993 -0.994887 1.93006e-08
-0.0522355 0.00530255 0.998621

  PixelContainer: 
    ImportImageContainer (0x55b2096a3fd0)
      RTTI typeinfo:   itk::ImportImageContainer<unsigned long, float>
      Reference Count: 1
      Modified Time: 1712
      Debug: Off
      Object Name: 
      Observers: 
        none
      Pointer: 0x7fd03e084010
      Container manages memory: true
      Size: 9830400
      Capacity: 9830400

     Weighting = 1
     Sampling strategy = regular
     Number of bins = 32
     Radius = 4
     Sampling percentage  = 0.25
   Transform = Rigid
     Gradient step = 0.1
     Update field sigma (voxel space) = 0
     Total field sigma (voxel space) = 0
     Update field time sigma = 0
     Total field time sigma  = 0
     Number of time indices = 0
     Number of time point samples = 0
Stage 2 State
   Image metric = Mattes
     Fixed image = Image (0x55b20962bba0)
  RTTI typeinfo:   itk::Image<float, 3u>
  Reference Count: 2
  Modified Time: 2145
  Debug: Off
  Object Name: 
  Observers: 
    none
  Source: (none)
  Source output name: (none)
  Release Data: Off
  Data Released: False
  Global Release Data: Off
  PipelineMTime: 0
  UpdateMTime: 1930
  RealTimeStamp: 0 seconds 
  LargestPossibleRegion: 
    Dimension: 3
    Index: [0, 0, 0]
    Size: [193, 229, 193]
  BufferedRegion: 
    Dimension: 3
    Index: [0, 0, 0]
    Size: [193, 229, 193]
  RequestedRegion: 
    Dimension: 3
    Index: [0, 0, 0]
    Size: [193, 229, 193]
  Spacing: [1, 1, 1]
  Origin: [96, 132, -78]
  Direction: 
-1 0 0
0 -1 0
0 0 1

  IndexToPointMatrix: 
-1 0 0
0 -1 0
0 0 1

  PointToIndexMatrix: 
-1 0 0
0 -1 0
0 0 1

  Inverse Direction: 
-1 0 0
0 -1 0
0 0 1

  PixelContainer: 
    ImportImageContainer (0x55b20962cd40)
      RTTI typeinfo:   itk::ImportImageContainer<unsigned long, float>
      Reference Count: 1
      Modified Time: 1927
      Debug: Off
      Object Name: 
      Observers: 
        none
      Pointer: 0x7fd03bff9010
      Container manages memory: true
      Size: 8530021
      Capacity: 8530021

     Moving image = Image (0x55b20963a490)
  RTTI typeinfo:   itk::Image<float, 3u>
  Reference Count: 2
  Modified Time: 2146
  Debug: Off
  Object Name: 
  Observers: 
    none
  Source: (none)
  Source output name: (none)
  Release Data: Off
  Data Released: False
  Global Release Data: Off
  PipelineMTime: 0
  UpdateMTime: 2143
  RealTimeStamp: 0 seconds 
  LargestPossibleRegion: 
    Dimension: 3
    Index: [0, 0, 0]
    Size: [160, 240, 256]
  BufferedRegion: 
    Dimension: 3
    Index: [0, 0, 0]
    Size: [160, 240, 256]
  RequestedRegion: 
    Dimension: 3
    Index: [0, 0, 0]
    Size: [160, 240, 256]
  Spacing: [1, 1, 1]
  Origin: [98.6438, 87.6358, -117.989]
  Direction: 
-0.993515 -0.100993 -0.0522355
0.100854 -0.994887 0.00530255
-0.0525039 1.93537e-08 0.998621

  IndexToPointMatrix: 
-0.993515 -0.100993 -0.0522355
0.100854 -0.994887 0.00530255
-0.0525039 1.93537e-08 0.998621

  PointToIndexMatrix: 
-0.993515 0.100854 -0.0525039
-0.100993 -0.994887 1.93006e-08
-0.0522355 0.00530255 0.998621

  Inverse Direction: 
-0.993515 0.100854 -0.0525039
-0.100993 -0.994887 1.93006e-08
-0.0522355 0.00530255 0.998621

  PixelContainer: 
    ImportImageContainer (0x55b209764150)
      RTTI typeinfo:   itk::ImportImageContainer<unsigned long, float>
      Reference Count: 1
      Modified Time: 2140
      Debug: Off
      Object Name: 
      Observers: 
        none
      Pointer: 0x7fd039a78010
      Container manages memory: true
      Size: 9830400
      Capacity: 9830400

     Weighting = 1
     Sampling strategy = regular
     Number of bins = 32
     Radius = 4
     Sampling percentage  = 0.25
   Transform = Affine
     Gradient step = 0.1
     Update field sigma (voxel space) = 0
     Total field sigma (voxel space) = 0
     Update field time sigma = 0
     Total field time sigma  = 0
     Number of time indices = 0
     Number of time point samples = 0
Stage 3 State
   Image metric = CC
     Fixed image = Image (0x55b20962a8d0)
  RTTI typeinfo:   itk::Image<float, 3u>
  Reference Count: 2
  Modified Time: 2573
  Debug: Off
  Object Name: 
  Observers: 
    none
  Source: (none)
  Source output name: (none)
  Release Data: Off
  Data Released: False
  Global Release Data: Off
  PipelineMTime: 0
  UpdateMTime: 2358
  RealTimeStamp: 0 seconds 
  LargestPossibleRegion: 
    Dimension: 3
    Index: [0, 0, 0]
    Size: [193, 229, 193]
  BufferedRegion: 
    Dimension: 3
    Index: [0, 0, 0]
    Size: [193, 229, 193]
  RequestedRegion: 
    Dimension: 3
    Index: [0, 0, 0]
    Size: [193, 229, 193]
  Spacing: [1, 1, 1]
  Origin: [96, 132, -78]
  Direction: 
-1 0 0
0 -1 0
0 0 1

  IndexToPointMatrix: 
-1 0 0
0 -1 0
0 0 1

  PointToIndexMatrix: 
-1 0 0
0 -1 0
0 0 1

  Inverse Direction: 
-1 0 0
0 -1 0
0 0 1

  PixelContainer: 
    ImportImageContainer (0x55b20963d400)
      RTTI typeinfo:   itk::ImportImageContainer<unsigned long, float>
      Reference Count: 1
      Modified Time: 2355
      Debug: Off
      Object Name: 
      Observers: 
        none
      Pointer: 0x7fd0379ed010
      Container manages memory: true
      Size: 8530021
      Capacity: 8530021

     Moving image = Image (0x55b20963ca00)
  RTTI typeinfo:   itk::Image<float, 3u>
  Reference Count: 2
  Modified Time: 2574
  Debug: Off
  Object Name: 
  Observers: 
    none
  Source: (none)
  Source output name: (none)
  Release Data: Off
  Data Released: False
  Global Release Data: Off
  PipelineMTime: 0
  UpdateMTime: 2571
  RealTimeStamp: 0 seconds 
  LargestPossibleRegion: 
    Dimension: 3
    Index: [0, 0, 0]
    Size: [160, 240, 256]
  BufferedRegion: 
    Dimension: 3
    Index: [0, 0, 0]
    Size: [160, 240, 256]
  RequestedRegion: 
    Dimension: 3
    Index: [0, 0, 0]
    Size: [160, 240, 256]
  Spacing: [1, 1, 1]
  Origin: [98.6438, 87.6358, -117.989]
  Direction: 
-0.993515 -0.100993 -0.0522355
0.100854 -0.994887 0.00530255
-0.0525039 1.93537e-08 0.998621

  IndexToPointMatrix: 
-0.993515 -0.100993 -0.0522355
0.100854 -0.994887 0.00530255
-0.0525039 1.93537e-08 0.998621

  PointToIndexMatrix: 
-0.993515 0.100854 -0.0525039
-0.100993 -0.994887 1.93006e-08
-0.0522355 0.00530255 0.998621

  Inverse Direction: 
-0.993515 0.100854 -0.0525039
-0.100993 -0.994887 1.93006e-08
-0.0522355 0.00530255 0.998621

  PixelContainer: 
    ImportImageContainer (0x55b2097440d0)
      RTTI typeinfo:   itk::ImportImageContainer<unsigned long, float>
      Reference Count: 1
      Modified Time: 2568
      Debug: Off
      Object Name: 
      Observers: 
        none
      Pointer: 0x7fd03546c010
      Container manages memory: true
      Size: 9830400
      Capacity: 9830400

     Weighting = 1
     Sampling strategy = none
     Number of bins = 32
     Radius = 4
     Sampling percentage  = 1
   Transform = SyN
     Gradient step = 0.1
     Update field sigma (voxel space) = 3
     Total field sigma (voxel space) = 0
     Update field time sigma = 0
     Total field time sigma  = 0
     Number of time indices = 0
     Number of time point samples = 0
Registration using 3 total stages.

Stage 0
  iterations = 1000x500x250x100
  convergence threshold = 1e-06
  convergence window size = 10
  number of levels = 4
  using the Mattes MI metric (number of bins = 32, weight = 1, use gradient filter = 0)
  preprocessing:  winsorizing the image intensities
  Shrink factors (level 1 out of 4): [8, 8, 8]
  Shrink factors (level 2 out of 4): [4, 4, 4]
  Shrink factors (level 3 out of 4): [2, 2, 2]
  Shrink factors (level 4 out of 4): [1, 1, 1]
  smoothing sigmas per level: [3, 2, 1, 0]
  regular sampling (percentage = 0.25)

*** Running Euler3DTransform registration ***

DIAGNOSTIC,Iteration,metricValue,convergenceValue,ITERATION_TIME_INDEX,SINCE_LAST
 2DIAGNOSTIC,     1, -5.525842308998e-01, inf, 1.5159e+00, 1.5159e+00, 
 2DIAGNOSTIC,     2, -5.543589591980e-01, inf, 1.5241e+00, 8.2281e-03, 
 2DIAGNOSTIC,     3, -5.573183894157e-01, inf, 1.5322e+00, 8.1031e-03, 
 2DIAGNOSTIC,     4, -5.612964034081e-01, inf, 1.5403e+00, 8.0709e-03, 
 2DIAGNOSTIC,     5, -5.672440528870e-01, inf, 1.5486e+00, 8.2970e-03, 
 2DIAGNOSTIC,     6, -5.706788897514e-01, inf, 1.5569e+00, 8.3580e-03, 
 2DIAGNOSTIC,     7, -5.737105011940e-01, inf, 1.5654e+00, 8.4400e-03, 
 2DIAGNOSTIC,     8, -5.769093632698e-01, inf, 1.5745e+00, 9.0961e-03, 
 2DIAGNOSTIC,     9, -5.895732045174e-01, inf, 1.5952e+00, 2.0722e-02, 
 2DIAGNOSTIC,    10, -5.886129140854e-01, 4.342465195805e-03, 1.6314e+00, 3.6182e-02, 
 2DIAGNOSTIC,    11, -6.210979223251e-01, 5.357447545975e-03, 1.6413e+00, 9.9530e-03, 
 2DIAGNOSTIC,    12, -6.254456639290e-01, 5.930239800364e-03, 1.6554e+00, 1.4050e-02, 
 2DIAGNOSTIC,    13, -6.304376125336e-01, 6.176832597703e-03, 1.6642e+00, 8.8019e-03, 
 2DIAGNOSTIC,    14, -6.315442919731e-01, 6.008197553456e-03, 1.6730e+00, 8.8410e-03, 
 2DIAGNOSTIC,    15, -6.326413750648e-01, 5.542157217860e-03, 1.6807e+00, 7.7181e-03, 
 2DIAGNOSTIC,    16, -6.336813569069e-01, 4.756388254464e-03, 1.6885e+00, 7.7610e-03, 
 2DIAGNOSTIC,    17, -6.343650221825e-01, 3.732917364687e-03, 1.6975e+00, 9.0101e-03, 
 2DIAGNOSTIC,    18, -6.368647813797e-01, 2.638882957399e-03, 1.7102e+00, 1.2737e-02, 
 2DIAGNOSTIC,    19, -6.383014917374e-01, 1.785981468856e-03, 1.7180e+00, 7.7929e-03, 
 2DIAGNOSTIC,    20, -6.404488682747e-01, 8.668765658513e-04, 1.7259e+00, 7.8831e-03, 
 2DIAGNOSTIC,    21, -6.435734033585e-01, 7.581521640532e-04, 1.7349e+00, 9.0020e-03, 
 2DIAGNOSTIC,    22, -6.445636749268e-01, 6.997262244113e-04, 1.7459e+00, 1.0977e-02, 
 2DIAGNOSTIC,    23, -6.453542113304e-01, 6.991819245741e-04, 1.7535e+00, 7.6091e-03, 
 2DIAGNOSTIC,    24, -6.456527709961e-01, 6.606251117773e-04, 1.7611e+00, 7.6470e-03, 
 2DIAGNOSTIC,    25, -6.462259888649e-01, 5.943888099864e-04, 1.7691e+00, 7.9851e-03, 
 2DIAGNOSTIC,    26, -6.508778929710e-01, 5.789877031930e-04, 1.7786e+00, 9.4891e-03, 
 2DIAGNOSTIC,    27, -6.552963256836e-01, 5.950451013632e-04, 1.7886e+00, 9.9990e-03, 
 2DIAGNOSTIC,    28, -6.565156579018e-01, 6.146858795546e-04, 1.7974e+00, 8.8170e-03, 
 2DIAGNOSTIC,    29, -6.569775342941e-01, 6.064879125915e-04, 1.8064e+00, 8.9350e-03, 
 2DIAGNOSTIC,    30, -6.576113104820e-01, 5.841231904924e-04, 1.8150e+00, 8.6112e-03, 
 2DIAGNOSTIC,    31, -6.580973863602e-01, 5.601766752079e-04, 1.8238e+00, 8.7919e-03, 
 2DIAGNOSTIC,    32, -6.586285829544e-01, 5.052267224528e-04, 1.8325e+00, 8.6939e-03, 
 2DIAGNOSTIC,    33, -6.588513255119e-01, 4.206277371850e-04, 1.8401e+00, 7.6699e-03, 
 2DIAGNOSTIC,    34, -6.593742966652e-01, 3.139717737213e-04, 1.8503e+00, 1.0166e-02, 
 2DIAGNOSTIC,    35, -6.597086191177e-01, 1.948777498910e-04, 1.8592e+00, 8.9219e-03, 
 2DIAGNOSTIC,    36, -6.598134636879e-01, 1.230423076777e-04, 1.8668e+00, 7.6199e-03, 
 2DIAGNOSTIC,    37, -6.598552465439e-01, 9.823666187003e-05, 1.8744e+00, 7.5080e-03, 
 2DIAGNOSTIC,    38, -6.599053144455e-01, 8.071427873801e-05, 1.8851e+00, 1.0743e-02, 
 2DIAGNOSTIC,    39, -6.599147319794e-01, 6.185677193571e-05, 1.8927e+00, 7.6041e-03, 
 2DIAGNOSTIC,    40, -6.599247455597e-01, 4.534297841019e-05, 1.9004e+00, 7.7169e-03, 
 2DIAGNOSTIC,    41, -6.599434018135e-01, 3.092622500844e-05, 1.9079e+00, 7.4809e-03, 
 2DIAGNOSTIC,    42, -6.598601341248e-01, 1.921473449329e-05, 1.9162e+00, 8.2772e-03, 
 2DIAGNOSTIC,    43, -6.597926616669e-01, 7.865663064877e-06, 1.9248e+00, 8.6420e-03, 
 2DIAGNOSTIC,    44, -6.599308252335e-01, 3.079850330323e-06, 1.9377e+00, 1.2863e-02, 
 2DIAGNOSTIC,    45, -6.599446535110e-01, 1.695963646853e-06, 1.9455e+00, 7.7801e-03, 
DIAGNOSTIC,Iteration,metricValue,convergenceValue,ITERATION_TIME_INDEX,SINCE_LAST
 2DIAGNOSTIC,     1, -5.498941540718e-01, inf, 3.2361e+00, 1.2907e+00, 
 2DIAGNOSTIC,     2, -5.509381294250e-01, inf, 3.3073e+00, 7.1232e-02, 
 2DIAGNOSTIC,     3, -5.524574518204e-01, inf, 3.3783e+00, 7.0942e-02, 
 2DIAGNOSTIC,     4, -5.544441342354e-01, inf, 3.4494e+00, 7.1153e-02, 
 2DIAGNOSTIC,     5, -5.572432875633e-01, inf, 3.5220e+00, 7.2540e-02, 
 2DIAGNOSTIC,     6, -5.606110095978e-01, inf, 3.5947e+00, 7.2723e-02, 
 2DIAGNOSTIC,     7, -5.625734925270e-01, inf, 3.6763e+00, 8.1622e-02, 
 2DIAGNOSTIC,     8, -5.630382299423e-01, inf, 3.7497e+00, 7.3362e-02, 
 2DIAGNOSTIC,     9, -5.656000375748e-01, inf, 3.8351e+00, 8.5411e-02, 
 2DIAGNOSTIC,    10, -5.733452439308e-01, 2.445582766086e-03, 3.9205e+00, 8.5367e-02, 
 2DIAGNOSTIC,    11, -5.790880322456e-01, 2.640765858814e-03, 4.0667e+00, 1.4625e-01, 
 2DIAGNOSTIC,    12, -5.797295570374e-01, 2.635174430907e-03, 4.1376e+00, 7.0832e-02, 
 2DIAGNOSTIC,    13, -5.808998942375e-01, 2.504377625883e-03, 4.2081e+00, 7.0515e-02, 
 2DIAGNOSTIC,    14, -5.820860862732e-01, 2.279187552631e-03, 4.2781e+00, 7.0042e-02, 
 2DIAGNOSTIC,    15, -5.831456184387e-01, 1.998357009143e-03, 4.3492e+00, 7.1141e-02, 
 2DIAGNOSTIC,    16, -5.841477513313e-01, 1.703305286355e-03, 4.4302e+00, 8.0929e-02, 
 2DIAGNOSTIC,    17, -5.844706892967e-01, 1.357996021397e-03, 4.5413e+00, 1.1108e-01, 
 2DIAGNOSTIC,    18, -5.845259428024e-01, 9.443792514503e-04, 4.6117e+00, 7.0469e-02, 
 2DIAGNOSTIC,    19, -5.846142768860e-01, 5.537091637962e-04, 4.6901e+00, 7.8331e-02, 
 2DIAGNOSTIC,    20, -5.846002697945e-01, 3.402705187909e-04, 4.7898e+00, 9.9709e-02, 
 2DIAGNOSTIC,    21, -5.845867991447e-01, 2.516742097214e-04, 4.8870e+00, 9.7238e-02, 
 2DIAGNOSTIC,    22, -5.845788121223e-01, 1.620634575374e-04, 4.9845e+00, 9.7469e-02, 
 2DIAGNOSTIC,    23, -5.845595598221e-01, 9.007228800328e-05, 5.0627e+00, 7.8259e-02, 
 2DIAGNOSTIC,    24, -5.845602154732e-01, 4.011919372715e-05, 5.1403e+00, 7.7614e-02, 
 2DIAGNOSTIC,    25, -5.845600962639e-01, 1.111463188863e-05, 5.2190e+00, 7.8660e-02, 
 2DIAGNOSTIC,    26, -5.845510363579e-01, 2.234129624412e-06, 5.3088e+00, 8.9746e-02, 
DIAGNOSTIC,Iteration,metricValue,convergenceValue,ITERATION_TIME_INDEX,SINCE_LAST
 2DIAGNOSTIC,     1, -5.152822732925e-01, inf, 7.1449e+00, 1.8361e+00, 
 2DIAGNOSTIC,     2, -5.156028270721e-01, inf, 7.6895e+00, 5.4464e-01, 
 2DIAGNOSTIC,     3, -5.159530639648e-01, inf, 8.2322e+00, 5.4272e-01, 
 2DIAGNOSTIC,     4, -5.162733793259e-01, inf, 8.7646e+00, 5.3234e-01, 
 2DIAGNOSTIC,     5, -5.165605545044e-01, inf, 9.3674e+00, 6.0283e-01, 
 2DIAGNOSTIC,     6, -5.166358947754e-01, inf, 1.0189e+01, 8.2148e-01, 
 2DIAGNOSTIC,     7, -5.166338086128e-01, inf, 1.1015e+01, 8.2589e-01, 
 2DIAGNOSTIC,     8, -5.166364908218e-01, inf, 1.1607e+01, 5.9219e-01, 
 2DIAGNOSTIC,     9, -5.166359543800e-01, inf, 1.2418e+01, 8.1142e-01, 
 2DIAGNOSTIC,    10, -5.166356563568e-01, 1.637313253013e-04, 1.3014e+01, 5.9582e-01, 
 2DIAGNOSTIC,    11, -5.166334509850e-01, 9.880343714030e-05, 1.3608e+01, 5.9341e-01, 
 2DIAGNOSTIC,    12, -5.166332721710e-01, 5.072079875390e-05, 1.4204e+01, 5.9639e-01, 
 2DIAGNOSTIC,    13, -5.166330933571e-01, 2.032751581282e-05, 1.4799e+01, 5.9458e-01, 
 2DIAGNOSTIC,    14, -5.166329145432e-01, 4.949225512973e-06, 1.5422e+01, 6.2310e-01, 
 2DIAGNOSTIC,    15, -5.166333317757e-01, 1.852070909081e-06, 1.6032e+01, 6.1000e-01, 
 2DIAGNOSTIC,    16, -5.166335105896e-01, 1.768198103491e-06, 1.6626e+01, 5.9458e-01, 
 2DIAGNOSTIC,    17, -5.166327357292e-01, 1.619334966563e-06, 1.7292e+01, 6.6607e-01, 
 2DIAGNOSTIC,    18, -5.166326761246e-01, 1.590879378455e-06, 1.7890e+01, 5.9752e-01, 
 2DIAGNOSTIC,    19, -5.166324973106e-01, 1.560423129376e-06, 1.8483e+01, 5.9354e-01, 
 2DIAGNOSTIC,    20, -5.166329741478e-01, 1.549741796225e-06, 1.9244e+01, 7.6041e-01, 
 2DIAGNOSTIC,    21, -5.166327953339e-01, 1.480966602685e-06, 1.9849e+01, 6.0559e-01, 
 2DIAGNOSTIC,    22, -5.166329741478e-01, 1.422404466211e-06, 2.0464e+01, 6.1482e-01, 
 2DIAGNOSTIC,    23, -5.166331529617e-01, 1.371611119794e-06, 2.1087e+01, 6.2302e-01, 
 2DIAGNOSTIC,    24, -5.166325569153e-01, 1.307779257331e-06, 2.1684e+01, 5.9675e-01, 
 2DIAGNOSTIC,    25, -5.166331529617e-01, 1.273047928407e-06, 2.2278e+01, 5.9357e-01, 
 2DIAGNOSTIC,    26, -5.166333913803e-01, 1.249744059351e-06, 2.3089e+01, 8.1161e-01, 
 2DIAGNOSTIC,    27, -5.166333913803e-01, 1.209826450577e-06, 2.3757e+01, 6.6778e-01, 
 2DIAGNOSTIC,    28, -5.166332721710e-01, 1.166662059404e-06, 2.4423e+01, 6.6650e-01, 
 2DIAGNOSTIC,    29, -5.166332125664e-01, 1.119116632253e-06, 2.5019e+01, 5.9595e-01, 
 2DIAGNOSTIC,    30, -5.166330337524e-01, 1.078163222701e-06, 2.5615e+01, 5.9554e-01, 
 2DIAGNOSTIC,    31, -5.166330933571e-01, 1.035778154801e-06, 2.6208e+01, 5.9308e-01, 
DIAGNOSTIC,Iteration,metricValue,convergenceValue,ITERATION_TIME_INDEX,SINCE_LAST
 2DIAGNOSTIC,     1, -4.773812890053e-01, inf, 3.0428e+01, 4.2201e+00, 
 2DIAGNOSTIC,     2, -4.775567650795e-01, inf, 3.4229e+01, 3.8012e+00, 
 2DIAGNOSTIC,     3, -4.775779843330e-01, inf, 3.9429e+01, 5.2001e+00, 
 2DIAGNOSTIC,     4, -4.775762856007e-01, inf, 4.3696e+01, 4.2667e+00, 
 2DIAGNOSTIC,     5, -4.775758087635e-01, inf, 4.8429e+01, 4.7329e+00, 
 2DIAGNOSTIC,     6, -4.775756895542e-01, inf, 5.4566e+01, 6.1367e+00, 
 2DIAGNOSTIC,     7, -4.775757789612e-01, inf, 5.8366e+01, 3.8005e+00, 
 2DIAGNOSTIC,     8, -4.775755405426e-01, inf, 6.2163e+01, 3.7964e+00, 
 2DIAGNOSTIC,     9, -4.775754213333e-01, inf, 6.6426e+01, 4.2636e+00, 
 2DIAGNOSTIC,    10, -4.775756299496e-01, 1.559955308039e-05, 7.1627e+01, 5.2005e+00, 
 2DIAGNOSTIC,    11, -4.775755405426e-01, 3.757660124393e-06, 7.5422e+01, 3.7954e+00, 
 2DIAGNOSTIC,    12, -4.775756001472e-01, 2.486014182068e-06, 7.9683e+01, 4.2608e+00, 
 2DIAGNOSTIC,    13, -4.775756001472e-01, 2.398401420578e-06, 8.3948e+01, 4.2650e+00, 
 2DIAGNOSTIC,    14, -4.775756597519e-01, 2.258681888634e-06, 8.7744e+01, 3.7956e+00, 
 2DIAGNOSTIC,    15, -4.775754809380e-01, 2.112700940415e-06, 9.1537e+01, 3.7936e+00, 
 2DIAGNOSTIC,    16, -4.775755405426e-01, 1.983447418752e-06, 9.5330e+01, 3.7930e+00, 
 2DIAGNOSTIC,    17, -4.775756001472e-01, 1.875235966509e-06, 9.9127e+01, 3.7973e+00, 
 2DIAGNOSTIC,    18, -4.775756597519e-01, 1.772769337549e-06, 1.0292e+02, 3.7939e+00, 
 2DIAGNOSTIC,    19, -4.775756895542e-01, 1.677576506154e-06, 1.0672e+02, 3.7964e+00, 
 2DIAGNOSTIC,    20, -4.775756001472e-01, 1.595339881533e-06, 1.1051e+02, 3.7938e+00, 
 2DIAGNOSTIC,    21, -4.775755703449e-01, 1.517182681710e-06, 1.1431e+02, 3.7939e+00, 
 2DIAGNOSTIC,    22, -4.775756001472e-01, 1.448234343115e-06, 1.1810e+02, 3.7944e+00, 
 2DIAGNOSTIC,    23, -4.775756001472e-01, 1.384887696076e-06, 1.2189e+02, 3.7945e+00, 
 2DIAGNOSTIC,    24, -4.775756001472e-01, 1.328283701696e-06, 1.2569e+02, 3.7944e+00, 
 2DIAGNOSTIC,    25, -4.775755107403e-01, 1.269602989851e-06, 1.2949e+02, 3.7978e+00, 
 2DIAGNOSTIC,    26, -4.775756001472e-01, 1.219175373990e-06, 1.3330e+02, 3.8175e+00, 
 2DIAGNOSTIC,    27, -4.775756001472e-01, 1.174051817543e-06, 1.3710e+02, 3.7969e+00, 
 2DIAGNOSTIC,    28, -4.775755405426e-01, 1.132477450483e-06, 1.4090e+02, 3.7952e+00, 
 2DIAGNOSTIC,    29, -4.775755703449e-01, 1.095461357181e-06, 1.4469e+02, 3.7963e+00, 
 2DIAGNOSTIC,    30, -4.775755405426e-01, 1.058701400325e-06, 1.4849e+02, 3.7970e+00, 
 2DIAGNOSTIC,    31, -4.775754809380e-01, 1.022718265631e-06, 1.5228e+02, 3.7950e+00, 
  Elapsed time (stage 0): 1.5431e+02


Stage 1
  iterations = 1000x500x250x100
  convergence threshold = 1.0000e-06
  convergence window size = 10
  number of levels = 4
  using the Mattes MI metric (number of bins = 32, weight = 1.0000e+00, use gradient filter = 0)
  preprocessing:  winsorizing the image intensities
  Shrink factors (level 1 out of 4): [8, 8, 8]
  Shrink factors (level 2 out of 4): [4, 4, 4]
  Shrink factors (level 3 out of 4): [2, 2, 2]
  Shrink factors (level 4 out of 4): [1, 1, 1]
  smoothing sigmas per level: [3, 2, 1, 0]
  regular sampling (percentage = 2.5000e-01)

*** Running AffineTransform registration ***

DIAGNOSTIC,Iteration,metricValue,convergenceValue,ITERATION_TIME_INDEX,SINCE_LAST
 2DIAGNOSTIC,     1, -6.870233416557e-01, inf, 1.1720e+00, 1.1720e+00, 
 2DIAGNOSTIC,     2, -6.895892620087e-01, inf, 1.1811e+00, 9.0971e-03, 
 2DIAGNOSTIC,     3, -6.933161020279e-01, inf, 1.1896e+00, 8.5771e-03, 
 2DIAGNOSTIC,     4, -6.990185379982e-01, inf, 1.1983e+00, 8.6679e-03, 
 2DIAGNOSTIC,     5, -7.076587080956e-01, inf, 1.2069e+00, 8.5649e-03, 
 2DIAGNOSTIC,     6, -7.230804562569e-01, inf, 1.2156e+00, 8.7349e-03, 
 2DIAGNOSTIC,     7, -7.386888861656e-01, inf, 1.2243e+00, 8.7330e-03, 
 2DIAGNOSTIC,     8, -7.635244727135e-01, inf, 1.2344e+00, 1.0029e-02, 
 2DIAGNOSTIC,     9, -7.688106894493e-01, inf, 1.2499e+00, 1.5568e-02, 
 2DIAGNOSTIC,    10, -7.688970565796e-01, 8.696648292243e-03, 1.2588e+00, 8.8859e-03, 
 2DIAGNOSTIC,    11, -7.690162062645e-01, 7.920870557427e-03, 1.2684e+00, 9.5959e-03, 
 2DIAGNOSTIC,    12, -7.694306373596e-01, 6.663191597909e-03, 1.2772e+00, 8.8019e-03, 
 2DIAGNOSTIC,    13, -7.695580720901e-01, 5.114550236613e-03, 1.2872e+00, 1.0005e-02, 
 2DIAGNOSTIC,    14, -7.699868083000e-01, 3.503316547722e-03, 1.2982e+00, 1.0970e-02, 
 2DIAGNOSTIC,    15, -7.699418663979e-01, 2.020747400820e-03, 1.3092e+00, 1.0992e-02, 
 2DIAGNOSTIC,    16, -7.699177861214e-01, 9.137826855294e-04, 1.3179e+00, 8.6999e-03, 
 2DIAGNOSTIC,    17, -7.698340415955e-01, 1.929034042405e-04, 1.3289e+00, 1.1063e-02, 
 2DIAGNOSTIC,    18, -7.699150443077e-01, 6.261598900892e-05, 1.3377e+00, 8.7490e-03, 
 2DIAGNOSTIC,    19, -7.698129415512e-01, 4.475595051190e-05, 1.3476e+00, 9.9008e-03, 
 2DIAGNOSTIC,    20, -7.699522376060e-01, 2.914167816925e-05, 1.3581e+00, 1.0510e-02, 
 2DIAGNOSTIC,    21, -7.699806690216e-01, 1.505528780399e-05, 1.3681e+00, 9.9871e-03, 
 2DIAGNOSTIC,    22, -7.697436809540e-01, 4.108308985451e-06, 1.3780e+00, 9.8770e-03, 
DIAGNOSTIC,Iteration,metricValue,convergenceValue,ITERATION_TIME_INDEX,SINCE_LAST
 2DIAGNOSTIC,     1, -6.267616152763e-01, inf, 2.6496e+00, 1.2716e+00, 
 2DIAGNOSTIC,     2, -6.269245147705e-01, inf, 2.7341e+00, 8.4474e-02, 
 2DIAGNOSTIC,     3, -6.272056102753e-01, inf, 2.8398e+00, 1.0570e-01, 
 2DIAGNOSTIC,     4, -6.272874474525e-01, inf, 2.9345e+00, 9.4765e-02, 
 2DIAGNOSTIC,     5, -6.272901892662e-01, inf, 3.0194e+00, 8.4847e-02, 
 2DIAGNOSTIC,     6, -6.273925900459e-01, inf, 3.1266e+00, 1.0721e-01, 
 2DIAGNOSTIC,     7, -6.276831626892e-01, inf, 3.2123e+00, 8.5702e-02, 
 2DIAGNOSTIC,     8, -6.277847886086e-01, inf, 3.3096e+00, 9.7345e-02, 
 2DIAGNOSTIC,     9, -6.277041435242e-01, inf, 3.4075e+00, 9.7856e-02, 
 2DIAGNOSTIC,    10, -6.276988983154e-01, 1.040530914906e-04, 3.5050e+00, 9.7471e-02, 
 2DIAGNOSTIC,    11, -6.277032494545e-01, 7.624201680301e-05, 3.6582e+00, 1.5326e-01, 
 2DIAGNOSTIC,    12, -6.276968717575e-01, 5.186407361180e-05, 3.7688e+00, 1.1059e-01, 
 2DIAGNOSTIC,    13, -6.276822090149e-01, 3.597384784371e-05, 3.8760e+00, 1.0716e-01, 
 2DIAGNOSTIC,    14, -6.276740431786e-01, 2.192937608925e-05, 3.9739e+00, 9.7959e-02, 
 2DIAGNOSTIC,    15, -6.276667118073e-01, 7.902123797976e-06, 4.0608e+00, 8.6874e-02, 
DIAGNOSTIC,Iteration,metricValue,convergenceValue,ITERATION_TIME_INDEX,SINCE_LAST
 2DIAGNOSTIC,     1, -5.497336387634e-01, inf, 6.0577e+00, 1.9968e+00, 
 2DIAGNOSTIC,     2, -5.499579310417e-01, inf, 6.7606e+00, 7.0289e-01, 
 2DIAGNOSTIC,     3, -5.502349138260e-01, inf, 7.4621e+00, 7.0152e-01, 
 2DIAGNOSTIC,     4, -5.506016016006e-01, inf, 8.1784e+00, 7.1637e-01, 
 2DIAGNOSTIC,     5, -5.510532259941e-01, inf, 8.9705e+00, 7.9204e-01, 
 2DIAGNOSTIC,     6, -5.513321757317e-01, inf, 1.0090e+01, 1.1198e+00, 
 2DIAGNOSTIC,     7, -5.513499379158e-01, inf, 1.0811e+01, 7.2095e-01, 
 2DIAGNOSTIC,     8, -5.513914823532e-01, inf, 1.1511e+01, 6.9983e-01, 
 2DIAGNOSTIC,     9, -5.514329075813e-01, inf, 1.2211e+01, 6.9980e-01, 
 2DIAGNOSTIC,    10, -5.514703989029e-01, 2.215700806119e-04, 1.2925e+01, 7.1422e-01, 
 2DIAGNOSTIC,    11, -5.515036582947e-01, 1.609225000720e-04, 1.3715e+01, 7.8964e-01, 
 2DIAGNOSTIC,    12, -5.515244007111e-01, 1.068656129064e-04, 1.4428e+01, 7.1284e-01, 
 2DIAGNOSTIC,    13, -5.515589118004e-01, 6.404230953194e-05, 1.5145e+01, 7.1764e-01, 
 2DIAGNOSTIC,    14, -5.516238212585e-01, 3.726146314875e-05, 1.5927e+01, 7.8135e-01, 
 2DIAGNOSTIC,    15, -5.516282916069e-01, 2.622838655952e-05, 1.6943e+01, 1.0167e+00, 
 2DIAGNOSTIC,    16, -5.516542196274e-01, 2.422715624562e-05, 1.7760e+01, 8.1675e-01, 
 2DIAGNOSTIC,    17, -5.516570806503e-01, 2.103049519064e-05, 1.8460e+01, 6.9984e-01, 
 2DIAGNOSTIC,    18, -5.516786575317e-01, 1.820496254368e-05, 1.9163e+01, 7.0287e-01, 
 2DIAGNOSTIC,    19, -5.517020821571e-01, 1.586672442500e-05, 1.9968e+01, 8.0505e-01, 
 2DIAGNOSTIC,    20, -5.517024397850e-01, 1.339582559012e-05, 2.1157e+01, 1.1889e+00, 
 2DIAGNOSTIC,    21, -5.517038106918e-01, 1.093654464057e-05, 2.1945e+01, 7.8844e-01, 
 2DIAGNOSTIC,    22, -5.517009496689e-01, 8.240144779847e-06, 2.2743e+01, 7.9769e-01, 
 2DIAGNOSTIC,    23, -5.517019033432e-01, 5.898658855585e-06, 2.3685e+01, 9.4196e-01, 
 2DIAGNOSTIC,    24, -5.517016649246e-01, 4.712222107628e-06, 2.4464e+01, 7.7904e-01, 
 2DIAGNOSTIC,    25, -5.516995191574e-01, 3.340768216731e-06, 2.5166e+01, 7.0194e-01, 
 2DIAGNOSTIC,    26, -5.516988635063e-01, 2.393788918198e-06, 2.5945e+01, 7.7942e-01, 
 2DIAGNOSTIC,    27, -5.517015457153e-01, 1.506900389359e-06, 2.6724e+01, 7.7910e-01, 
 2DIAGNOSTIC,    28, -5.517011880875e-01, 1.028932388181e-06, 2.7503e+01, 7.7896e-01, 
DIAGNOSTIC,Iteration,metricValue,convergenceValue,ITERATION_TIME_INDEX,SINCE_LAST
 2DIAGNOSTIC,     1, -5.058590769768e-01, inf, 3.2682e+01, 5.1790e+00, 
 2DIAGNOSTIC,     2, -5.062149167061e-01, inf, 3.6876e+01, 4.1940e+00, 
 2DIAGNOSTIC,     3, -5.066476464272e-01, inf, 4.1067e+01, 4.1912e+00, 
 2DIAGNOSTIC,     4, -5.072659850121e-01, inf, 4.5256e+01, 4.1888e+00, 
 2DIAGNOSTIC,     5, -5.078498125076e-01, inf, 5.0982e+01, 5.7257e+00, 
 2DIAGNOSTIC,     6, -5.078794360161e-01, inf, 5.8772e+01, 7.7903e+00, 
 2DIAGNOSTIC,     7, -5.078781247139e-01, inf, 6.3468e+01, 4.6954e+00, 
 2DIAGNOSTIC,     8, -5.078787803650e-01, inf, 6.8673e+01, 5.2058e+00, 
 2DIAGNOSTIC,     9, -5.078785419464e-01, inf, 7.3366e+01, 4.6929e+00, 
 2DIAGNOSTIC,    10, -5.078784227371e-01, 2.624368353281e-04, 7.9603e+01, 6.2371e+00, 
 2DIAGNOSTIC,    11, -5.078783631325e-01, 1.649357291171e-04, 8.4293e+01, 4.6892e+00, 
 2DIAGNOSTIC,    12, -5.078781843185e-01, 8.598124986747e-05, 8.8985e+01, 4.6921e+00, 
 2DIAGNOSTIC,    13, -5.078783631325e-01, 2.987140032928e-05, 9.4191e+01, 5.2067e+00, 
 2DIAGNOSTIC,    14, -5.078781843185e-01, 3.364476697243e-06, 9.8884e+01, 4.6928e+00, 
 2DIAGNOSTIC,    15, -5.078781843185e-01, 2.059882717731e-06, 1.0361e+02, 4.7250e+00, 
 2DIAGNOSTIC,    16, -5.078781247139e-01, 1.960458575923e-06, 1.0829e+02, 4.6852e+00, 
 2DIAGNOSTIC,    17, -5.078780651093e-01, 1.829520897445e-06, 1.1298e+02, 4.6887e+00, 
 2DIAGNOSTIC,    18, -5.078783035278e-01, 1.745028384903e-06, 1.1767e+02, 4.6883e+00, 
 2DIAGNOSTIC,    19, -5.078782439232e-01, 1.662619979470e-06, 1.2442e+02, 6.7484e+00, 
 2DIAGNOSTIC,    20, -5.078783035278e-01, 1.588149416420e-06, 1.2962e+02, 5.1999e+00, 
 2DIAGNOSTIC,    21, -5.078783035278e-01, 1.519673787698e-06, 1.3431e+02, 4.6863e+00, 
 2DIAGNOSTIC,    22, -5.078782439232e-01, 1.450790136914e-06, 1.3899e+02, 4.6876e+00, 
 2DIAGNOSTIC,    23, -5.078782439232e-01, 1.391941623297e-06, 1.4368e+02, 4.6896e+00, 
 2DIAGNOSTIC,    24, -5.078781247139e-01, 1.330215695816e-06, 1.4837e+02, 4.6912e+00, 
 2DIAGNOSTIC,    25, -5.078781843185e-01, 1.274516762351e-06, 1.5306e+02, 4.6899e+00, 
 2DIAGNOSTIC,    26, -5.078781843185e-01, 1.221683987751e-06, 1.5775e+02, 4.6885e+00, 
 2DIAGNOSTIC,    27, -5.078783035278e-01, 1.174076601274e-06, 1.6244e+02, 4.6874e+00, 
 2DIAGNOSTIC,    28, -5.078783035278e-01, 1.135079969572e-06, 1.6713e+02, 4.6869e+00, 
 2DIAGNOSTIC,    29, -5.078783035278e-01, 1.097768858926e-06, 1.7182e+02, 4.6895e+00, 
 2DIAGNOSTIC,    30, -5.078782439232e-01, 1.062914975591e-06, 1.7650e+02, 4.6874e+00, 
 2DIAGNOSTIC,    31, -5.078782439232e-01, 1.030116777656e-06, 1.8120e+02, 4.6944e+00, 
  Elapsed time (stage 1): 1.8381e+02


Stage 2
  iterations = 100x70x50x20
  convergence threshold = 1.0000e-06
  convergence window size = 10
  number of levels = 4
  using the CC metric (radius = 4, weight = 1.0000e+00, use gradient filter = 0)
  preprocessing:  winsorizing the image intensities
  Shrink factors (level 1 out of 4): [8, 8, 8]
  Shrink factors (level 2 out of 4): [4, 4, 4]
  Shrink factors (level 3 out of 4): [2, 2, 2]
  Shrink factors (level 4 out of 4): [1, 1, 1]
  smoothing sigmas per level: [3, 2, 1, 0]
  Using default NONE metricSamplingStrategy 

*** Running SyN registration (varianceForUpdateField = 3.0000e+00, varianceForTotalField = 0.0000e+00) ***

XXDIAGNOSTIC,Iteration,metricValue,convergenceValue,ITERATION_TIME_INDEX,SINCE_LAST
 1DIAGNOSTIC,     1, -8.904440402985e-01, inf, 1.8770e+00, 1.8770e+00, 
 1DIAGNOSTIC,     2, -9.009015560150e-01, inf, 2.6245e+00, 7.4742e-01, 
 1DIAGNOSTIC,     3, -9.122338294983e-01, inf, 3.3810e+00, 7.5651e-01, 
 1DIAGNOSTIC,     4, -9.209945201874e-01, inf, 4.1444e+00, 7.6340e-01, 
 1DIAGNOSTIC,     5, -9.279024004936e-01, inf, 4.9046e+00, 7.6018e-01, 
 1DIAGNOSTIC,     6, -9.337683916092e-01, inf, 5.6469e+00, 7.4234e-01, 
 1DIAGNOSTIC,     7, -9.388146400452e-01, inf, 6.3862e+00, 7.3930e-01, 
 1DIAGNOSTIC,     8, -9.420021772385e-01, inf, 7.1268e+00, 7.4057e-01, 
 1DIAGNOSTIC,     9, -9.444702863693e-01, inf, 7.8889e+00, 7.6214e-01, 
 1DIAGNOSTIC,    10, -9.465316534042e-01, 3.820214187726e-03, 8.6452e+00, 7.5629e-01, 
 1DIAGNOSTIC,    11, -9.482243061066e-01, 2.820543944836e-03, 9.3992e+00, 7.5401e-01, 
 1DIAGNOSTIC,    12, -9.499007463455e-01, 2.042185515165e-03, 1.0163e+01, 7.6400e-01, 
 1DIAGNOSTIC,    13, -9.513524174690e-01, 1.498597091995e-03, 1.0921e+01, 7.5749e-01, 
 1DIAGNOSTIC,    14, -9.527137279510e-01, 1.116524566896e-03, 1.1670e+01, 7.4937e-01, 
 1DIAGNOSTIC,    15, -9.539777636528e-01, 8.484659483656e-04, 1.2414e+01, 7.4371e-01, 
 1DIAGNOSTIC,    16, -9.551652073860e-01, 6.689555011690e-04, 1.3157e+01, 7.4301e-01, 
 1DIAGNOSTIC,    17, -9.562553167343e-01, 5.579803255387e-04, 1.3919e+01, 7.6187e-01, 
 1DIAGNOSTIC,    18, -9.572597742081e-01, 4.779595765285e-04, 1.4672e+01, 7.5343e-01, 
 1DIAGNOSTIC,    19, -9.580982923508e-01, 4.144576669205e-04, 1.5425e+01, 7.5300e-01, 
 1DIAGNOSTIC,    20, -9.589145183563e-01, 3.621521755122e-04, 1.6176e+01, 7.5048e-01, 
 1DIAGNOSTIC,    21, -9.597032070160e-01, 3.165570378769e-04, 1.6929e+01, 7.5307e-01, 
 1DIAGNOSTIC,    22, -9.604755043983e-01, 2.789632417262e-04, 1.7684e+01, 7.5506e-01, 
 1DIAGNOSTIC,    23, -9.611924290657e-01, 2.468136663083e-04, 1.8442e+01, 7.5875e-01, 
 1DIAGNOSTIC,    24, -9.618544578552e-01, 2.195038105128e-04, 1.9202e+01, 7.5942e-01, 
 1DIAGNOSTIC,    25, -9.624781608582e-01, 1.964072871488e-04, 1.9948e+01, 7.4637e-01, 
 1DIAGNOSTIC,    26, -9.630668759346e-01, 1.770604721969e-04, 2.0706e+01, 7.5756e-01, 
 1DIAGNOSTIC,    27, -9.636222124100e-01, 1.606856385479e-04, 2.1452e+01, 7.4577e-01, 
 1DIAGNOSTIC,    28, -9.641410112381e-01, 1.466180401621e-04, 2.2198e+01, 7.4598e-01, 
 1DIAGNOSTIC,    29, -9.645869731903e-01, 1.329349033767e-04, 2.2960e+01, 7.6228e-01, 
 1DIAGNOSTIC,    30, -9.649631381035e-01, 1.195014556288e-04, 2.3734e+01, 7.7390e-01, 
 1DIAGNOSTIC,    31, -9.652764797211e-01, 1.062668743543e-04, 2.4497e+01, 7.6364e-01, 
 1DIAGNOSTIC,    32, -9.655383229256e-01, 9.346733713755e-05, 2.5259e+01, 7.6186e-01, 
 1DIAGNOSTIC,    33, -9.657588005066e-01, 8.108859765343e-05, 2.6033e+01, 7.7339e-01, 
 1DIAGNOSTIC,    34, -9.659374952316e-01, 6.915489939274e-05, 2.6792e+01, 7.5975e-01, 
 1DIAGNOSTIC,    35, -9.660871028900e-01, 5.796781988465e-05, 2.7548e+01, 7.5555e-01, 
 1DIAGNOSTIC,    36, -9.662131071091e-01, 4.785428245668e-05, 2.8305e+01, 7.5724e-01, 
 1DIAGNOSTIC,    37, -9.663177132607e-01, 3.908943108399e-05, 2.9066e+01, 7.6113e-01, 
 1DIAGNOSTIC,    38, -9.664042592049e-01, 3.185418245266e-05, 2.9813e+01, 7.4635e-01, 
 1DIAGNOSTIC,    39, -9.664750695229e-01, 2.595028490759e-05, 3.0559e+01, 7.4597e-01, 
 1DIAGNOSTIC,    40, -9.665320515633e-01, 2.114458402502e-05, 3.1305e+01, 7.4660e-01, 
 1DIAGNOSTIC,    41, -9.665790796280e-01, 1.722734850773e-05, 3.2053e+01, 7.4744e-01, 
 1DIAGNOSTIC,    42, -9.666174054146e-01, 1.403482383466e-05, 3.2819e+01, 7.6661e-01, 
 1DIAGNOSTIC,    43, -9.666469097137e-01, 1.143853296526e-05, 3.3573e+01, 7.5401e-01, 
 1DIAGNOSTIC,    44, -9.666724801064e-01, 9.307910659118e-06, 3.4336e+01, 7.6231e-01, 
 1DIAGNOSTIC,    45, -9.666905403137e-01, 7.549780093541e-06, 3.5095e+01, 7.5928e-01, 
 1DIAGNOSTIC,    46, -9.667035341263e-01, 6.104686690378e-06, 3.5870e+01, 7.7528e-01, 
 1DIAGNOSTIC,    47, -9.667129516602e-01, 4.918501872453e-06, 3.6624e+01, 7.5347e-01, 
 1DIAGNOSTIC,    48, -9.667218327522e-01, 3.961941729358e-06, 3.7377e+01, 7.5364e-01, 
 1DIAGNOSTIC,    49, -9.667235016823e-01, 3.163993596900e-06, 3.8143e+01, 7.6581e-01, 
 1DIAGNOSTIC,    50, -9.667240381241e-01, 2.496626166248e-06, 3.8889e+01, 7.4638e-01, 
 1DIAGNOSTIC,    51, -9.667183160782e-01, 1.916169139804e-06, 3.9655e+01, 7.6520e-01, 
 1DIAGNOSTIC,    52, -9.667132496834e-01, 1.423657636224e-06, 4.0407e+01, 7.5273e-01, 
