---------------------
Profiling information

Pipeline: ants registrationSyN
NTHREAD: 1

DATASET: ds004513
SUBJECT_ID: s020

SIF_IMG: /mnt/lustre/mathdugre/containers/ants-debug.simg
DATA_DIR: /mnt/lustre/mathdugre/mri-bottleneck/datasets/ds004513

PROJECT_DIR: /mnt/lustre/mathdugre/mri-bottleneck
PROFILING_DIR: /mnt/lustre/mathdugre/mri-bottleneck/vtune_output/1-threads/ants/registrationSyN/ds004513/sub-s020/U1jw9lM5jyAr6PCwifupCcyzr7bGypWi
---------------------

Command to profile: bash tmp-scripts/U1jw9lM5jyAr6PCwifupCcyzr7bGypWi.sh

--------------------------------------------------------------------------------------
 Mapping parameters
--------------------------------------------------------------------------------------
 ANTSPATH is /opt/ants/bin

 Dimensionality:           3
 Output name prefix:       /data/derivatives/ants/registrationSyN/sub-s020/ses-open/anat/
 Fixed images:             /templateflow/tpl-MNI152NLin2009cAsym//tpl-MNI152NLin2009cAsym_res-01_desc-brain_T1w.nii.gz
 Moving images:            /data/derivatives/fsl/fast/sub-s020/ses-open/anat/BrainExtractionBrain_seg.nii.gz
 Mask images:              
 Initial transforms:       
 Number of threads:        1
 Spline distance:          26
 SyN gradient step:        0.1
 Transform type:           s
 CC radius:                4
 Precision:                d
 Use histogram matching    0
 Repro                     0
======================================================================================
 antsRegistration call:
--------------------------------------------------------------------------------------
/opt/ants/bin/antsRegistration --verbose 1 --dimensionality 3 --float 0 --collapse-output-transforms 1 --output [ /data/derivatives/ants/registrationSyN/sub-s020/ses-open/anat/,/data/derivatives/ants/registrationSyN/sub-s020/ses-open/anat/Warped.nii.gz,/data/derivatives/ants/registrationSyN/sub-s020/ses-open/anat/InverseWarped.nii.gz ] --interpolation Linear --use-histogram-matching 0 --winsorize-image-intensities [ 0.005,0.995 ] --initial-moving-transform [ /templateflow/tpl-MNI152NLin2009cAsym//tpl-MNI152NLin2009cAsym_res-01_desc-brain_T1w.nii.gz,/data/derivatives/fsl/fast/sub-s020/ses-open/anat/BrainExtractionBrain_seg.nii.gz,1 ] --transform Rigid[ 0.1 ] --metric MI[ /templateflow/tpl-MNI152NLin2009cAsym//tpl-MNI152NLin2009cAsym_res-01_desc-brain_T1w.nii.gz,/data/derivatives/fsl/fast/sub-s020/ses-open/anat/BrainExtractionBrain_seg.nii.gz,1,32,Regular,0.25 ] --convergence [ 1000x500x250x100,1e-6,10 ] --shrink-factors 8x4x2x1 --smoothing-sigmas 3x2x1x0vox --transform Affine[ 0.1 ] --metric MI[ /templateflow/tpl-MNI152NLin2009cAsym//tpl-MNI152NLin2009cAsym_res-01_desc-brain_T1w.nii.gz,/data/derivatives/fsl/fast/sub-s020/ses-open/anat/BrainExtractionBrain_seg.nii.gz,1,32,Regular,0.25 ] --convergence [ 1000x500x250x100,1e-6,10 ] --shrink-factors 8x4x2x1 --smoothing-sigmas 3x2x1x0vox --transform SyN[ 0.1,3,0 ] --metric CC[ /templateflow/tpl-MNI152NLin2009cAsym//tpl-MNI152NLin2009cAsym_res-01_desc-brain_T1w.nii.gz,/data/derivatives/fsl/fast/sub-s020/ses-open/anat/BrainExtractionBrain_seg.nii.gz,1,4 ] --convergence [ 100x70x50x20,1e-6,10 ] --shrink-factors 8x4x2x1 --smoothing-sigmas 3x2x1x0vox
--------------------------------------------------------------------------------------
All_Command_lines_OK
Using double precision for computations.
=============================================================================
The composite transform comprises the following transforms (in order): 
  1. Center of mass alignment using fixed image: /templateflow/tpl-MNI152NLin2009cAsym//tpl-MNI152NLin2009cAsym_res-01_desc-brain_T1w.nii.gz and moving image: /data/derivatives/fsl/fast/sub-s020/ses-open/anat/BrainExtractionBrain_seg.nii.gz (type = Euler3DTransform)
=============================================================================
  number of levels = 4
  number of levels = 4
  number of levels = 4
  fixed image: /templateflow/tpl-MNI152NLin2009cAsym//tpl-MNI152NLin2009cAsym_res-01_desc-brain_T1w.nii.gz
  moving image: /data/derivatives/fsl/fast/sub-s020/ses-open/anat/BrainExtractionBrain_seg.nii.gz
  fixed image: /templateflow/tpl-MNI152NLin2009cAsym//tpl-MNI152NLin2009cAsym_res-01_desc-brain_T1w.nii.gz
  moving image: /data/derivatives/fsl/fast/sub-s020/ses-open/anat/BrainExtractionBrain_seg.nii.gz
  fixed image: /templateflow/tpl-MNI152NLin2009cAsym//tpl-MNI152NLin2009cAsym_res-01_desc-brain_T1w.nii.gz
  moving image: /data/derivatives/fsl/fast/sub-s020/ses-open/anat/BrainExtractionBrain_seg.nii.gz
Dimension = 3
Number of stages = 3
Use histogram matching = false
Winsorize image intensities = true
  Lower quantile = 0.005
  Upper quantile = 0.995


Stage 1 State
   Image metric = Mattes
     Fixed image = Image (0x556e7c90e5b0)
  RTTI typeinfo:   itk::Image<double, 3u>
  Reference Count: 2
  Modified Time: 1721
  Debug: Off
  Object Name: 
  Observers: 
    none
  Source: (none)
  Source output name: (none)
  Release Data: Off
  Data Released: False
  Global Release Data: Off
  PipelineMTime: 0
  UpdateMTime: 1504
  RealTimeStamp: 0 seconds 
  LargestPossibleRegion: 
    Dimension: 3
    Index: [0, 0, 0]
    Size: [193, 229, 193]
  BufferedRegion: 
    Dimension: 3
    Index: [0, 0, 0]
    Size: [193, 229, 193]
  RequestedRegion: 
    Dimension: 3
    Index: [0, 0, 0]
    Size: [193, 229, 193]
  Spacing: [1, 1, 1]
  Origin: [96, 132, -78]
  Direction: 
-1 0 0
0 -1 0
0 0 1

  IndexToPointMatrix: 
-1 0 0
0 -1 0
0 0 1

  PointToIndexMatrix: 
-1 0 0
0 -1 0
0 0 1

  Inverse Direction: 
-1 0 0
0 -1 0
0 0 1

  PixelContainer: 
    ImportImageContainer (0x556e7c917160)
      RTTI typeinfo:   itk::ImportImageContainer<unsigned long, double>
      Reference Count: 1
      Modified Time: 1501
      Debug: Off
      Object Name: 
      Observers: 
        none
      Pointer: 0x7fef1256d010
      Container manages memory: true
      Size: 8530021
      Capacity: 8530021

     Moving image = Image (0x556e7c91a0a0)
  RTTI typeinfo:   itk::Image<double, 3u>
  Reference Count: 2
  Modified Time: 1722
  Debug: Off
  Object Name: 
  Observers: 
    none
  Source: (none)
  Source output name: (none)
  Release Data: Off
  Data Released: False
  Global Release Data: Off
  PipelineMTime: 0
  UpdateMTime: 1719
  RealTimeStamp: 0 seconds 
  LargestPossibleRegion: 
    Dimension: 3
    Index: [0, 0, 0]
    Size: [160, 240, 256]
  BufferedRegion: 
    Dimension: 3
    Index: [0, 0, 0]
    Size: [160, 240, 256]
  RequestedRegion: 
    Dimension: 3
    Index: [0, 0, 0]
    Size: [160, 240, 256]
  Spacing: [0.999995, 1, 1]
  Origin: [87.0906, 98.7205, -152.377]
  Direction: 
-0.996975 0.0261379 -0.0731913
-0.0260677 -0.999658 -0.00191374
-0.0732163 -2.46403e-08 0.997316

  IndexToPointMatrix: 
-0.996971 0.0261379 -0.0731913
-0.0260676 -0.999658 -0.00191374
-0.0732159 -2.46403e-08 0.997316

  PointToIndexMatrix: 
-0.99698 -0.0260679 -0.0732166
0.0261379 -0.999658 -2.46993e-08
-0.0731913 -0.00191374 0.997316

  Inverse Direction: 
-0.996975 -0.0260677 -0.0732163
0.0261379 -0.999658 -2.46993e-08
-0.0731913 -0.00191374 0.997316

  PixelContainer: 
    ImportImageContainer (0x556e7c9156c0)
      RTTI typeinfo:   itk::ImportImageContainer<unsigned long, double>
      Reference Count: 1
      Modified Time: 1716
      Debug: Off
      Object Name: 
      Observers: 
        none
      Pointer: 0x7fef0da6c010
      Container manages memory: true
      Size: 9830400
      Capacity: 9830400

     Weighting = 1
     Sampling strategy = regular
     Number of bins = 32
     Radius = 4
     Sampling percentage  = 0.25
   Transform = Rigid
     Gradient step = 0.1
     Update field sigma (voxel space) = 0
     Total field sigma (voxel space) = 0
     Update field time sigma = 0
     Total field time sigma  = 0
     Number of time indices = 0
     Number of time point samples = 0
Stage 2 State
   Image metric = Mattes
     Fixed image = Image (0x556e7c9714d0)
  RTTI typeinfo:   itk::Image<double, 3u>
  Reference Count: 2
  Modified Time: 2151
  Debug: Off
  Object Name: 
  Observers: 
    none
  Source: (none)
  Source output name: (none)
  Release Data: Off
  Data Released: False
  Global Release Data: Off
  PipelineMTime: 0
  UpdateMTime: 1934
  RealTimeStamp: 0 seconds 
  LargestPossibleRegion: 
    Dimension: 3
    Index: [0, 0, 0]
    Size: [193, 229, 193]
  BufferedRegion: 
    Dimension: 3
    Index: [0, 0, 0]
    Size: [193, 229, 193]
  RequestedRegion: 
    Dimension: 3
    Index: [0, 0, 0]
    Size: [193, 229, 193]
  Spacing: [1, 1, 1]
  Origin: [96, 132, -78]
  Direction: 
-1 0 0
0 -1 0
0 0 1

  IndexToPointMatrix: 
-1 0 0
0 -1 0
0 0 1

  PointToIndexMatrix: 
-1 0 0
0 -1 0
0 0 1

  Inverse Direction: 
-1 0 0
0 -1 0
0 0 1

  PixelContainer: 
    ImportImageContainer (0x556e7c965ec0)
      RTTI typeinfo:   itk::ImportImageContainer<unsigned long, double>
      Reference Count: 1
      Modified Time: 1931
      Debug: Off
      Object Name: 
      Observers: 
        none
      Pointer: 0x7fef09957010
      Container manages memory: true
      Size: 8530021
      Capacity: 8530021

     Moving image = Image (0x556e7c96f4e0)
  RTTI typeinfo:   itk::Image<double, 3u>
  Reference Count: 2
  Modified Time: 2152
  Debug: Off
  Object Name: 
  Observers: 
    none
  Source: (none)
  Source output name: (none)
  Release Data: Off
  Data Released: False
  Global Release Data: Off
  PipelineMTime: 0
  UpdateMTime: 2149
  RealTimeStamp: 0 seconds 
  LargestPossibleRegion: 
    Dimension: 3
    Index: [0, 0, 0]
    Size: [160, 240, 256]
  BufferedRegion: 
    Dimension: 3
    Index: [0, 0, 0]
    Size: [160, 240, 256]
  RequestedRegion: 
    Dimension: 3
    Index: [0, 0, 0]
    Size: [160, 240, 256]
  Spacing: [0.999995, 1, 1]
  Origin: [87.0906, 98.7205, -152.377]
  Direction: 
-0.996975 0.0261379 -0.0731913
-0.0260677 -0.999658 -0.00191374
-0.0732163 -2.46403e-08 0.997316

  IndexToPointMatrix: 
-0.996971 0.0261379 -0.0731913
-0.0260676 -0.999658 -0.00191374
-0.0732159 -2.46403e-08 0.997316

  PointToIndexMatrix: 
-0.99698 -0.0260679 -0.0732166
0.0261379 -0.999658 -2.46993e-08
-0.0731913 -0.00191374 0.997316

  Inverse Direction: 
-0.996975 -0.0260677 -0.0732163
0.0261379 -0.999658 -2.46993e-08
-0.0731913 -0.00191374 0.997316

  PixelContainer: 
    ImportImageContainer (0x556e7ca3a1d0)
      RTTI typeinfo:   itk::ImportImageContainer<unsigned long, double>
      Reference Count: 1
      Modified Time: 2146
      Debug: Off
      Object Name: 
      Observers: 
        none
      Pointer: 0x7fef04e56010
      Container manages memory: true
      Size: 9830400
      Capacity: 9830400

     Weighting = 1
     Sampling strategy = regular
     Number of bins = 32
     Radius = 4
     Sampling percentage  = 0.25
   Transform = Affine
     Gradient step = 0.1
     Update field sigma (voxel space) = 0
     Total field sigma (voxel space) = 0
     Update field time sigma = 0
     Total field time sigma  = 0
     Number of time indices = 0
     Number of time point samples = 0
Stage 3 State
   Image metric = CC
     Fixed image = Image (0x556e7c96dd40)
  RTTI typeinfo:   itk::Image<double, 3u>
  Reference Count: 2
  Modified Time: 2581
  Debug: Off
  Object Name: 
  Observers: 
    none
  Source: (none)
  Source output name: (none)
  Release Data: Off
  Data Released: False
  Global Release Data: Off
  PipelineMTime: 0
  UpdateMTime: 2364
  RealTimeStamp: 0 seconds 
  LargestPossibleRegion: 
    Dimension: 3
    Index: [0, 0, 0]
    Size: [193, 229, 193]
  BufferedRegion: 
    Dimension: 3
    Index: [0, 0, 0]
    Size: [193, 229, 193]
  RequestedRegion: 
    Dimension: 3
    Index: [0, 0, 0]
    Size: [193, 229, 193]
  Spacing: [1, 1, 1]
  Origin: [96, 132, -78]
  Direction: 
-1 0 0
0 -1 0
0 0 1

  IndexToPointMatrix: 
-1 0 0
0 -1 0
0 0 1

  PointToIndexMatrix: 
-1 0 0
0 -1 0
0 0 1

  Inverse Direction: 
-1 0 0
0 -1 0
0 0 1

  PixelContainer: 
    ImportImageContainer (0x556e7c96e4c0)
      RTTI typeinfo:   itk::ImportImageContainer<unsigned long, double>
      Reference Count: 1
      Modified Time: 2361
      Debug: Off
      Object Name: 
      Observers: 
        none
      Pointer: 0x7fef00d41010
      Container manages memory: true
      Size: 8530021
      Capacity: 8530021

     Moving image = Image (0x556e7c9929d0)
  RTTI typeinfo:   itk::Image<double, 3u>
  Reference Count: 2
  Modified Time: 2582
  Debug: Off
  Object Name: 
  Observers: 
    none
  Source: (none)
  Source output name: (none)
  Release Data: Off
  Data Released: False
  Global Release Data: Off
  PipelineMTime: 0
  UpdateMTime: 2579
  RealTimeStamp: 0 seconds 
  LargestPossibleRegion: 
    Dimension: 3
    Index: [0, 0, 0]
    Size: [160, 240, 256]
  BufferedRegion: 
    Dimension: 3
    Index: [0, 0, 0]
    Size: [160, 240, 256]
  RequestedRegion: 
    Dimension: 3
    Index: [0, 0, 0]
    Size: [160, 240, 256]
  Spacing: [0.999995, 1, 1]
  Origin: [87.0906, 98.7205, -152.377]
  Direction: 
-0.996975 0.0261379 -0.0731913
-0.0260677 -0.999658 -0.00191374
-0.0732163 -2.46403e-08 0.997316

  IndexToPointMatrix: 
-0.996971 0.0261379 -0.0731913
-0.0260676 -0.999658 -0.00191374
-0.0732159 -2.46403e-08 0.997316

  PointToIndexMatrix: 
-0.99698 -0.0260679 -0.0732166
0.0261379 -0.999658 -2.46993e-08
-0.0731913 -0.00191374 0.997316

  Inverse Direction: 
-0.996975 -0.0260677 -0.0732163
0.0261379 -0.999658 -2.46993e-08
-0.0731913 -0.00191374 0.997316

  PixelContainer: 
    ImportImageContainer (0x556e7cada2d0)
      RTTI typeinfo:   itk::ImportImageContainer<unsigned long, double>
      Reference Count: 1
      Modified Time: 2576
      Debug: Off
      Object Name: 
      Observers: 
        none
      Pointer: 0x7feefc240010
      Container manages memory: true
      Size: 9830400
      Capacity: 9830400

     Weighting = 1
     Sampling strategy = none
     Number of bins = 32
     Radius = 4
     Sampling percentage  = 1
   Transform = SyN
     Gradient step = 0.1
     Update field sigma (voxel space) = 3
     Total field sigma (voxel space) = 0
     Update field time sigma = 0
     Total field time sigma  = 0
     Number of time indices = 0
     Number of time point samples = 0
Registration using 3 total stages.

Stage 0
  iterations = 1000x500x250x100
  convergence threshold = 1e-06
  convergence window size = 10
  number of levels = 4
  using the Mattes MI metric (number of bins = 32, weight = 1, use gradient filter = 0)
  preprocessing:  winsorizing the image intensities
  Shrink factors (level 1 out of 4): [8, 8, 8]
  Shrink factors (level 2 out of 4): [4, 4, 4]
  Shrink factors (level 3 out of 4): [2, 2, 2]
  Shrink factors (level 4 out of 4): [1, 1, 1]
  smoothing sigmas per level: [3, 2, 1, 0]
  regular sampling (percentage = 0.25)

*** Running Euler3DTransform registration ***

DIAGNOSTIC,Iteration,metricValue,convergenceValue,ITERATION_TIME_INDEX,SINCE_LAST
 2DIAGNOSTIC,     1, -4.133235031305e-01, 1.797693134862e+308, 1.5815e+00, 1.5815e+00, 
 2DIAGNOSTIC,     2, -4.146153498807e-01, 1.797693134862e+308, 1.5887e+00, 7.1859e-03, 
 2DIAGNOSTIC,     3, -4.173762925547e-01, 1.797693134862e+308, 1.5964e+00, 7.7519e-03, 
 2DIAGNOSTIC,     4, -4.234000270860e-01, 1.797693134862e+308, 1.6035e+00, 7.0691e-03, 
 2DIAGNOSTIC,     5, -4.291265528724e-01, 1.797693134862e+308, 1.6106e+00, 7.1402e-03, 
 2DIAGNOSTIC,     6, -4.353391728027e-01, 1.797693134862e+308, 1.6184e+00, 7.7770e-03, 
 2DIAGNOSTIC,     7, -4.429585973402e-01, 1.797693134862e+308, 1.6273e+00, 8.9412e-03, 
 2DIAGNOSTIC,     8, -4.473910751929e-01, 1.797693134862e+308, 1.6351e+00, 7.7920e-03, 
 2DIAGNOSTIC,     9, -4.477503202337e-01, 1.797693134862e+308, 1.6421e+00, 6.9480e-03, 
 2DIAGNOSTIC,    10, -4.481849846758e-01, 6.256584438402e-03, 1.6521e+00, 1.0038e-02, 
 2DIAGNOSTIC,    11, -4.495080511256e-01, 5.288427412195e-03, 1.6611e+00, 8.9920e-03, 
 2DIAGNOSTIC,    12, -4.501138177240e-01, 4.111560024642e-03, 1.6730e+00, 1.1849e-02, 
 2DIAGNOSTIC,    13, -4.572231494315e-01, 3.237234938219e-03, 1.6889e+00, 1.5963e-02, 
 2DIAGNOSTIC,    14, -4.556794296493e-01, 2.401052130520e-03, 1.6993e+00, 1.0356e-02, 
 2DIAGNOSTIC,    15, -4.624327614318e-01, 2.003330351466e-03, 1.7074e+00, 8.1341e-03, 
 2DIAGNOSTIC,    16, -4.678219575274e-01, 1.929264777297e-03, 1.7175e+00, 1.0065e-02, 
 2DIAGNOSTIC,    17, -4.784128797752e-01, 2.361939356578e-03, 1.7434e+00, 2.5968e-02, 
 2DIAGNOSTIC,    18, -4.784119090238e-01, 2.674909914269e-03, 1.7600e+00, 1.6595e-02, 
 2DIAGNOSTIC,    19, -4.784142882268e-01, 2.724768760500e-03, 1.7705e+00, 1.0447e-02, 
 2DIAGNOSTIC,    20, -4.784183043496e-01, 2.535148290574e-03, 1.7779e+00, 7.4370e-03, 
 2DIAGNOSTIC,    21, -4.784250711227e-01, 2.166022799479e-03, 1.7849e+00, 7.0300e-03, 
 2DIAGNOSTIC,    22, -4.784364952644e-01, 1.639690814932e-03, 1.7917e+00, 6.7611e-03, 
 2DIAGNOSTIC,    23, -4.784556379217e-01, 1.208193564746e-03, 1.7987e+00, 7.0190e-03, 
 2DIAGNOSTIC,    24, -4.784874900056e-01, 6.634427515227e-04, 1.8057e+00, 7.0150e-03, 
 2DIAGNOSTIC,    25, -4.785402866678e-01, 2.719851909203e-04, 1.8126e+00, 6.8471e-03, 
 2DIAGNOSTIC,    26, -4.786252324378e-01, 1.076590441111e-05, 1.8196e+00, 6.9971e-03, 
 2DIAGNOSTIC,    27, -4.788918200901e-01, 1.926927628794e-05, 1.8266e+00, 7.0400e-03, 
 2DIAGNOSTIC,    28, -4.790863644650e-01, 2.959831065616e-05, 1.8334e+00, 6.7828e-03, 
 2DIAGNOSTIC,    29, -4.793401575222e-01, 4.194877442318e-05, 1.8405e+00, 7.0729e-03, 
 2DIAGNOSTIC,    30, -4.795842813550e-01, 5.467580603753e-05, 1.8484e+00, 7.9629e-03, 
 2DIAGNOSTIC,    31, -4.796461359848e-01, 6.279218158634e-05, 1.8554e+00, 6.9261e-03, 
 2DIAGNOSTIC,    32, -4.796996917205e-01, 6.580199388955e-05, 1.8693e+00, 1.3916e-02, 
 2DIAGNOSTIC,    33, -4.798978642764e-01, 6.653072280784e-05, 1.8789e+00, 9.5990e-03, 
 2DIAGNOSTIC,    34, -4.800645593776e-01, 6.448845960969e-05, 1.8864e+00, 7.4880e-03, 
 2DIAGNOSTIC,    35, -4.804672419058e-01, 6.449617071141e-05, 1.8935e+00, 7.1552e-03, 
 2DIAGNOSTIC,    36, -4.808560301892e-01, 6.639022530559e-05, 1.9007e+00, 7.1750e-03, 
 2DIAGNOSTIC,    37, -4.816335303922e-01, 7.921117933000e-05, 1.9091e+00, 8.4059e-03, 
 2DIAGNOSTIC,    38, -4.839952118331e-01, 1.248236118398e-04, 1.9242e+00, 1.5047e-02, 
 2DIAGNOSTIC,    39, -4.844400301163e-01, 1.661863261948e-04, 1.9310e+00, 6.8331e-03, 
 2DIAGNOSTIC,    40, -4.851376476056e-01, 2.043700505400e-04, 1.9381e+00, 7.0989e-03, 
 2DIAGNOSTIC,    41, -4.858686458912e-01, 2.332634001785e-04, 1.9451e+00, 7.0581e-03, 
 2DIAGNOSTIC,    42, -4.866215629335e-01, 2.498859923739e-04, 1.9521e+00, 6.9661e-03, 
 2DIAGNOSTIC,    43, -4.885844123702e-01, 2.719913260369e-04, 1.9603e+00, 8.1580e-03, 
 2DIAGNOSTIC,    44, -4.897954304852e-01, 2.855330761659e-04, 1.9702e+00, 9.9099e-03, 
 2DIAGNOSTIC,    45, -4.904303000777e-01, 2.855520732333e-04, 1.9780e+00, 7.8430e-03, 
 2DIAGNOSTIC,    46, -4.910210399836e-01, 2.715982812531e-04, 1.9849e+00, 6.8312e-03, 
 2DIAGNOSTIC,    47, -4.929705774781e-01, 2.667450307974e-04, 1.9931e+00, 8.1971e-03, 
 2DIAGNOSTIC,    48, -5.025218864252e-01, 3.860778837457e-04, 2.0025e+00, 9.4080e-03, 
 2DIAGNOSTIC,    49, -5.056508605637e-01, 5.040737109415e-04, 2.0094e+00, 6.9809e-03, 
 2DIAGNOSTIC,    50, -5.075094328817e-01, 6.003823480317e-04, 2.0176e+00, 8.1599e-03, 
 2DIAGNOSTIC,    51, -5.088619327117e-01, 6.614916086358e-04, 2.0249e+00, 7.3099e-03, 
 2DIAGNOSTIC,    52, -5.104452925688e-01, 6.829987060949e-04, 2.0344e+00, 9.4621e-03, 
 2DIAGNOSTIC,    53, -5.130732937497e-01, 6.880310234750e-04, 2.0426e+00, 8.2071e-03, 
 2DIAGNOSTIC,    54, -5.165237815278e-01, 6.774898996863e-04, 2.0516e+00, 9.0101e-03, 
 2DIAGNOSTIC,    55, -5.211720184167e-01, 6.607056575773e-04, 2.0590e+00, 7.4570e-03, 
 2DIAGNOSTIC,    56, -5.270007143199e-01, 6.499690951825e-04, 2.0673e+00, 8.2569e-03, 
 2DIAGNOSTIC,    57, -5.293518361172e-01, 6.191783282287e-04, 2.0754e+00, 8.1339e-03, 
 2DIAGNOSTIC,    58, -5.302855145689e-01, 6.375607006667e-04, 2.0840e+00, 8.5850e-03, 
 2DIAGNOSTIC,    59, -5.303778366520e-01, 6.265726247787e-04, 2.0925e+00, 8.4858e-03, 
 2DIAGNOSTIC,    60, -5.385509882128e-01, 6.544836720872e-04, 2.1068e+00, 1.4328e-02, 
 2DIAGNOSTIC,    61, -5.396898906356e-01, 6.398311521360e-04, 2.1139e+00, 7.0288e-03, 
 2DIAGNOSTIC,    62, -5.418528051105e-01, 6.003886570437e-04, 2.1217e+00, 7.8461e-03, 
 2DIAGNOSTIC,    63, -5.428073598062e-01, 5.392900438538e-04, 2.1283e+00, 6.6190e-03, 
 2DIAGNOSTIC,    64, -5.429501895491e-01, 4.612034776600e-04, 2.1370e+00, 8.6901e-03, 
 2DIAGNOSTIC,    65, -5.431816101000e-01, 3.835986878470e-04, 2.1447e+00, 7.7240e-03, 
 2DIAGNOSTIC,    66, -5.433942013564e-01, 3.245436859040e-04, 2.1514e+00, 6.6140e-03, 
 2DIAGNOSTIC,    67, -5.435705047905e-01, 2.589129908235e-04, 2.1582e+00, 6.8569e-03, 
 2DIAGNOSTIC,    68, -5.437810573141e-01, 1.811893332314e-04, 2.1688e+00, 1.0623e-02, 
 2DIAGNOSTIC,    69, -5.439931644044e-01, 8.953641085347e-05, 2.1757e+00, 6.8491e-03, 
 2DIAGNOSTIC,    70, -5.442666790173e-01, 6.250160950176e-05, 2.1823e+00, 6.6411e-03, 
 2DIAGNOSTIC,    71, -5.462602849422e-01, 5.553210498849e-05, 2.1912e+00, 8.8241e-03, 
 2DIAGNOSTIC,    72, -5.470310586700e-01, 6.650021845661e-05, 2.1998e+00, 8.6112e-03, 
 2DIAGNOSTIC,    73, -5.469576955600e-01, 7.779639333086e-05, 2.2064e+00, 6.6020e-03, 
 2DIAGNOSTIC,    74, -5.469618233592e-01, 8.274424249251e-05, 2.2132e+00, 6.8150e-03, 
 2DIAGNOSTIC,    75, -5.470566097523e-01, 8.211480412222e-05, 2.2201e+00, 6.8681e-03, 
 2DIAGNOSTIC,    76, -5.470710250971e-01, 7.504977755909e-05, 2.2275e+00, 7.4770e-03, 
 2DIAGNOSTIC,    77, -5.471853188415e-01, 6.303266296683e-05, 2.2371e+00, 9.5868e-03, 
 2DIAGNOSTIC,    78, -5.471126113776e-01, 4.653453801633e-05, 2.2475e+00, 1.0374e-02, 
 2DIAGNOSTIC,    79, -5.471126382572e-01, 2.783044571689e-05, 2.2615e+00, 1.4022e-02, 
 2DIAGNOSTIC,    80, -5.471126388437e-01, 8.604892351055e-06, 2.2969e+00, 3.5427e-02, 
 2DIAGNOSTIC,    81, -5.471126388437e-01, 3.034292226622e-06, 2.3052e+00, 8.2750e-03, 
 2DIAGNOSTIC,    82, -5.471126388437e-01, 2.753285762437e-06, 2.3145e+00, 9.2709e-03, 
 2DIAGNOSTIC,    83, -5.471126388437e-01, 1.764350189976e-06, 2.3224e+00, 7.8850e-03, 
DIAGNOSTIC,Iteration,metricValue,convergenceValue,ITERATION_TIME_INDEX,SINCE_LAST
 2DIAGNOSTIC,     1, -4.390253966315e-01, 1.797693134862e+308, 3.6385e+00, 1.3161e+00, 
 2DIAGNOSTIC,     2, -4.394381979048e-01, 1.797693134862e+308, 3.7026e+00, 6.4137e-02, 
 2DIAGNOSTIC,     3, -4.399300496541e-01, 1.797693134862e+308, 3.7681e+00, 6.5444e-02, 
 2DIAGNOSTIC,     4, -4.412793801352e-01, 1.797693134862e+308, 3.8352e+00, 6.7095e-02, 
 2DIAGNOSTIC,     5, -4.430129923827e-01, 1.797693134862e+308, 3.9007e+00, 6.5497e-02, 
 2DIAGNOSTIC,     6, -4.450034170098e-01, 1.797693134862e+308, 3.9771e+00, 7.6446e-02, 
 2DIAGNOSTIC,     7, -4.461468200927e-01, 1.797693134862e+308, 4.0714e+00, 9.4338e-02, 
 2DIAGNOSTIC,     8, -4.463977729941e-01, 1.797693134862e+308, 4.1522e+00, 8.0785e-02, 
 2DIAGNOSTIC,     9, -4.464721016482e-01, 1.797693134862e+308, 4.2257e+00, 7.3501e-02, 
 2DIAGNOSTIC,    10, -4.464653365781e-01, 1.331999457563e-03, 4.2989e+00, 7.3122e-02, 
 2DIAGNOSTIC,    11, -4.464626530690e-01, 1.059954569209e-03, 4.3892e+00, 9.0387e-02, 
 2DIAGNOSTIC,    12, -4.464581143743e-01, 7.607866454203e-04, 4.4615e+00, 7.2243e-02, 
 2DIAGNOSTIC,    13, -4.464544936530e-01, 4.638006468488e-04, 4.5436e+00, 8.2068e-02, 
 2DIAGNOSTIC,    14, -4.464492534943e-01, 2.285720886156e-04, 4.6168e+00, 7.3257e-02, 
 2DIAGNOSTIC,    15, -4.464435224518e-01, 7.620160629467e-05, 4.6803e+00, 6.3464e-02, 
 2DIAGNOSTIC,    16, -4.464387600351e-01, 1.438718823807e-05, 4.7449e+00, 6.4647e-02, 
 2DIAGNOSTIC,    17, -4.464568269799e-01, 2.170611087773e-06, 4.8178e+00, 7.2915e-02, 
DIAGNOSTIC,Iteration,metricValue,convergenceValue,ITERATION_TIME_INDEX,SINCE_LAST
 2DIAGNOSTIC,     1, -3.881955199749e-01, 1.797693134862e+308, 6.6676e+00, 1.8498e+00, 
 2DIAGNOSTIC,     2, -3.886236503653e-01, 1.797693134862e+308, 7.1751e+00, 5.0753e-01, 
 2DIAGNOSTIC,     3, -3.893134584926e-01, 1.797693134862e+308, 7.6854e+00, 5.1028e-01, 
 2DIAGNOSTIC,     4, -3.899357007154e-01, 1.797693134862e+308, 8.1991e+00, 5.1371e-01, 
 2DIAGNOSTIC,     5, -3.904182722969e-01, 1.797693134862e+308, 8.7100e+00, 5.1091e-01, 
 2DIAGNOSTIC,     6, -3.907679023161e-01, 1.797693134862e+308, 9.2215e+00, 5.1151e-01, 
 2DIAGNOSTIC,     7, -3.910623810801e-01, 1.797693134862e+308, 9.8385e+00, 6.1698e-01, 
 2DIAGNOSTIC,     8, -3.912604223045e-01, 1.797693134862e+308, 1.0459e+01, 6.2034e-01, 
 2DIAGNOSTIC,     9, -3.914526386424e-01, 1.797693134862e+308, 1.1006e+01, 5.4722e-01, 
 2DIAGNOSTIC,    10, -3.925348433929e-01, 6.410825790067e-04, 1.1525e+01, 5.1872e-01, 
 2DIAGNOSTIC,    11, -3.929871538376e-01, 5.773581744651e-04, 1.2155e+01, 6.2993e-01, 
 2DIAGNOSTIC,    12, -3.937931399012e-01, 5.470330839275e-04, 1.2872e+01, 7.1757e-01, 
 2DIAGNOSTIC,    13, -3.956639192244e-01, 6.145517985757e-04, 1.3507e+01, 6.3481e-01, 
 2DIAGNOSTIC,    14, -3.962798183708e-01, 6.783342446539e-04, 1.4040e+01, 5.3280e-01, 
 2DIAGNOSTIC,    15, -3.969917582154e-01, 7.292253511588e-04, 1.4568e+01, 5.2795e-01, 
 2DIAGNOSTIC,    16, -3.982210522043e-01, 7.783964610581e-04, 1.5238e+01, 6.7030e-01, 
 2DIAGNOSTIC,    17, -3.987018877839e-01, 7.821929302689e-04, 1.6033e+01, 7.9450e-01, 
 2DIAGNOSTIC,    18, -3.987736790114e-01, 7.239952499069e-04, 1.6632e+01, 5.9950e-01, 
 2DIAGNOSTIC,    19, -3.988434202993e-01, 6.147570850362e-04, 1.7144e+01, 5.1217e-01, 
 2DIAGNOSTIC,    20, -3.989202705108e-01, 5.020386446389e-04, 1.7662e+01, 5.1731e-01, 
 2DIAGNOSTIC,    21, -3.991255332771e-01, 3.756410357058e-04, 1.8187e+01, 5.2588e-01, 
 2DIAGNOSTIC,    22, -3.992692548676e-01, 2.554093294449e-04, 1.8713e+01, 5.2538e-01, 
 2DIAGNOSTIC,    23, -3.994460030669e-01, 1.863981458048e-04, 1.9730e+01, 1.0175e+00, 
 2DIAGNOSTIC,    24, -3.994462316228e-01, 1.243833838485e-04, 2.0324e+01, 5.9404e-01, 
 2DIAGNOSTIC,    25, -3.994495257280e-01, 7.568351556709e-05, 2.0829e+01, 5.0421e-01, 
 2DIAGNOSTIC,    26, -3.994538542974e-01, 5.755318236469e-05, 2.1339e+01, 5.1019e-01, 
 2DIAGNOSTIC,    27, -3.994651224821e-01, 4.848398323206e-05, 2.1843e+01, 5.0409e-01, 
 2DIAGNOSTIC,    28, -3.994846916288e-01, 3.791878890991e-05, 2.2351e+01, 5.0809e-01, 
 2DIAGNOSTIC,    29, -3.995140841866e-01, 2.711431472349e-05, 2.2856e+01, 5.0456e-01, 
 2DIAGNOSTIC,    30, -3.996510908939e-01, 1.965837256845e-05, 2.3668e+01, 8.1223e-01, 
 2DIAGNOSTIC,    31, -3.996743504437e-01, 1.609983198893e-05, 2.4173e+01, 5.0528e-01, 
 2DIAGNOSTIC,    32, -3.997021614999e-01, 1.510181412069e-05, 2.4683e+01, 5.0959e-01, 
 2DIAGNOSTIC,    33, -3.997421877548e-01, 1.757226713774e-05, 2.5201e+01, 5.1848e-01, 
 2DIAGNOSTIC,    34, -3.997848875696e-01, 1.919752412059e-05, 2.5794e+01, 5.9314e-01, 
 2DIAGNOSTIC,    35, -3.997954380734e-01, 1.922835500121e-05, 2.6305e+01, 5.1059e-01, 
 2DIAGNOSTIC,    36, -3.998505888312e-01, 1.870629425398e-05, 2.7209e+01, 9.0374e-01, 
 2DIAGNOSTIC,    37, -3.998628925704e-01, 1.698542216195e-05, 2.7952e+01, 7.4312e-01, 
 2DIAGNOSTIC,    38, -3.998632839514e-01, 1.421151835395e-05, 2.8541e+01, 5.8880e-01, 
 2DIAGNOSTIC,    39, -3.998594862043e-01, 1.072130077124e-05, 2.9143e+01, 6.0275e-01, 
 2DIAGNOSTIC,    40, -3.998545136676e-01, 8.830052314855e-06, 2.9727e+01, 5.8395e-01, 
 2DIAGNOSTIC,    41, -3.998548854995e-01, 6.669444787739e-06, 3.0312e+01, 5.8471e-01, 
 2DIAGNOSTIC,    42, -3.998552491280e-01, 4.513744252026e-06, 3.0900e+01, 5.8771e-01, 
 2DIAGNOSTIC,    43, -3.998545150644e-01, 2.749833481613e-06, 3.1506e+01, 6.0620e-01, 
 2DIAGNOSTIC,    44, -3.998529805072e-01, 1.556023922024e-06, 3.2098e+01, 5.9230e-01, 
DIAGNOSTIC,Iteration,metricValue,convergenceValue,ITERATION_TIME_INDEX,SINCE_LAST
 2DIAGNOSTIC,     1, -3.652451767421e-01, 1.797693134862e+308, 3.5979e+01, 3.8812e+00, 
 2DIAGNOSTIC,     2, -3.653238480161e-01, 1.797693134862e+308, 3.8974e+01, 2.9951e+00, 
 2DIAGNOSTIC,     3, -3.653890762699e-01, 1.797693134862e+308, 4.1977e+01, 3.0021e+00, 
 2DIAGNOSTIC,     4, -3.654200344817e-01, 1.797693134862e+308, 4.5828e+01, 3.8510e+00, 
 2DIAGNOSTIC,     5, -3.654398365430e-01, 1.797693134862e+308, 4.9288e+01, 3.4608e+00, 
 2DIAGNOSTIC,     6, -3.654680522933e-01, 1.797693134862e+308, 5.2680e+01, 3.3915e+00, 
 2DIAGNOSTIC,     7, -3.654688773891e-01, 1.797693134862e+308, 5.6498e+01, 3.8184e+00, 
 2DIAGNOSTIC,     8, -3.654694727866e-01, 1.797693134862e+308, 5.9952e+01, 3.4538e+00, 
 2DIAGNOSTIC,     9, -3.654738895277e-01, 1.797693134862e+308, 6.4674e+01, 4.7224e+00, 
 2DIAGNOSTIC,    10, -3.654743576348e-01, 3.772709855963e-05, 6.9338e+01, 4.6632e+00, 
 2DIAGNOSTIC,    11, -3.654745194125e-01, 2.247434048913e-05, 7.5252e+01, 5.9140e+00, 
 2DIAGNOSTIC,    12, -3.654746384609e-01, 1.303552961909e-05, 7.8710e+01, 3.4586e+00, 
 2DIAGNOSTIC,    13, -3.654745197643e-01, 7.993964167022e-06, 8.2577e+01, 3.8672e+00, 
 2DIAGNOSTIC,    14, -3.654744620617e-01, 4.869658113874e-06, 8.6020e+01, 3.4424e+00, 
 2DIAGNOSTIC,    15, -3.654743973008e-01, 2.906078984830e-06, 8.9034e+01, 3.0138e+00, 
 2DIAGNOSTIC,    16, -3.654743414321e-01, 2.487179421209e-06, 9.2035e+01, 3.0015e+00, 
 2DIAGNOSTIC,    17, -3.654743782437e-01, 2.112971096958e-06, 9.5479e+01, 3.4441e+00, 
 2DIAGNOSTIC,    18, -3.654744019674e-01, 1.779614488016e-06, 9.8496e+01, 3.0162e+00, 
 2DIAGNOSTIC,    19, -3.654743642878e-01, 1.659092172715e-06, 1.0197e+02, 3.4750e+00, 
 2DIAGNOSTIC,    20, -3.654744041157e-01, 1.571727047442e-06, 1.0547e+02, 3.4963e+00, 
 2DIAGNOSTIC,    21, -3.654743662526e-01, 1.498811945035e-06, 1.0892e+02, 3.4548e+00, 
 2DIAGNOSTIC,    22, -3.654743236162e-01, 1.436800856736e-06, 1.1234e+02, 3.4233e+00, 
 2DIAGNOSTIC,    23, -3.654742808646e-01, 1.375617951729e-06, 1.1540e+02, 3.0529e+00, 
 2DIAGNOSTIC,    24, -3.654742618578e-01, 1.317826442693e-06, 1.1842e+02, 3.0271e+00, 
 2DIAGNOSTIC,    25, -3.654739723491e-01, 1.254401823421e-06, 1.2230e+02, 3.8734e+00, 
 2DIAGNOSTIC,    26, -3.654740174176e-01, 1.197431058919e-06, 1.2577e+02, 3.4702e+00, 
 2DIAGNOSTIC,    27, -3.654739729389e-01, 1.146787246664e-06, 1.2883e+02, 3.0641e+00, 
 2DIAGNOSTIC,    28, -3.654738736097e-01, 1.100597346551e-06, 1.3309e+02, 4.2530e+00, 
 2DIAGNOSTIC,    29, -3.654738097654e-01, 1.058288653689e-06, 1.3649e+02, 3.4080e+00, 
 2DIAGNOSTIC,    30, -3.654737459076e-01, 1.021951888121e-06, 1.3995e+02, 3.4605e+00, 
  Elapsed time (stage 0): 1.4197e+02


Stage 1
  iterations = 1000x500x250x100
  convergence threshold = 1.0000e-06
  convergence window size = 10
  number of levels = 4
  using the Mattes MI metric (number of bins = 32, weight = 1.0000e+00, use gradient filter = 0)
  preprocessing:  winsorizing the image intensities
  Shrink factors (level 1 out of 4): [8, 8, 8]
  Shrink factors (level 2 out of 4): [4, 4, 4]
  Shrink factors (level 3 out of 4): [2, 2, 2]
  Shrink factors (level 4 out of 4): [1, 1, 1]
  smoothing sigmas per level: [3, 2, 1, 0]
  regular sampling (percentage = 2.5000e-01)

*** Running AffineTransform registration ***

DIAGNOSTIC,Iteration,metricValue,convergenceValue,ITERATION_TIME_INDEX,SINCE_LAST
 2DIAGNOSTIC,     1, -5.646521554179e-01, 1.797693134862e+308, 1.2179e+00, 1.2179e+00, 
 2DIAGNOSTIC,     2, -5.668089483474e-01, 1.797693134862e+308, 1.2259e+00, 7.9679e-03, 
 2DIAGNOSTIC,     3, -5.704719548537e-01, 1.797693134862e+308, 1.2335e+00, 7.6201e-03, 
 2DIAGNOSTIC,     4, -5.772674342762e-01, 1.797693134862e+308, 1.2412e+00, 7.7090e-03, 
 2DIAGNOSTIC,     5, -5.882933248406e-01, 1.797693134862e+308, 1.2490e+00, 7.7560e-03, 
 2DIAGNOSTIC,     6, -6.071387591448e-01, 1.797693134862e+308, 1.2574e+00, 8.4410e-03, 
 2DIAGNOSTIC,     7, -6.315941533081e-01, 1.797693134862e+308, 1.2653e+00, 7.9219e-03, 
 2DIAGNOSTIC,     8, -6.685060364699e-01, 1.797693134862e+308, 1.2738e+00, 8.4751e-03, 
 2DIAGNOSTIC,     9, -6.996866243131e-01, 1.797693134862e+308, 1.2881e+00, 1.4298e-02, 
 2DIAGNOSTIC,    10, -7.045888320644e-01, 1.625480326827e-02, 1.2962e+00, 8.1520e-03, 
 2DIAGNOSTIC,    11, -7.120062667137e-01, 1.607983947173e-02, 1.3046e+00, 8.3511e-03, 
 2DIAGNOSTIC,    12, -7.203232532591e-01, 1.488347048440e-02, 1.3132e+00, 8.5969e-03, 
 2DIAGNOSTIC,    13, -7.318657306730e-01, 1.304252769199e-02, 1.3231e+00, 9.9030e-03, 
 2DIAGNOSTIC,    14, -7.372791002506e-01, 1.068675651216e-02, 1.3327e+00, 9.5840e-03, 
 2DIAGNOSTIC,    15, -7.512158556260e-01, 8.436039517976e-03, 1.3465e+00, 1.3860e-02, 
 2DIAGNOSTIC,    16, -7.525157479646e-01, 6.276891430622e-03, 1.3556e+00, 9.0280e-03, 
 2DIAGNOSTIC,    17, -7.599470141747e-01, 4.612804890961e-03, 1.3650e+00, 9.4450e-03, 
 2DIAGNOSTIC,    18, -7.651989694825e-01, 3.701569423645e-03, 1.3744e+00, 9.3460e-03, 
 2DIAGNOSTIC,    19, -7.660215616291e-01, 3.261418693586e-03, 1.3837e+00, 9.3629e-03, 
 2DIAGNOSTIC,    20, -7.661639834619e-01, 2.674354067208e-03, 1.3921e+00, 8.3380e-03, 
 2DIAGNOSTIC,    21, -7.670757145438e-01, 2.065948705312e-03, 1.4004e+00, 8.3878e-03, 
 2DIAGNOSTIC,    22, -7.695150693754e-01, 1.524802420255e-03, 1.4090e+00, 8.5349e-03, 
 2DIAGNOSTIC,    23, -7.743451674880e-01, 1.182966591723e-03, 1.4175e+00, 8.4910e-03, 
 2DIAGNOSTIC,    24, -7.871659264671e-01, 1.064922770993e-03, 1.4267e+00, 9.1791e-03, 
 2DIAGNOSTIC,    25, -8.270885714917e-01, 1.725281616122e-03, 1.4457e+00, 1.9079e-02, 
 2DIAGNOSTIC,    26, -8.271982270695e-01, 2.170451789473e-03, 1.4544e+00, 8.7061e-03, 
 2DIAGNOSTIC,    27, -8.289720567492e-01, 2.517325161649e-03, 1.4630e+00, 8.5170e-03, 
 2DIAGNOSTIC,    28, -8.314331503740e-01, 2.715034514497e-03, 1.4714e+00, 8.4879e-03, 
 2DIAGNOSTIC,    29, -8.337940430447e-01, 2.679898821372e-03, 1.4810e+00, 9.5980e-03, 
 2DIAGNOSTIC,    30, -8.359824322361e-01, 2.417269601912e-03, 1.4896e+00, 8.5831e-03, 
 2DIAGNOSTIC,    31, -8.383869178316e-01, 1.988662336661e-03, 1.4994e+00, 9.7880e-03, 
 2DIAGNOSTIC,    32, -8.407634312628e-01, 1.469240315941e-03, 1.5143e+00, 1.4919e-02, 
 2DIAGNOSTIC,    33, -8.406641162238e-01, 9.033298848289e-04, 1.5239e+00, 9.6190e-03, 
 2DIAGNOSTIC,    34, -8.406260724413e-01, 4.224070397206e-04, 1.5342e+00, 1.0258e-02, 
 2DIAGNOSTIC,    35, -8.406861681253e-01, 3.715758624562e-04, 1.5429e+00, 8.6992e-03, 
 2DIAGNOSTIC,    36, -8.406361507293e-01, 2.889955839727e-04, 1.5515e+00, 8.5499e-03, 
 2DIAGNOSTIC,    37, -8.407304306166e-01, 2.028113024383e-04, 1.5599e+00, 8.4891e-03, 
 2DIAGNOSTIC,    38, -8.408386223154e-01, 1.281146566403e-04, 1.5695e+00, 9.5990e-03, 
 2DIAGNOSTIC,    39, -8.410938526407e-01, 7.103952268017e-05, 1.5781e+00, 8.5740e-03, 
 2DIAGNOSTIC,    40, -8.411461177139e-01, 3.117493261850e-05, 1.5878e+00, 9.6951e-03, 
 2DIAGNOSTIC,    41, -8.411899936009e-01, 1.245245493400e-05, 1.5964e+00, 8.5740e-03, 
 2DIAGNOSTIC,    42, -8.415504719770e-01, 1.811414124047e-05, 1.6060e+00, 9.5670e-03, 
 2DIAGNOSTIC,    43, -8.416731431086e-01, 2.194480888351e-05, 1.6145e+00, 8.5950e-03, 
 2DIAGNOSTIC,    44, -8.425270541749e-01, 3.045485169731e-05, 1.6259e+00, 1.1396e-02, 
 2DIAGNOSTIC,    45, -8.424363727535e-01, 3.534274171131e-05, 1.6355e+00, 9.5899e-03, 
 2DIAGNOSTIC,    46, -8.423653774092e-01, 3.584322536666e-05, 1.6451e+00, 9.6011e-03, 
 2DIAGNOSTIC,    47, -8.429363524549e-01, 3.828758907684e-05, 1.6548e+00, 9.6440e-03, 
 2DIAGNOSTIC,    48, -8.438746485702e-01, 4.485662668942e-05, 1.6666e+00, 1.1821e-02, 
 2DIAGNOSTIC,    49, -8.437715582994e-01, 4.782696998523e-05, 1.6935e+00, 2.6897e-02, 
 2DIAGNOSTIC,    50, -8.437715569311e-01, 4.674552048343e-05, 1.7020e+00, 8.5261e-03, 
 2DIAGNOSTIC,    51, -8.437715712668e-01, 4.175261777187e-05, 1.7113e+00, 9.2909e-03, 
 2DIAGNOSTIC,    52, -8.437715955062e-01, 3.551635583653e-05, 1.7199e+00, 8.6060e-03, 
 2DIAGNOSTIC,    53, -8.437716364891e-01, 2.673966041333e-05, 1.7284e+00, 8.5211e-03, 
 2DIAGNOSTIC,    54, -8.437717057743e-01, 2.166704313752e-05, 1.7369e+00, 8.4519e-03, 
 2DIAGNOSTIC,    55, -8.437718228887e-01, 1.434015752713e-05, 1.7454e+00, 8.5549e-03, 
 2DIAGNOSTIC,    56, -8.437720208001e-01, 5.476122230310e-06, 1.7541e+00, 8.6319e-03, 
DIAGNOSTIC,Iteration,metricValue,convergenceValue,ITERATION_TIME_INDEX,SINCE_LAST
 2DIAGNOSTIC,     1, -6.951775769724e-01, 1.797693134862e+308, 3.0716e+00, 1.3175e+00, 
 2DIAGNOSTIC,     2, -6.961177910376e-01, 1.797693134862e+308, 3.1539e+00, 8.2340e-02, 
 2DIAGNOSTIC,     3, -6.970970826334e-01, 1.797693134862e+308, 3.2360e+00, 8.2081e-02, 
 2DIAGNOSTIC,     4, -6.982054757188e-01, 1.797693134862e+308, 3.3179e+00, 8.1916e-02, 
 2DIAGNOSTIC,     5, -7.009792644059e-01, 1.797693134862e+308, 3.4003e+00, 8.2372e-02, 
 2DIAGNOSTIC,     6, -7.030719356521e-01, 1.797693134862e+308, 3.5719e+00, 1.7164e-01, 
 2DIAGNOSTIC,     7, -7.030896824317e-01, 1.797693134862e+308, 3.6732e+00, 1.0130e-01, 
 2DIAGNOSTIC,     8, -7.030541830004e-01, 1.797693134862e+308, 3.7648e+00, 9.1556e-02, 
 2DIAGNOSTIC,     9, -7.030412009745e-01, 1.797693134862e+308, 3.8553e+00, 9.0543e-02, 
 2DIAGNOSTIC,    10, -7.030274931926e-01, 8.435629739235e-04, 3.9470e+00, 9.1697e-02, 
 2DIAGNOSTIC,    11, -7.030006427482e-01, 6.088969406458e-04, 4.0387e+00, 9.1687e-02, 
 2DIAGNOSTIC,    12, -7.029846294191e-01, 3.911592032804e-04, 4.1206e+00, 8.1883e-02, 
 2DIAGNOSTIC,    13, -7.029739130063e-01, 2.032925114719e-04, 4.2122e+00, 9.1609e-02, 
 2DIAGNOSTIC,    14, -7.029870732146e-01, 5.501418879525e-05, 4.3040e+00, 9.1765e-02, 
DIAGNOSTIC,Iteration,metricValue,convergenceValue,ITERATION_TIME_INDEX,SINCE_LAST
 2DIAGNOSTIC,     1, -5.857686110157e-01, 1.797693134862e+308, 6.2629e+00, 1.9589e+00, 
 2DIAGNOSTIC,     2, -5.862907918737e-01, 1.797693134862e+308, 6.8832e+00, 6.2037e-01, 
 2DIAGNOSTIC,     3, -5.868696897880e-01, 1.797693134862e+308, 7.5230e+00, 6.3979e-01, 
 2DIAGNOSTIC,     4, -5.874900208176e-01, 1.797693134862e+308, 8.1499e+00, 6.2691e-01, 
 2DIAGNOSTIC,     5, -5.882772710658e-01, 1.797693134862e+308, 8.8656e+00, 7.1567e-01, 
 2DIAGNOSTIC,     6, -5.893292958429e-01, 1.797693134862e+308, 9.9377e+00, 1.0722e+00, 
 2DIAGNOSTIC,     7, -5.893323206522e-01, 1.797693134862e+308, 1.0634e+01, 6.9578e-01, 
 2DIAGNOSTIC,     8, -5.893390914650e-01, 1.797693134862e+308, 1.1270e+01, 6.3631e-01, 
 2DIAGNOSTIC,     9, -5.893458008945e-01, 1.797693134862e+308, 1.1973e+01, 7.0356e-01, 
 2DIAGNOSTIC,    10, -5.893441472139e-01, 4.386812355461e-04, 1.2845e+01, 8.7135e-01, 
 2DIAGNOSTIC,    11, -5.893428650511e-01, 3.109193328340e-04, 1.3713e+01, 8.6828e-01, 
 2DIAGNOSTIC,    12, -5.893382734073e-01, 1.977018102682e-04, 1.4335e+01, 6.2161e-01, 
 2DIAGNOSTIC,    13, -5.893374447283e-01, 1.061258952369e-04, 1.5206e+01, 8.7169e-01, 
 2DIAGNOSTIC,    14, -5.893371553399e-01, 3.927919636249e-05, 1.5940e+01, 7.3338e-01, 
 2DIAGNOSTIC,    15, -5.893356388190e-01, 2.306565576912e-06, 1.6635e+01, 6.9535e-01, 
 2DIAGNOSTIC,    16, -5.893362574992e-01, 1.717899016554e-06, 1.7335e+01, 6.9995e-01, 
 2DIAGNOSTIC,    17, -5.893350198610e-01, 1.271724554573e-06, 1.8032e+01, 6.9729e-01, 
 2DIAGNOSTIC,    18, -5.893337802489e-01, 1.074218260941e-06, 1.8729e+01, 6.9666e-01, 
 2DIAGNOSTIC,    19, -5.893337396079e-01, 1.131406623285e-06, 1.9509e+01, 7.7988e-01, 
 2DIAGNOSTIC,    20, -5.893330660462e-01, 1.176293528707e-06, 2.0210e+01, 7.0119e-01, 
 2DIAGNOSTIC,    21, -5.893311911912e-01, 1.185722437569e-06, 2.0826e+01, 6.1649e-01, 
 2DIAGNOSTIC,    22, -5.893308746394e-01, 1.118855056312e-06, 2.1447e+01, 6.2099e-01, 
 2DIAGNOSTIC,    23, -5.893307168258e-01, 1.067854816905e-06, 2.2155e+01, 7.0776e-01, 
 2DIAGNOSTIC,    24, -5.893297906249e-01, 1.026497121671e-06, 2.2858e+01, 7.0300e-01, 
 2DIAGNOSTIC,    25, -5.893306681262e-01, 1.003998205081e-06, 2.3640e+01, 7.8218e-01, 
DIAGNOSTIC,Iteration,metricValue,convergenceValue,ITERATION_TIME_INDEX,SINCE_LAST
 2DIAGNOSTIC,     1, -5.157019089181e-01, 1.797693134862e+308, 2.8593e+01, 4.9524e+00, 
 2DIAGNOSTIC,     2, -5.158776470790e-01, 1.797693134862e+308, 3.2597e+01, 4.0044e+00, 
 2DIAGNOSTIC,     3, -5.160458593418e-01, 1.797693134862e+308, 3.6608e+01, 4.0109e+00, 
 2DIAGNOSTIC,     4, -5.164475446566e-01, 1.797693134862e+308, 4.1080e+01, 4.4719e+00, 
 2DIAGNOSTIC,     5, -5.171960751093e-01, 1.797693134862e+308, 5.2237e+01, 1.1157e+01, 
