---------------------
Profiling information

Pipeline: ants registrationSyN-fp
NTHREAD: 1

DATASET: ds004513
SUBJECT_ID: s032

SIF_IMG: /mnt/lustre/mathdugre/containers/ants-debug.simg
DATA_DIR: /mnt/lustre/mathdugre/mri-bottleneck/datasets/ds004513

PROJECT_DIR: /mnt/lustre/mathdugre/mri-bottleneck
PROFILING_DIR: /mnt/lustre/mathdugre/mri-bottleneck/vtune_output/1-threads/ants/registrationSyN-fp/ds004513/sub-s032/lGrS4NbOTcs4MuTp1xNDV4fcH886L8X6
---------------------

Command to profile: bash tmp-scripts/lGrS4NbOTcs4MuTp1xNDV4fcH886L8X6.sh

--------------------------------------------------------------------------------------
 Mapping parameters
--------------------------------------------------------------------------------------
 ANTSPATH is /opt/ants/bin

 Dimensionality:           3
 Output name prefix:       /data/derivatives/ants/registrationSyN-fp/sub-s032/ses-open/anat/
 Fixed images:             /templateflow/tpl-MNI152NLin2009cAsym//tpl-MNI152NLin2009cAsym_res-01_desc-brain_T1w.nii.gz
 Moving images:            /data/derivatives/fsl/fast/sub-s032/ses-open/anat/BrainExtractionBrain_seg.nii.gz
 Mask images:              
 Initial transforms:       
 Number of threads:        1
 Spline distance:          26
 SyN gradient step:        0.1
 Transform type:           s
 CC radius:                4
 Precision:                f
 Use histogram matching    0
 Repro                     0
======================================================================================
 antsRegistration call:
--------------------------------------------------------------------------------------
/opt/ants/bin/antsRegistration --verbose 1 --dimensionality 3 --float 1 --collapse-output-transforms 1 --output [ /data/derivatives/ants/registrationSyN-fp/sub-s032/ses-open/anat/,/data/derivatives/ants/registrationSyN-fp/sub-s032/ses-open/anat/Warped.nii.gz,/data/derivatives/ants/registrationSyN-fp/sub-s032/ses-open/anat/InverseWarped.nii.gz ] --interpolation Linear --use-histogram-matching 0 --winsorize-image-intensities [ 0.005,0.995 ] --initial-moving-transform [ /templateflow/tpl-MNI152NLin2009cAsym//tpl-MNI152NLin2009cAsym_res-01_desc-brain_T1w.nii.gz,/data/derivatives/fsl/fast/sub-s032/ses-open/anat/BrainExtractionBrain_seg.nii.gz,1 ] --transform Rigid[ 0.1 ] --metric MI[ /templateflow/tpl-MNI152NLin2009cAsym//tpl-MNI152NLin2009cAsym_res-01_desc-brain_T1w.nii.gz,/data/derivatives/fsl/fast/sub-s032/ses-open/anat/BrainExtractionBrain_seg.nii.gz,1,32,Regular,0.25 ] --convergence [ 1000x500x250x100,1e-6,10 ] --shrink-factors 8x4x2x1 --smoothing-sigmas 3x2x1x0vox --transform Affine[ 0.1 ] --metric MI[ /templateflow/tpl-MNI152NLin2009cAsym//tpl-MNI152NLin2009cAsym_res-01_desc-brain_T1w.nii.gz,/data/derivatives/fsl/fast/sub-s032/ses-open/anat/BrainExtractionBrain_seg.nii.gz,1,32,Regular,0.25 ] --convergence [ 1000x500x250x100,1e-6,10 ] --shrink-factors 8x4x2x1 --smoothing-sigmas 3x2x1x0vox --transform SyN[ 0.1,3,0 ] --metric CC[ /templateflow/tpl-MNI152NLin2009cAsym//tpl-MNI152NLin2009cAsym_res-01_desc-brain_T1w.nii.gz,/data/derivatives/fsl/fast/sub-s032/ses-open/anat/BrainExtractionBrain_seg.nii.gz,1,4 ] --convergence [ 100x70x50x20,1e-6,10 ] --shrink-factors 8x4x2x1 --smoothing-sigmas 3x2x1x0vox
--------------------------------------------------------------------------------------
All_Command_lines_OK
Using single precision for computations.
=============================================================================
The composite transform comprises the following transforms (in order): 
  1. Center of mass alignment using fixed image: /templateflow/tpl-MNI152NLin2009cAsym//tpl-MNI152NLin2009cAsym_res-01_desc-brain_T1w.nii.gz and moving image: /data/derivatives/fsl/fast/sub-s032/ses-open/anat/BrainExtractionBrain_seg.nii.gz (type = Euler3DTransform)
=============================================================================
  number of levels = 4
  number of levels = 4
  number of levels = 4
  fixed image: /templateflow/tpl-MNI152NLin2009cAsym//tpl-MNI152NLin2009cAsym_res-01_desc-brain_T1w.nii.gz
  moving image: /data/derivatives/fsl/fast/sub-s032/ses-open/anat/BrainExtractionBrain_seg.nii.gz
  fixed image: /templateflow/tpl-MNI152NLin2009cAsym//tpl-MNI152NLin2009cAsym_res-01_desc-brain_T1w.nii.gz
  moving image: /data/derivatives/fsl/fast/sub-s032/ses-open/anat/BrainExtractionBrain_seg.nii.gz
  fixed image: /templateflow/tpl-MNI152NLin2009cAsym//tpl-MNI152NLin2009cAsym_res-01_desc-brain_T1w.nii.gz
  moving image: /data/derivatives/fsl/fast/sub-s032/ses-open/anat/BrainExtractionBrain_seg.nii.gz
Dimension = 3
Number of stages = 3
Use histogram matching = false
Winsorize image intensities = true
  Lower quantile = 0.005
  Upper quantile = 0.995


Stage 1 State
   Image metric = Mattes
     Fixed image = Image (0x55c2b0a068b0)
  RTTI typeinfo:   itk::Image<float, 3u>
  Reference Count: 2
  Modified Time: 1717
  Debug: Off
  Object Name: 
  Observers: 
    none
  Source: (none)
  Source output name: (none)
  Release Data: Off
  Data Released: False
  Global Release Data: Off
  PipelineMTime: 0
  UpdateMTime: 1502
  RealTimeStamp: 0 seconds 
  LargestPossibleRegion: 
    Dimension: 3
    Index: [0, 0, 0]
    Size: [193, 229, 193]
  BufferedRegion: 
    Dimension: 3
    Index: [0, 0, 0]
    Size: [193, 229, 193]
  RequestedRegion: 
    Dimension: 3
    Index: [0, 0, 0]
    Size: [193, 229, 193]
  Spacing: [1, 1, 1]
  Origin: [96, 132, -78]
  Direction: 
-1 0 0
0 -1 0
0 0 1

  IndexToPointMatrix: 
-1 0 0
0 -1 0
0 0 1

  PointToIndexMatrix: 
-1 0 0
0 -1 0
0 0 1

  Inverse Direction: 
-1 0 0
0 -1 0
0 0 1

  PixelContainer: 
    ImportImageContainer (0x55c2b0a0f330)
      RTTI typeinfo:   itk::ImportImageContainer<unsigned long, float>
      Reference Count: 1
      Modified Time: 1499
      Debug: Off
      Object Name: 
      Observers: 
        none
      Pointer: 0x7f6af5f92010
      Container manages memory: true
      Size: 8530021
      Capacity: 8530021

     Moving image = Image (0x55c2b0a10220)
  RTTI typeinfo:   itk::Image<float, 3u>
  Reference Count: 2
  Modified Time: 1718
  Debug: Off
  Object Name: 
  Observers: 
    none
  Source: (none)
  Source output name: (none)
  Release Data: Off
  Data Released: False
  Global Release Data: Off
  PipelineMTime: 0
  UpdateMTime: 1715
  RealTimeStamp: 0 seconds 
  LargestPossibleRegion: 
    Dimension: 3
    Index: [0, 0, 0]
    Size: [160, 240, 256]
  BufferedRegion: 
    Dimension: 3
    Index: [0, 0, 0]
    Size: [160, 240, 256]
  RequestedRegion: 
    Dimension: 3
    Index: [0, 0, 0]
    Size: [160, 240, 256]
  Spacing: [1, 1, 1]
  Origin: [73.279, 104.707, -131.187]
  Direction: 
-0.997527 0.0645574 -0.0278053
-0.0645323 -0.997914 -0.00179875
-0.0278634 4.01097e-08 0.999612

  IndexToPointMatrix: 
-0.997527 0.0645574 -0.0278053
-0.0645323 -0.997914 -0.00179875
-0.0278634 4.01097e-08 0.999612

  PointToIndexMatrix: 
-0.997527 -0.0645323 -0.0278634
0.0645574 -0.997914 4.01049e-08
-0.0278053 -0.00179875 0.999612

  Inverse Direction: 
-0.997527 -0.0645323 -0.0278634
0.0645574 -0.997914 4.01049e-08
-0.0278053 -0.00179875 0.999612

  PixelContainer: 
    ImportImageContainer (0x55c2b0ad1fd0)
      RTTI typeinfo:   itk::ImportImageContainer<unsigned long, float>
      Reference Count: 1
      Modified Time: 1712
      Debug: Off
      Object Name: 
      Observers: 
        none
      Pointer: 0x7f6af3a11010
      Container manages memory: true
      Size: 9830400
      Capacity: 9830400

     Weighting = 1
     Sampling strategy = regular
     Number of bins = 32
     Radius = 4
     Sampling percentage  = 0.25
   Transform = Rigid
     Gradient step = 0.1
     Update field sigma (voxel space) = 0
     Total field sigma (voxel space) = 0
     Update field time sigma = 0
     Total field time sigma  = 0
     Number of time indices = 0
     Number of time point samples = 0
Stage 2 State
   Image metric = Mattes
     Fixed image = Image (0x55c2b0a59ba0)
  RTTI typeinfo:   itk::Image<float, 3u>
  Reference Count: 2
  Modified Time: 2145
  Debug: Off
  Object Name: 
  Observers: 
    none
  Source: (none)
  Source output name: (none)
  Release Data: Off
  Data Released: False
  Global Release Data: Off
  PipelineMTime: 0
  UpdateMTime: 1930
  RealTimeStamp: 0 seconds 
  LargestPossibleRegion: 
    Dimension: 3
    Index: [0, 0, 0]
    Size: [193, 229, 193]
  BufferedRegion: 
    Dimension: 3
    Index: [0, 0, 0]
    Size: [193, 229, 193]
  RequestedRegion: 
    Dimension: 3
    Index: [0, 0, 0]
    Size: [193, 229, 193]
  Spacing: [1, 1, 1]
  Origin: [96, 132, -78]
  Direction: 
-1 0 0
0 -1 0
0 0 1

  IndexToPointMatrix: 
-1 0 0
0 -1 0
0 0 1

  PointToIndexMatrix: 
-1 0 0
0 -1 0
0 0 1

  Inverse Direction: 
-1 0 0
0 -1 0
0 0 1

  PixelContainer: 
    ImportImageContainer (0x55c2b0a5ad40)
      RTTI typeinfo:   itk::ImportImageContainer<unsigned long, float>
      Reference Count: 1
      Modified Time: 1927
      Debug: Off
      Object Name: 
      Observers: 
        none
      Pointer: 0x7f6af1986010
      Container manages memory: true
      Size: 8530021
      Capacity: 8530021

     Moving image = Image (0x55c2b0a68490)
  RTTI typeinfo:   itk::Image<float, 3u>
  Reference Count: 2
  Modified Time: 2146
  Debug: Off
  Object Name: 
  Observers: 
    none
  Source: (none)
  Source output name: (none)
  Release Data: Off
  Data Released: False
  Global Release Data: Off
  PipelineMTime: 0
  UpdateMTime: 2143
  RealTimeStamp: 0 seconds 
  LargestPossibleRegion: 
    Dimension: 3
    Index: [0, 0, 0]
    Size: [160, 240, 256]
  BufferedRegion: 
    Dimension: 3
    Index: [0, 0, 0]
    Size: [160, 240, 256]
  RequestedRegion: 
    Dimension: 3
    Index: [0, 0, 0]
    Size: [160, 240, 256]
  Spacing: [1, 1, 1]
  Origin: [73.279, 104.707, -131.187]
  Direction: 
-0.997527 0.0645574 -0.0278053
-0.0645323 -0.997914 -0.00179875
-0.0278634 4.01097e-08 0.999612

  IndexToPointMatrix: 
-0.997527 0.0645574 -0.0278053
-0.0645323 -0.997914 -0.00179875
-0.0278634 4.01097e-08 0.999612

  PointToIndexMatrix: 
-0.997527 -0.0645323 -0.0278634
0.0645574 -0.997914 4.01049e-08
-0.0278053 -0.00179875 0.999612

  Inverse Direction: 
-0.997527 -0.0645323 -0.0278634
0.0645574 -0.997914 4.01049e-08
-0.0278053 -0.00179875 0.999612

  PixelContainer: 
    ImportImageContainer (0x55c2b0b92150)
      RTTI typeinfo:   itk::ImportImageContainer<unsigned long, float>
      Reference Count: 1
      Modified Time: 2140
      Debug: Off
      Object Name: 
      Observers: 
        none
      Pointer: 0x7f6aef405010
      Container manages memory: true
      Size: 9830400
      Capacity: 9830400

     Weighting = 1
     Sampling strategy = regular
     Number of bins = 32
     Radius = 4
     Sampling percentage  = 0.25
   Transform = Affine
     Gradient step = 0.1
     Update field sigma (voxel space) = 0
     Total field sigma (voxel space) = 0
     Update field time sigma = 0
     Total field time sigma  = 0
     Number of time indices = 0
     Number of time point samples = 0
Stage 3 State
   Image metric = CC
     Fixed image = Image (0x55c2b0a588d0)
  RTTI typeinfo:   itk::Image<float, 3u>
  Reference Count: 2
  Modified Time: 2573
  Debug: Off
  Object Name: 
  Observers: 
    none
  Source: (none)
  Source output name: (none)
  Release Data: Off
  Data Released: False
  Global Release Data: Off
  PipelineMTime: 0
  UpdateMTime: 2358
  RealTimeStamp: 0 seconds 
  LargestPossibleRegion: 
    Dimension: 3
    Index: [0, 0, 0]
    Size: [193, 229, 193]
  BufferedRegion: 
    Dimension: 3
    Index: [0, 0, 0]
    Size: [193, 229, 193]
  RequestedRegion: 
    Dimension: 3
    Index: [0, 0, 0]
    Size: [193, 229, 193]
  Spacing: [1, 1, 1]
  Origin: [96, 132, -78]
  Direction: 
-1 0 0
0 -1 0
0 0 1

  IndexToPointMatrix: 
-1 0 0
0 -1 0
0 0 1

  PointToIndexMatrix: 
-1 0 0
0 -1 0
0 0 1

  Inverse Direction: 
-1 0 0
0 -1 0
0 0 1

  PixelContainer: 
    ImportImageContainer (0x55c2b0a6b400)
      RTTI typeinfo:   itk::ImportImageContainer<unsigned long, float>
      Reference Count: 1
      Modified Time: 2355
      Debug: Off
      Object Name: 
      Observers: 
        none
      Pointer: 0x7f6aed37a010
      Container manages memory: true
      Size: 8530021
      Capacity: 8530021

     Moving image = Image (0x55c2b0a6aa00)
  RTTI typeinfo:   itk::Image<float, 3u>
  Reference Count: 2
  Modified Time: 2574
  Debug: Off
  Object Name: 
  Observers: 
    none
  Source: (none)
  Source output name: (none)
  Release Data: Off
  Data Released: False
  Global Release Data: Off
  PipelineMTime: 0
  UpdateMTime: 2571
  RealTimeStamp: 0 seconds 
  LargestPossibleRegion: 
    Dimension: 3
    Index: [0, 0, 0]
    Size: [160, 240, 256]
  BufferedRegion: 
    Dimension: 3
    Index: [0, 0, 0]
    Size: [160, 240, 256]
  RequestedRegion: 
    Dimension: 3
    Index: [0, 0, 0]
    Size: [160, 240, 256]
  Spacing: [1, 1, 1]
  Origin: [73.279, 104.707, -131.187]
  Direction: 
-0.997527 0.0645574 -0.0278053
-0.0645323 -0.997914 -0.00179875
-0.0278634 4.01097e-08 0.999612

  IndexToPointMatrix: 
-0.997527 0.0645574 -0.0278053
-0.0645323 -0.997914 -0.00179875
-0.0278634 4.01097e-08 0.999612

  PointToIndexMatrix: 
-0.997527 -0.0645323 -0.0278634
0.0645574 -0.997914 4.01049e-08
-0.0278053 -0.00179875 0.999612

  Inverse Direction: 
-0.997527 -0.0645323 -0.0278634
0.0645574 -0.997914 4.01049e-08
-0.0278053 -0.00179875 0.999612

  PixelContainer: 
    ImportImageContainer (0x55c2b0b720d0)
      RTTI typeinfo:   itk::ImportImageContainer<unsigned long, float>
      Reference Count: 1
      Modified Time: 2568
      Debug: Off
      Object Name: 
      Observers: 
        none
      Pointer: 0x7f6aeadf9010
      Container manages memory: true
      Size: 9830400
      Capacity: 9830400

     Weighting = 1
     Sampling strategy = none
     Number of bins = 32
     Radius = 4
     Sampling percentage  = 1
   Transform = SyN
     Gradient step = 0.1
     Update field sigma (voxel space) = 3
     Total field sigma (voxel space) = 0
     Update field time sigma = 0
     Total field time sigma  = 0
     Number of time indices = 0
     Number of time point samples = 0
Registration using 3 total stages.

Stage 0
  iterations = 1000x500x250x100
  convergence threshold = 1e-06
  convergence window size = 10
  number of levels = 4
  using the Mattes MI metric (number of bins = 32, weight = 1, use gradient filter = 0)
  preprocessing:  winsorizing the image intensities
  Shrink factors (level 1 out of 4): [8, 8, 8]
  Shrink factors (level 2 out of 4): [4, 4, 4]
  Shrink factors (level 3 out of 4): [2, 2, 2]
  Shrink factors (level 4 out of 4): [1, 1, 1]
  smoothing sigmas per level: [3, 2, 1, 0]
  regular sampling (percentage = 0.25)

*** Running Euler3DTransform registration ***

DIAGNOSTIC,Iteration,metricValue,convergenceValue,ITERATION_TIME_INDEX,SINCE_LAST
 2DIAGNOSTIC,     1, -5.788576602936e-01, inf, 1.3574e+00, 1.3574e+00, 
 2DIAGNOSTIC,     2, -5.825872421265e-01, inf, 1.3650e+00, 7.6199e-03, 
 2DIAGNOSTIC,     3, -5.874799489975e-01, inf, 1.3725e+00, 7.5340e-03, 
 2DIAGNOSTIC,     4, -5.943803191185e-01, inf, 1.3802e+00, 7.6861e-03, 
 2DIAGNOSTIC,     5, -6.036794185638e-01, inf, 1.3878e+00, 7.5889e-03, 
 2DIAGNOSTIC,     6, -6.194210648537e-01, inf, 1.4081e+00, 2.0290e-02, 
 2DIAGNOSTIC,     7, -6.418800354004e-01, inf, 1.4181e+00, 9.9940e-03, 
 2DIAGNOSTIC,     8, -6.634454727173e-01, inf, 1.4287e+00, 1.0597e-02, 
 2DIAGNOSTIC,     9, -6.677896976471e-01, inf, 1.4362e+00, 7.5080e-03, 
 2DIAGNOSTIC,    10, -6.689302325249e-01, 1.110981684178e-02, 1.4630e+00, 2.6827e-02, 
 2DIAGNOSTIC,    11, -6.709921956062e-01, 1.003016997129e-02, 1.4825e+00, 1.9417e-02, 
 2DIAGNOSTIC,    12, -6.746436953545e-01, 8.507469668984e-03, 1.4962e+00, 1.3701e-02, 
 2DIAGNOSTIC,    13, -6.757004261017e-01, 6.663155276328e-03, 1.5038e+00, 7.6890e-03, 
 2DIAGNOSTIC,    14, -6.770368814468e-01, 4.764482378960e-03, 1.5137e+00, 9.8209e-03, 
 2DIAGNOSTIC,    15, -6.772873401642e-01, 2.989082131535e-03, 1.5213e+00, 7.6280e-03, 
 2DIAGNOSTIC,    16, -6.772668361664e-01, 1.601190306246e-03, 1.5289e+00, 7.5681e-03, 
 2DIAGNOSTIC,    17, -6.776314973831e-01, 8.159406716004e-04, 1.5366e+00, 7.7031e-03, 
 2DIAGNOSTIC,    18, -6.779857277870e-01, 5.806471453980e-04, 1.5443e+00, 7.6890e-03, 
 2DIAGNOSTIC,    19, -6.789376735687e-01, 4.406220396049e-04, 1.5528e+00, 8.4989e-03, 
 2DIAGNOSTIC,    20, -6.790994405746e-01, 3.025651967619e-04, 1.5759e+00, 2.3175e-02, 
 2DIAGNOSTIC,    21, -6.794474124908e-01, 1.991901954170e-04, 1.5836e+00, 7.7159e-03, 
 2DIAGNOSTIC,    22, -6.797313690186e-01, 1.650322228670e-04, 1.5916e+00, 7.9269e-03, 
 2DIAGNOSTIC,    23, -6.804347038269e-01, 1.510999427410e-04, 1.6111e+00, 1.9478e-02, 
 2DIAGNOSTIC,    24, -6.827126741409e-01, 1.892407599371e-04, 1.6243e+00, 1.3239e-02, 
 2DIAGNOSTIC,    25, -6.830514669418e-01, 2.159633877454e-04, 1.6420e+00, 1.7707e-02, 
 2DIAGNOSTIC,    26, -6.830628514290e-01, 2.207564102719e-04, 1.6564e+00, 1.4435e-02, 
 2DIAGNOSTIC,    27, -6.831477880478e-01, 2.123151934939e-04, 1.6680e+00, 1.1537e-02, 
 2DIAGNOSTIC,    28, -6.832143664360e-01, 1.905205281219e-04, 1.6758e+00, 7.8468e-03, 
 2DIAGNOSTIC,    29, -6.832156181335e-01, 1.660219422774e-04, 1.6834e+00, 7.6110e-03, 
 2DIAGNOSTIC,    30, -6.833938956261e-01, 1.324191980530e-04, 1.6911e+00, 7.6270e-03, 
 2DIAGNOSTIC,    31, -6.836393475533e-01, 9.731646423461e-05, 1.7029e+00, 1.1860e-02, 
 2DIAGNOSTIC,    32, -6.838440895081e-01, 6.201641372172e-05, 1.7103e+00, 7.3609e-03, 
 2DIAGNOSTIC,    33, -6.839994788170e-01, 3.350471160957e-05, 1.7181e+00, 7.8020e-03, 
 2DIAGNOSTIC,    34, -6.847654581070e-01, 4.194453504169e-05, 1.7258e+00, 7.7522e-03, 
 2DIAGNOSTIC,    35, -6.876967549324e-01, 8.578326378483e-05, 1.7358e+00, 9.9900e-03, 
 2DIAGNOSTIC,    36, -6.886218786240e-01, 1.292248780373e-04, 1.7444e+00, 8.6100e-03, 
 2DIAGNOSTIC,    37, -6.900319457054e-01, 1.754987169988e-04, 1.7686e+00, 2.4202e-02, 
 2DIAGNOSTIC,    38, -6.903269290924e-01, 2.069020119961e-04, 1.7762e+00, 7.5331e-03, 
 2DIAGNOSTIC,    39, -6.906166076660e-01, 2.202015748480e-04, 1.7849e+00, 8.7500e-03, 
 2DIAGNOSTIC,    40, -6.908732056618e-01, 2.161217125831e-04, 1.8030e+00, 1.8113e-02, 
 2DIAGNOSTIC,    41, -6.910412907600e-01, 1.957808417501e-04, 1.8111e+00, 8.1151e-03, 
 2DIAGNOSTIC,    42, -6.911019086838e-01, 1.608039892744e-04, 1.8189e+00, 7.7100e-03, 
 2DIAGNOSTIC,    43, -6.911407709122e-01, 1.143667614087e-04, 1.8262e+00, 7.3950e-03, 
 2DIAGNOSTIC,    44, -6.911445260048e-01, 6.616482278332e-05, 1.8360e+00, 9.7320e-03, 
 2DIAGNOSTIC,    45, -6.911457180977e-01, 4.149847882218e-05, 1.8458e+00, 9.7980e-03, 
 2DIAGNOSTIC,    46, -6.911478042603e-01, 2.226340802736e-05, 1.8534e+00, 7.5979e-03, 
 2DIAGNOSTIC,    47, -6.911488771439e-01, 1.451591197110e-05, 1.8607e+00, 7.3469e-03, 
 2DIAGNOSTIC,    48, -6.911507248878e-01, 8.368733688258e-06, 1.8694e+00, 8.7008e-03, 
 2DIAGNOSTIC,    49, -6.911503076553e-01, 4.203959178994e-06, 1.8781e+00, 8.6360e-03, 
 2DIAGNOSTIC,    50, -6.911505460739e-01, 2.016377038672e-06, 1.8875e+00, 9.3949e-03, 
 2DIAGNOSTIC,    51, -6.911518573761e-01, 1.180994559036e-06, 1.8981e+00, 1.0681e-02, 
DIAGNOSTIC,Iteration,metricValue,convergenceValue,ITERATION_TIME_INDEX,SINCE_LAST
 2DIAGNOSTIC,     1, -5.388800501823e-01, inf, 3.2148e+00, 1.3166e+00, 
 2DIAGNOSTIC,     2, -5.390329360962e-01, inf, 3.2929e+00, 7.8099e-02, 
 2DIAGNOSTIC,     3, -5.392153859138e-01, inf, 3.3638e+00, 7.0932e-02, 
 2DIAGNOSTIC,     4, -5.396258234978e-01, inf, 3.4344e+00, 7.0628e-02, 
 2DIAGNOSTIC,     5, -5.402953028679e-01, inf, 3.5060e+00, 7.1587e-02, 
 2DIAGNOSTIC,     6, -5.417261123657e-01, inf, 3.5873e+00, 8.1290e-02, 
 2DIAGNOSTIC,     7, -5.425443649292e-01, inf, 3.6679e+00, 8.0550e-02, 
 2DIAGNOSTIC,     8, -5.428144931793e-01, inf, 3.7391e+00, 7.1235e-02, 
 2DIAGNOSTIC,     9, -5.441778302193e-01, inf, 3.8141e+00, 7.4968e-02, 
 2DIAGNOSTIC,    10, -5.513128638268e-01, 1.107211690396e-03, 3.9000e+00, 8.5926e-02, 
 2DIAGNOSTIC,    11, -5.567343831062e-01, 1.561591518112e-03, 3.9861e+00, 8.6138e-02, 
 2DIAGNOSTIC,    12, -5.578040480614e-01, 1.849485328421e-03, 4.0686e+00, 8.2453e-02, 
 2DIAGNOSTIC,    13, -5.583694577217e-01, 1.961795613170e-03, 4.1394e+00, 7.0859e-02, 
 2DIAGNOSTIC,    14, -5.588715672493e-01, 1.915515866131e-03, 4.2209e+00, 8.1436e-02, 
 2DIAGNOSTIC,    15, -5.595394968987e-01, 1.741654938087e-03, 4.2928e+00, 7.1935e-02, 
 2DIAGNOSTIC,    16, -5.609191656113e-01, 1.517496770248e-03, 4.3672e+00, 7.4403e-02, 
 2DIAGNOSTIC,    17, -5.654873251915e-01, 1.346190343611e-03, 4.4514e+00, 8.4141e-02, 
 2DIAGNOSTIC,    18, -5.687677860260e-01, 1.172457239591e-03, 4.5239e+00, 7.2501e-02, 
 2DIAGNOSTIC,    19, -5.726770162582e-01, 1.047861063853e-03, 4.6145e+00, 9.0593e-02, 
 2DIAGNOSTIC,    20, -5.740452408791e-01, 1.053852611221e-03, 4.6936e+00, 7.9122e-02, 
 2DIAGNOSTIC,    21, -5.747481584549e-01, 1.111118821427e-03, 4.7643e+00, 7.0714e-02, 
 2DIAGNOSTIC,    22, -5.766515135765e-01, 1.127853291109e-03, 4.8453e+00, 8.1050e-02, 
 2DIAGNOSTIC,    23, -5.783382058144e-01, 1.085702679120e-03, 4.9158e+00, 7.0481e-02, 
 2DIAGNOSTIC,    24, -5.804572105408e-01, 1.000791322440e-03, 4.9967e+00, 8.0925e-02, 
 2DIAGNOSTIC,    25, -5.816963911057e-01, 8.684497443028e-04, 5.0808e+00, 8.4009e-02, 
 2DIAGNOSTIC,    26, -5.821233987808e-01, 6.999412435107e-04, 5.1726e+00, 9.1793e-02, 
 2DIAGNOSTIC,    27, -5.822383165359e-01, 5.662619369105e-04, 5.3233e+00, 1.5071e-01, 
 2DIAGNOSTIC,    28, -5.822395086288e-01, 4.468096594792e-04, 5.4020e+00, 7.8742e-02, 
 2DIAGNOSTIC,    29, -5.823158621788e-01, 3.628133563325e-04, 5.4804e+00, 7.8374e-02, 
 2DIAGNOSTIC,    30, -5.822988152504e-01, 2.732402062975e-04, 5.5584e+00, 7.8022e-02, 
 2DIAGNOSTIC,    31, -5.823452472687e-01, 1.759588631103e-04, 5.6258e+00, 6.7410e-02, 
 2DIAGNOSTIC,    32, -5.824159383774e-01, 9.944150951924e-05, 5.7038e+00, 7.7969e-02, 
 2DIAGNOSTIC,    33, -5.825059413910e-01, 4.490193532547e-05, 5.7727e+00, 6.8877e-02, 
 2DIAGNOSTIC,    34, -5.825391411781e-01, 2.093688271998e-05, 5.8412e+00, 6.8538e-02, 
 2DIAGNOSTIC,    35, -5.826497077942e-01, 1.575373426022e-05, 5.9182e+00, 7.7029e-02, 
 2DIAGNOSTIC,    36, -5.827078223228e-01, 1.617416455701e-05, 5.9982e+00, 7.9957e-02, 
 2DIAGNOSTIC,    37, -5.827137231827e-01, 1.674801023910e-05, 6.0666e+00, 6.8425e-02, 
 2DIAGNOSTIC,    38, -5.827674269676e-01, 1.649020487093e-05, 6.1537e+00, 8.7051e-02, 
 2DIAGNOSTIC,    39, -5.827943682671e-01, 1.609072933206e-05, 6.2333e+00, 7.9668e-02, 
 2DIAGNOSTIC,    40, -5.828218460083e-01, 1.437328501197e-05, 6.3118e+00, 7.8486e-02, 
 2DIAGNOSTIC,    41, -5.828201174736e-01, 1.197807614517e-05, 6.4006e+00, 8.8803e-02, 
 2DIAGNOSTIC,    42, -5.827987194061e-01, 9.219516869052e-06, 6.4763e+00, 7.5715e-02, 
 2DIAGNOSTIC,    43, -5.827760696411e-01, 6.585635219380e-06, 6.5538e+00, 7.7480e-02, 
 2DIAGNOSTIC,    44, -5.827898383141e-01, 4.019978405267e-06, 6.6492e+00, 9.5385e-02, 
 2DIAGNOSTIC,    45, -5.827856659889e-01, 2.413640459054e-06, 6.7351e+00, 8.5893e-02, 
 2DIAGNOSTIC,    46, -5.827707052231e-01, 1.194879473587e-06, 6.8118e+00, 7.6671e-02, 
DIAGNOSTIC,Iteration,metricValue,convergenceValue,ITERATION_TIME_INDEX,SINCE_LAST
 2DIAGNOSTIC,     1, -5.132636427879e-01, inf, 8.6003e+00, 1.7885e+00, 
 2DIAGNOSTIC,     2, -5.137585401535e-01, inf, 9.1129e+00, 5.1260e-01, 
 2DIAGNOSTIC,     3, -5.142924189568e-01, inf, 9.6249e+00, 5.1204e-01, 
 2DIAGNOSTIC,     4, -5.147530436516e-01, inf, 1.0150e+01, 5.2488e-01, 
 2DIAGNOSTIC,     5, -5.151553750038e-01, inf, 1.0661e+01, 5.1105e-01, 
 2DIAGNOSTIC,     6, -5.153831839561e-01, inf, 1.1172e+01, 5.1135e-01, 
 2DIAGNOSTIC,     7, -5.157989859581e-01, inf, 1.1755e+01, 5.8260e-01, 
 2DIAGNOSTIC,     8, -5.159252882004e-01, inf, 1.2407e+01, 6.5207e-01, 
 2DIAGNOSTIC,     9, -5.162241458893e-01, inf, 1.3062e+01, 6.5478e-01, 
 2DIAGNOSTIC,    10, -5.163173079491e-01, 3.827991313301e-04, 1.3570e+01, 5.0856e-01, 
 2DIAGNOSTIC,    11, -5.165671706200e-01, 3.057175199501e-04, 1.4154e+01, 5.8371e-01, 
 2DIAGNOSTIC,    12, -5.167915225029e-01, 2.468307502568e-04, 1.4663e+01, 5.0922e-01, 
 2DIAGNOSTIC,    13, -5.168492794037e-01, 1.995946513489e-04, 1.5174e+01, 5.1099e-01, 
 2DIAGNOSTIC,    14, -5.168825984001e-01, 1.605608267710e-04, 1.5777e+01, 6.0278e-01, 
 2DIAGNOSTIC,    15, -5.169289112091e-01, 1.287913619308e-04, 1.6530e+01, 7.5349e-01, 
 2DIAGNOSTIC,    16, -5.169520974159e-01, 9.765700087883e-05, 1.7132e+01, 6.0207e-01, 
 2DIAGNOSTIC,    17, -5.169579386711e-01, 7.495658064727e-05, 1.7804e+01, 6.7138e-01, 
 2DIAGNOSTIC,    18, -5.169568657875e-01, 5.172998862690e-05, 1.8382e+01, 5.7821e-01, 
 2DIAGNOSTIC,    19, -5.169573426247e-01, 3.510493843351e-05, 1.8961e+01, 5.7870e-01, 
 2DIAGNOSTIC,    20, -5.169572830200e-01, 1.948133103724e-05, 1.9694e+01, 7.3371e-01, 
 2DIAGNOSTIC,    21, -5.169548392296e-01, 1.001924283628e-05, 2.0573e+01, 8.7860e-01, 
 2DIAGNOSTIC,    22, -5.169551968575e-01, 6.235037290026e-06, 2.1176e+01, 6.0299e-01, 
 2DIAGNOSTIC,    23, -5.169551968575e-01, 3.713896603585e-06, 2.1758e+01, 5.8176e-01, 
 2DIAGNOSTIC,    24, -5.169551968575e-01, 1.926587174239e-06, 2.2266e+01, 5.0769e-01, 
 2DIAGNOSTIC,    25, -5.169551372528e-01, 1.231749592989e-06, 2.2775e+01, 5.0919e-01, 
 2DIAGNOSTIC,    26, -5.169551968575e-01, 1.083920892597e-06, 2.3355e+01, 5.8044e-01, 
 2DIAGNOSTIC,    27, -5.169553756714e-01, 1.083859388018e-06, 2.3958e+01, 6.0271e-01, 
 2DIAGNOSTIC,    28, -5.169550776482e-01, 1.064697698894e-06, 2.4550e+01, 5.9244e-01, 
 2DIAGNOSTIC,    29, -5.169553160667e-01, 1.067129801413e-06, 2.5271e+01, 7.2030e-01, 
 2DIAGNOSTIC,    30, -5.169553756714e-01, 1.073590510714e-06, 2.5853e+01, 5.8240e-01, 
 2DIAGNOSTIC,    31, -5.169554352760e-01, 1.035896730173e-06, 2.6452e+01, 5.9909e-01, 
 2DIAGNOSTIC,    32, -5.169551968575e-01, 1.001801251732e-06, 2.7040e+01, 5.8778e-01, 
DIAGNOSTIC,Iteration,metricValue,convergenceValue,ITERATION_TIME_INDEX,SINCE_LAST
 2DIAGNOSTIC,     1, -4.759666323662e-01, inf, 3.1148e+01, 4.1077e+00, 
 2DIAGNOSTIC,     2, -4.761603474617e-01, inf, 3.4868e+01, 3.7205e+00, 
 2DIAGNOSTIC,     3, -4.761768579483e-01, inf, 3.8132e+01, 3.2634e+00, 
 2DIAGNOSTIC,     4, -4.761847257614e-01, inf, 4.2313e+01, 4.1812e+00, 
 2DIAGNOSTIC,     5, -4.761862456799e-01, inf, 4.7410e+01, 5.0971e+00, 
 2DIAGNOSTIC,     6, -4.761852324009e-01, inf, 5.1598e+01, 4.1884e+00, 
 2DIAGNOSTIC,     7, -4.761851131916e-01, inf, 5.5322e+01, 3.7237e+00, 
 2DIAGNOSTIC,     8, -4.761858284473e-01, inf, 5.9064e+01, 3.7416e+00, 
 2DIAGNOSTIC,     9, -4.761857688427e-01, inf, 6.3243e+01, 4.1793e+00, 
 2DIAGNOSTIC,    10, -4.761858284473e-01, 1.796677861421e-05, 6.6968e+01, 3.7253e+00, 
 2DIAGNOSTIC,    11, -4.761855304241e-01, 4.711715064332e-06, 7.0696e+01, 3.7278e+00, 
 2DIAGNOSTIC,    12, -4.761853218079e-01, 3.110653096883e-06, 7.4445e+01, 3.7493e+00, 
 2DIAGNOSTIC,    13, -4.761853516102e-01, 2.463182909196e-06, 7.8696e+01, 4.2508e+00, 
 2DIAGNOSTIC,    14, -4.761852920055e-01, 2.236741693196e-06, 8.2441e+01, 3.7445e+00, 
 2DIAGNOSTIC,    15, -4.761850535870e-01, 2.096249772876e-06, 8.6164e+01, 3.7229e+00, 
 2DIAGNOSTIC,    16, -4.761851727962e-01, 1.943079723787e-06, 8.9883e+01, 3.7195e+00, 
 2DIAGNOSTIC,    17, -4.761852324009e-01, 1.809182663237e-06, 9.4059e+01, 4.1764e+00, 
 2DIAGNOSTIC,    18, -4.761854112148e-01, 1.725340212033e-06, 9.8699e+01, 4.6392e+00, 
 2DIAGNOSTIC,    19, -4.761853218079e-01, 1.649233922763e-06, 1.0196e+02, 3.2616e+00, 
 2DIAGNOSTIC,    20, -4.761857092381e-01, 1.596881020305e-06, 1.0568e+02, 3.7173e+00, 
 2DIAGNOSTIC,    21, -4.761854410172e-01, 1.532681835670e-06, 1.0939e+02, 3.7140e+00, 
 2DIAGNOSTIC,    22, -4.761853218079e-01, 1.463844569116e-06, 1.1403e+02, 4.6360e+00, 
 2DIAGNOSTIC,    23, -4.761851131916e-01, 1.394791524945e-06, 1.1774e+02, 3.7169e+00, 
 2DIAGNOSTIC,    24, -4.761851727962e-01, 1.330612803940e-06, 1.2146e+02, 3.7141e+00, 
 2DIAGNOSTIC,    25, -4.761852025986e-01, 1.265836544917e-06, 1.2518e+02, 3.7165e+00, 
 2DIAGNOSTIC,    26, -4.761851727962e-01, 1.208691401189e-06, 1.2889e+02, 3.7135e+00, 
 2DIAGNOSTIC,    27, -4.761851429939e-01, 1.157966380561e-06, 1.3260e+02, 3.7137e+00, 
 2DIAGNOSTIC,    28, -4.761852622032e-01, 1.119284320339e-06, 1.3632e+02, 3.7187e+00, 
 2DIAGNOSTIC,    29, -4.761852324009e-01, 1.081974119188e-06, 1.4003e+02, 3.7133e+00, 
 2DIAGNOSTIC,    30, -4.761852025986e-01, 1.055759412338e-06, 1.4423e+02, 4.1908e+00, 
 2DIAGNOSTIC,    31, -4.761851131916e-01, 1.024877633427e-06, 1.4795e+02, 3.7208e+00, 
  Elapsed time (stage 0): 1.4997e+02


Stage 1
  iterations = 1000x500x250x100
  convergence threshold = 1.0000e-06
  convergence window size = 10
  number of levels = 4
  using the Mattes MI metric (number of bins = 32, weight = 1.0000e+00, use gradient filter = 0)
  preprocessing:  winsorizing the image intensities
  Shrink factors (level 1 out of 4): [8, 8, 8]
  Shrink factors (level 2 out of 4): [4, 4, 4]
  Shrink factors (level 3 out of 4): [2, 2, 2]
  Shrink factors (level 4 out of 4): [1, 1, 1]
  smoothing sigmas per level: [3, 2, 1, 0]
  regular sampling (percentage = 2.5000e-01)

*** Running AffineTransform registration ***

DIAGNOSTIC,Iteration,metricValue,convergenceValue,ITERATION_TIME_INDEX,SINCE_LAST
 2DIAGNOSTIC,     1, -6.986740231514e-01, inf, 1.1751e+00, 1.1751e+00, 
 2DIAGNOSTIC,     2, -7.005879282951e-01, inf, 1.1835e+00, 8.4541e-03, 
 2DIAGNOSTIC,     3, -7.035101652145e-01, inf, 1.1924e+00, 8.8460e-03, 
 2DIAGNOSTIC,     4, -7.075937986374e-01, inf, 1.2008e+00, 8.4150e-03, 
 2DIAGNOSTIC,     5, -7.123985886574e-01, inf, 1.2093e+00, 8.4710e-03, 
 2DIAGNOSTIC,     6, -7.277445793152e-01, inf, 1.2178e+00, 8.5690e-03, 
 2DIAGNOSTIC,     7, -7.359890341759e-01, inf, 1.2274e+00, 9.5890e-03, 
 2DIAGNOSTIC,     8, -7.395024299622e-01, inf, 1.2383e+00, 1.0823e-02, 
 2DIAGNOSTIC,     9, -7.418285012245e-01, inf, 1.2477e+00, 9.4800e-03, 
 2DIAGNOSTIC,    10, -7.421485185623e-01, 4.755747504532e-03, 1.2574e+00, 9.7001e-03, 
 2DIAGNOSTIC,    11, -7.445369958878e-01, 4.138790071011e-03, 1.2661e+00, 8.6460e-03, 
 2DIAGNOSTIC,    12, -7.473484873772e-01, 3.404504386708e-03, 1.2767e+00, 1.0656e-02, 
 2DIAGNOSTIC,    13, -7.518312335014e-01, 2.702751662582e-03, 1.2854e+00, 8.6730e-03, 
 2DIAGNOSTIC,    14, -7.530937194824e-01, 2.010383410379e-03, 1.2941e+00, 8.6691e-03, 
 2DIAGNOSTIC,    15, -7.555863857269e-01, 1.412860234268e-03, 1.3061e+00, 1.2048e-02, 
 2DIAGNOSTIC,    16, -7.570120096207e-01, 1.165308174677e-03, 1.3158e+00, 9.6760e-03, 
 2DIAGNOSTIC,    17, -7.571486234665e-01, 1.028841361403e-03, 1.3255e+00, 9.6600e-03, 
 2DIAGNOSTIC,    18, -7.570873498917e-01, 8.861236856319e-04, 1.3362e+00, 1.0732e-02, 
 2DIAGNOSTIC,    19, -7.573140263557e-01, 7.297847187147e-04, 1.3447e+00, 8.5480e-03, 
 2DIAGNOSTIC,    20, -7.576860785484e-01, 5.349066923372e-04, 1.3533e+00, 8.5678e-03, 
 2DIAGNOSTIC,    21, -7.576864361763e-01, 3.523491905071e-04, 1.3626e+00, 9.2728e-03, 
 2DIAGNOSTIC,    22, -7.577057480812e-01, 2.022967673838e-04, 1.3711e+00, 8.5130e-03, 
 2DIAGNOSTIC,    23, -7.582038640976e-01, 1.303678582190e-04, 1.3819e+00, 1.0766e-02, 
 2DIAGNOSTIC,    24, -7.581825256348e-01, 7.120099326130e-05, 1.3904e+00, 8.5700e-03, 
 2DIAGNOSTIC,    25, -7.583637237549e-01, 5.069292092230e-05, 1.4000e+00, 9.6202e-03, 
 2DIAGNOSTIC,    26, -7.583526968956e-01, 4.799329690286e-05, 1.4087e+00, 8.6989e-03, 
 2DIAGNOSTIC,    27, -7.588397264481e-01, 5.008365769754e-05, 1.4185e+00, 9.7101e-03, 
 2DIAGNOSTIC,    28, -7.588325738907e-01, 4.618668390322e-05, 1.4292e+00, 1.0742e-02, 
 2DIAGNOSTIC,    29, -7.588366270065e-01, 4.126633575652e-05, 1.4389e+00, 9.6619e-03, 
 2DIAGNOSTIC,    30, -7.589184641838e-01, 3.883026874973e-05, 1.4493e+00, 1.0409e-02, 
 2DIAGNOSTIC,    31, -7.589500546455e-01, 3.338087481097e-05, 1.4578e+00, 8.4960e-03, 
 2DIAGNOSTIC,    32, -7.588979005814e-01, 2.459138886479e-05, 1.4674e+00, 9.6531e-03, 
 2DIAGNOSTIC,    33, -7.588435411453e-01, 1.928100573423e-05, 1.4760e+00, 8.5711e-03, 
 2DIAGNOSTIC,    34, -7.589096426964e-01, 1.309479557676e-05, 1.4845e+00, 8.5459e-03, 
 2DIAGNOSTIC,    35, -7.590675950050e-01, 9.816479177971e-06, 1.4932e+00, 8.6699e-03, 
 2DIAGNOSTIC,    36, -7.601280212402e-01, 1.676652573224e-05, 1.5051e+00, 1.1880e-02, 
 2DIAGNOSTIC,    37, -7.601761817932e-01, 2.707168823690e-05, 1.5147e+00, 9.6509e-03, 
 2DIAGNOSTIC,    38, -7.607830762863e-01, 4.049275230500e-05, 1.5266e+00, 1.1901e-02, 
 2DIAGNOSTIC,    39, -7.608946561813e-01, 5.052659616922e-05, 1.5353e+00, 8.6632e-03, 
 2DIAGNOSTIC,    40, -7.611981034279e-01, 5.892854824197e-05, 1.5455e+00, 1.0246e-02, 
 2DIAGNOSTIC,    41, -7.613772749901e-01, 6.318966188701e-05, 1.5552e+00, 9.6321e-03, 
 2DIAGNOSTIC,    42, -7.616262435913e-01, 6.304998532869e-05, 1.5649e+00, 9.6700e-03, 
 2DIAGNOSTIC,    43, -7.617805004120e-01, 5.790693467134e-05, 1.5757e+00, 1.0852e-02, 
 2DIAGNOSTIC,    44, -7.621166706085e-01, 5.105151285534e-05, 1.5854e+00, 9.6810e-03, 
 2DIAGNOSTIC,    45, -7.621522545815e-01, 4.107407949050e-05, 1.5939e+00, 8.5359e-03, 
 2DIAGNOSTIC,    46, -7.621732354164e-01, 3.665298572741e-05, 1.6036e+00, 9.6600e-03, 
 2DIAGNOSTIC,    47, -7.621799111366e-01, 2.933373798442e-05, 1.6132e+00, 9.6228e-03, 
 2DIAGNOSTIC,    48, -7.619671821594e-01, 2.268506250402e-05, 1.6218e+00, 8.5578e-03, 
 2DIAGNOSTIC,    49, -7.619718313217e-01, 1.508299828856e-05, 1.6310e+00, 9.1949e-03, 
 2DIAGNOSTIC,    50, -7.618668675423e-01, 7.878146789153e-06, 1.6406e+00, 9.6169e-03, 
 2DIAGNOSTIC,    51, -7.618703246117e-01, 1.615928795218e-06, 1.6502e+00, 9.6362e-03, 
DIAGNOSTIC,Iteration,metricValue,convergenceValue,ITERATION_TIME_INDEX,SINCE_LAST
 2DIAGNOSTIC,     1, -6.121996045113e-01, inf, 2.9179e+00, 1.2677e+00, 
 2DIAGNOSTIC,     2, -6.127665042877e-01, inf, 2.9991e+00, 8.1168e-02, 
 2DIAGNOSTIC,     3, -6.136575341225e-01, inf, 3.0789e+00, 7.9790e-02, 
 2DIAGNOSTIC,     4, -6.146814227104e-01, inf, 3.1602e+00, 8.1318e-02, 
 2DIAGNOSTIC,     5, -6.173801422119e-01, inf, 3.3556e+00, 1.9534e-01, 
 2DIAGNOSTIC,     6, -6.173858642578e-01, inf, 3.4365e+00, 8.0905e-02, 
 2DIAGNOSTIC,     7, -6.173757314682e-01, inf, 3.5272e+00, 9.0774e-02, 
 2DIAGNOSTIC,     8, -6.173741221428e-01, inf, 3.6076e+00, 8.0384e-02, 
 2DIAGNOSTIC,     9, -6.173679828644e-01, inf, 3.6983e+00, 9.0646e-02, 
 2DIAGNOSTIC,    10, -6.173664927483e-01, 6.057498394512e-04, 3.7992e+00, 1.0097e-01, 
 2DIAGNOSTIC,    11, -6.173697710037e-01, 4.108809807803e-04, 3.9005e+00, 1.0126e-01, 
 2DIAGNOSTIC,    12, -6.173526644707e-01, 2.343078667764e-04, 3.9916e+00, 9.1129e-02, 
 2DIAGNOSTIC,    13, -6.173549890518e-01, 9.587786189513e-05, 4.0721e+00, 8.0440e-02, 
DIAGNOSTIC,Iteration,metricValue,convergenceValue,ITERATION_TIME_INDEX,SINCE_LAST
 2DIAGNOSTIC,     1, -5.488703846931e-01, inf, 6.0002e+00, 1.9282e+00, 
 2DIAGNOSTIC,     2, -5.493042469025e-01, inf, 6.6659e+00, 6.6568e-01, 
 2DIAGNOSTIC,     3, -5.498520731926e-01, inf, 7.3276e+00, 6.6166e-01, 
 2DIAGNOSTIC,     4, -5.504734516144e-01, inf, 7.9951e+00, 6.6753e-01, 
 2DIAGNOSTIC,     5, -5.511817336082e-01, inf, 8.6434e+00, 6.4828e-01, 
 2DIAGNOSTIC,     6, -5.521133542061e-01, inf, 9.2932e+00, 6.4985e-01, 
 2DIAGNOSTIC,     7, -5.547887682915e-01, inf, 1.0275e+01, 9.8145e-01, 
 2DIAGNOSTIC,     8, -5.548117756844e-01, inf, 1.1319e+01, 1.0443e+00, 
 2DIAGNOSTIC,     9, -5.548118352890e-01, inf, 1.2132e+01, 8.1249e-01, 
 2DIAGNOSTIC,    10, -5.548100471497e-01, 8.475120994262e-04, 1.2864e+01, 7.3233e-01, 
 2DIAGNOSTIC,    11, -5.548103451729e-01, 7.055006572045e-04, 1.3756e+01, 8.9244e-01, 
 2DIAGNOSTIC,    12, -5.548095107079e-01, 5.408952129073e-04, 1.4611e+01, 8.5457e-01, 
 2DIAGNOSTIC,    13, -5.548087358475e-01, 3.745851863641e-04, 1.5267e+01, 6.5598e-01, 
 2DIAGNOSTIC,    14, -5.548074245453e-01, 2.223606134066e-04, 1.6013e+01, 7.4635e-01, 
 2DIAGNOSTIC,    15, -5.548067688942e-01, 9.486076305620e-05, 1.6752e+01, 7.3907e-01, 
 2DIAGNOSTIC,    16, -5.548080801964e-01, 2.350378736082e-06, 1.7478e+01, 7.2531e-01, 
 2DIAGNOSTIC,    17, -5.548083782196e-01, 1.560121177135e-06, 1.8215e+01, 7.3783e-01, 
 2DIAGNOSTIC,    18, -5.548093914986e-01, 1.572585688336e-06, 1.8955e+01, 7.3941e-01, 
 2DIAGNOSTIC,    19, -5.548092126846e-01, 1.600741370567e-06, 1.9774e+01, 8.1874e-01, 
 2DIAGNOSTIC,    20, -5.548055768013e-01, 1.494088905929e-06, 2.0678e+01, 9.0432e-01, 
 2DIAGNOSTIC,    21, -5.548051595688e-01, 1.406264345860e-06, 2.1407e+01, 7.2940e-01, 
 2DIAGNOSTIC,    22, -5.548057556152e-01, 1.330102008978e-06, 2.2154e+01, 7.4693e-01, 
 2DIAGNOSTIC,    23, -5.548046827316e-01, 1.229403892467e-06, 2.2890e+01, 7.3537e-01, 
 2DIAGNOSTIC,    24, -5.548037886620e-01, 1.106406784857e-06, 2.3630e+01, 7.4036e-01, 
 2DIAGNOSTIC,    25, -5.548040270805e-01, 1.006923639579e-06, 2.4370e+01, 7.3989e-01, 
DIAGNOSTIC,Iteration,metricValue,convergenceValue,ITERATION_TIME_INDEX,SINCE_LAST
 2DIAGNOSTIC,     1, -5.070312619209e-01, inf, 2.9361e+01, 4.9909e+00, 
 2DIAGNOSTIC,     2, -5.072728395462e-01, inf, 3.3349e+01, 3.9885e+00, 
 2DIAGNOSTIC,     3, -5.075473189354e-01, inf, 3.7341e+01, 3.9917e+00, 
 2DIAGNOSTIC,     4, -5.078570842743e-01, inf, 4.1331e+01, 3.9898e+00, 
 2DIAGNOSTIC,     5, -5.081783533096e-01, inf, 4.5311e+01, 3.9806e+00, 
 2DIAGNOSTIC,     6, -5.088300108910e-01, inf, 4.9294e+01, 3.9827e+00, 
 2DIAGNOSTIC,     7, -5.095897912979e-01, inf, 5.4782e+01, 5.4880e+00, 
 2DIAGNOSTIC,     8, -5.096428394318e-01, inf, 5.9267e+01, 4.4846e+00, 
 2DIAGNOSTIC,     9, -5.097802877426e-01, inf, 6.5772e+01, 6.5053e+00, 
 2DIAGNOSTIC,    10, -5.097958445549e-01, 4.135503841098e-04, 6.9745e+01, 3.9734e+00, 
 2DIAGNOSTIC,    11, -5.098340511322e-01, 3.424551396165e-04, 7.3718e+01, 3.9726e+00, 
 2DIAGNOSTIC,    12, -5.098748207092e-01, 2.653294359334e-04, 7.7727e+01, 4.0094e+00, 
 2DIAGNOSTIC,    13, -5.099104046822e-01, 1.897389447549e-04, 8.1694e+01, 3.9666e+00, 
 2DIAGNOSTIC,    14, -5.099779367447e-01, 1.233493676409e-04, 8.5665e+01, 3.9715e+00, 
 2DIAGNOSTIC,    15, -5.100463628769e-01, 6.889419455547e-05, 8.9640e+01, 3.9745e+00, 
 2DIAGNOSTIC,    16, -5.101857781410e-01, 4.202937270747e-05, 9.6127e+01, 6.4871e+00, 
 2DIAGNOSTIC,    17, -5.102279186249e-01, 4.089086723980e-05, 1.0060e+02, 4.4717e+00, 
 2DIAGNOSTIC,    18, -5.102373957634e-01, 3.813483999693e-05, 1.0457e+02, 3.9732e+00, 
 2DIAGNOSTIC,    19, -5.102493762970e-01, 3.673780884128e-05, 1.0854e+02, 3.9665e+00, 
 2DIAGNOSTIC,    20, -5.102715492249e-01, 3.323386772536e-05, 1.1301e+02, 4.4768e+00, 
 2DIAGNOSTIC,    21, -5.102719664574e-01, 2.807035707519e-05, 1.1698e+02, 3.9685e+00, 
 2DIAGNOSTIC,    22, -5.102801918983e-01, 2.214281084889e-05, 1.2095e+02, 3.9702e+00, 
 2DIAGNOSTIC,    23, -5.103023648262e-01, 1.621892624826e-05, 1.2492e+02, 3.9677e+00, 
 2DIAGNOSTIC,    24, -5.104352831841e-01, 1.404768318025e-05, 1.2889e+02, 3.9662e+00, 
 2DIAGNOSTIC,    25, -5.111528635025e-01, 2.823144859576e-05, 1.3386e+02, 4.9728e+00, 
 2DIAGNOSTIC,    26, -5.119029879570e-01, 5.744253576268e-05, 1.3832e+02, 4.4561e+00, 
 2DIAGNOSTIC,    27, -5.121538043022e-01, 8.501491538482e-05, 1.4528e+02, 6.9667e+00, 
 2DIAGNOSTIC,    28, -5.121546983719e-01, 1.031599313137e-04, 1.4976e+02, 4.4767e+00, 
 2DIAGNOSTIC,    29, -5.121552944183e-01, 1.108427095460e-04, 1.5476e+02, 4.9978e+00, 
 2DIAGNOSTIC,    30, -5.121549963951e-01, 1.078400382539e-04, 1.5984e+02, 5.0849e+00, 
 2DIAGNOSTIC,    31, -5.121542215347e-01, 9.466672781855e-05, 1.6431e+02, 4.4717e+00, 
 2DIAGNOSTIC,    32, -5.121538043022e-01, 7.368258957285e-05, 1.6878e+02, 4.4614e+00, 
 2DIAGNOSTIC,    33, -5.121536850929e-01, 4.772607644554e-05, 1.7374e+02, 4.9641e+00, 
 2DIAGNOSTIC,    34, -5.121537446976e-01, 2.091969145113e-05, 1.7871e+02, 4.9658e+00, 
 2DIAGNOSTIC,    35, -5.121537446976e-01, 4.877258106717e-06, 1.8417e+02, 5.4652e+00, 
  Elapsed time (stage 1): 1.8662e+02


Stage 2
  iterations = 100x70x50x20
  convergence threshold = 1.0000e-06
  convergence window size = 10
  number of levels = 4
  using the CC metric (radius = 4, weight = 1.0000e+00, use gradient filter = 0)
  preprocessing:  winsorizing the image intensities
  Shrink factors (level 1 out of 4): [8, 8, 8]
