---------------------
Profiling information

Pipeline: ants registrationSyN
NTHREAD: 1

DATASET: ds004513
SUBJECT_ID: s017

SIF_IMG: /mnt/lustre/mathdugre/containers/ants-debug.simg
DATA_DIR: /mnt/lustre/mathdugre/mri-bottleneck/datasets/ds004513

PROJECT_DIR: /mnt/lustre/mathdugre/mri-bottleneck
PROFILING_DIR: /mnt/lustre/mathdugre/mri-bottleneck/vtune_output/1-threads/ants/registrationSyN/ds004513/sub-s017/su26lBTQZg9o8WaQYZtjUaVoOmdWii9k
---------------------

Command to profile: bash tmp-scripts/su26lBTQZg9o8WaQYZtjUaVoOmdWii9k.sh

--------------------------------------------------------------------------------------
 Mapping parameters
--------------------------------------------------------------------------------------
 ANTSPATH is /opt/ants/bin

 Dimensionality:           3
 Output name prefix:       /data/derivatives/ants/registrationSyN/sub-s017/ses-open/anat/
 Fixed images:             /templateflow/tpl-MNI152NLin2009cAsym//tpl-MNI152NLin2009cAsym_res-01_desc-brain_T1w.nii.gz
 Moving images:            /data/derivatives/fsl/fast/sub-s017/ses-open/anat/BrainExtractionBrain_seg.nii.gz
 Mask images:              
 Initial transforms:       
 Number of threads:        1
 Spline distance:          26
 SyN gradient step:        0.1
 Transform type:           s
 CC radius:                4
 Precision:                d
 Use histogram matching    0
 Repro                     0
======================================================================================
 antsRegistration call:
--------------------------------------------------------------------------------------
/opt/ants/bin/antsRegistration --verbose 1 --dimensionality 3 --float 0 --collapse-output-transforms 1 --output [ /data/derivatives/ants/registrationSyN/sub-s017/ses-open/anat/,/data/derivatives/ants/registrationSyN/sub-s017/ses-open/anat/Warped.nii.gz,/data/derivatives/ants/registrationSyN/sub-s017/ses-open/anat/InverseWarped.nii.gz ] --interpolation Linear --use-histogram-matching 0 --winsorize-image-intensities [ 0.005,0.995 ] --initial-moving-transform [ /templateflow/tpl-MNI152NLin2009cAsym//tpl-MNI152NLin2009cAsym_res-01_desc-brain_T1w.nii.gz,/data/derivatives/fsl/fast/sub-s017/ses-open/anat/BrainExtractionBrain_seg.nii.gz,1 ] --transform Rigid[ 0.1 ] --metric MI[ /templateflow/tpl-MNI152NLin2009cAsym//tpl-MNI152NLin2009cAsym_res-01_desc-brain_T1w.nii.gz,/data/derivatives/fsl/fast/sub-s017/ses-open/anat/BrainExtractionBrain_seg.nii.gz,1,32,Regular,0.25 ] --convergence [ 1000x500x250x100,1e-6,10 ] --shrink-factors 8x4x2x1 --smoothing-sigmas 3x2x1x0vox --transform Affine[ 0.1 ] --metric MI[ /templateflow/tpl-MNI152NLin2009cAsym//tpl-MNI152NLin2009cAsym_res-01_desc-brain_T1w.nii.gz,/data/derivatives/fsl/fast/sub-s017/ses-open/anat/BrainExtractionBrain_seg.nii.gz,1,32,Regular,0.25 ] --convergence [ 1000x500x250x100,1e-6,10 ] --shrink-factors 8x4x2x1 --smoothing-sigmas 3x2x1x0vox --transform SyN[ 0.1,3,0 ] --metric CC[ /templateflow/tpl-MNI152NLin2009cAsym//tpl-MNI152NLin2009cAsym_res-01_desc-brain_T1w.nii.gz,/data/derivatives/fsl/fast/sub-s017/ses-open/anat/BrainExtractionBrain_seg.nii.gz,1,4 ] --convergence [ 100x70x50x20,1e-6,10 ] --shrink-factors 8x4x2x1 --smoothing-sigmas 3x2x1x0vox
--------------------------------------------------------------------------------------
All_Command_lines_OK
Using double precision for computations.
=============================================================================
The composite transform comprises the following transforms (in order): 
  1. Center of mass alignment using fixed image: /templateflow/tpl-MNI152NLin2009cAsym//tpl-MNI152NLin2009cAsym_res-01_desc-brain_T1w.nii.gz and moving image: /data/derivatives/fsl/fast/sub-s017/ses-open/anat/BrainExtractionBrain_seg.nii.gz (type = Euler3DTransform)
=============================================================================
  number of levels = 4
  number of levels = 4
  number of levels = 4
  fixed image: /templateflow/tpl-MNI152NLin2009cAsym//tpl-MNI152NLin2009cAsym_res-01_desc-brain_T1w.nii.gz
  moving image: /data/derivatives/fsl/fast/sub-s017/ses-open/anat/BrainExtractionBrain_seg.nii.gz
  fixed image: /templateflow/tpl-MNI152NLin2009cAsym//tpl-MNI152NLin2009cAsym_res-01_desc-brain_T1w.nii.gz
  moving image: /data/derivatives/fsl/fast/sub-s017/ses-open/anat/BrainExtractionBrain_seg.nii.gz
  fixed image: /templateflow/tpl-MNI152NLin2009cAsym//tpl-MNI152NLin2009cAsym_res-01_desc-brain_T1w.nii.gz
  moving image: /data/derivatives/fsl/fast/sub-s017/ses-open/anat/BrainExtractionBrain_seg.nii.gz
Dimension = 3
Number of stages = 3
Use histogram matching = false
Winsorize image intensities = true
  Lower quantile = 0.005
  Upper quantile = 0.995


Stage 1 State
   Image metric = Mattes
     Fixed image = Image (0x5653af4335b0)
  RTTI typeinfo:   itk::Image<double, 3u>
  Reference Count: 2
  Modified Time: 1721
  Debug: Off
  Object Name: 
  Observers: 
    none
  Source: (none)
  Source output name: (none)
  Release Data: Off
  Data Released: False
  Global Release Data: Off
  PipelineMTime: 0
  UpdateMTime: 1504
  RealTimeStamp: 0 seconds 
  LargestPossibleRegion: 
    Dimension: 3
    Index: [0, 0, 0]
    Size: [193, 229, 193]
  BufferedRegion: 
    Dimension: 3
    Index: [0, 0, 0]
    Size: [193, 229, 193]
  RequestedRegion: 
    Dimension: 3
    Index: [0, 0, 0]
    Size: [193, 229, 193]
  Spacing: [1, 1, 1]
  Origin: [96, 132, -78]
  Direction: 
-1 0 0
0 -1 0
0 0 1

  IndexToPointMatrix: 
-1 0 0
0 -1 0
0 0 1

  PointToIndexMatrix: 
-1 0 0
0 -1 0
0 0 1

  Inverse Direction: 
-1 0 0
0 -1 0
0 0 1

  PixelContainer: 
    ImportImageContainer (0x5653af43c160)
      RTTI typeinfo:   itk::ImportImageContainer<unsigned long, double>
      Reference Count: 1
      Modified Time: 1501
      Debug: Off
      Object Name: 
      Observers: 
        none
      Pointer: 0x7fcc20aee010
      Container manages memory: true
      Size: 8530021
      Capacity: 8530021

     Moving image = Image (0x5653af43f0a0)
  RTTI typeinfo:   itk::Image<double, 3u>
  Reference Count: 2
  Modified Time: 1722
  Debug: Off
  Object Name: 
  Observers: 
    none
  Source: (none)
  Source output name: (none)
  Release Data: Off
  Data Released: False
  Global Release Data: Off
  PipelineMTime: 0
  UpdateMTime: 1719
  RealTimeStamp: 0 seconds 
  LargestPossibleRegion: 
    Dimension: 3
    Index: [0, 0, 0]
    Size: [160, 240, 256]
  BufferedRegion: 
    Dimension: 3
    Index: [0, 0, 0]
    Size: [160, 240, 256]
  RequestedRegion: 
    Dimension: 3
    Index: [0, 0, 0]
    Size: [160, 240, 256]
  Spacing: [1, 1, 1]
  Origin: [91.3357, 102.231, -120.042]
  Direction: 
-0.997442 -5.36781e-05 -0.0714818
5.35416e-05 -1 3.82465e-06
-0.0714818 -1.23894e-08 0.997442

  IndexToPointMatrix: 
-0.997444 -5.36781e-05 -0.0714818
5.35418e-05 -1 3.82465e-06
-0.0714819 -1.23894e-08 0.997442

  PointToIndexMatrix: 
-0.99744 5.35415e-05 -0.0714816
-5.36781e-05 -1 -1.23894e-08
-0.0714818 3.82465e-06 0.997442

  Inverse Direction: 
-0.997442 5.35416e-05 -0.0714818
-5.36781e-05 -1 -1.23894e-08
-0.0714818 3.82465e-06 0.997442

  PixelContainer: 
    ImportImageContainer (0x5653af43a6c0)
      RTTI typeinfo:   itk::ImportImageContainer<unsigned long, double>
      Reference Count: 1
      Modified Time: 1716
      Debug: Off
      Object Name: 
      Observers: 
        none
      Pointer: 0x7fcc1bfed010
      Container manages memory: true
      Size: 9830400
      Capacity: 9830400

     Weighting = 1
     Sampling strategy = regular
     Number of bins = 32
     Radius = 4
     Sampling percentage  = 0.25
   Transform = Rigid
     Gradient step = 0.1
     Update field sigma (voxel space) = 0
     Total field sigma (voxel space) = 0
     Update field time sigma = 0
     Total field time sigma  = 0
     Number of time indices = 0
     Number of time point samples = 0
Stage 2 State
   Image metric = Mattes
     Fixed image = Image (0x5653af4964d0)
  RTTI typeinfo:   itk::Image<double, 3u>
  Reference Count: 2
  Modified Time: 2151
  Debug: Off
  Object Name: 
  Observers: 
    none
  Source: (none)
  Source output name: (none)
  Release Data: Off
  Data Released: False
  Global Release Data: Off
  PipelineMTime: 0
  UpdateMTime: 1934
  RealTimeStamp: 0 seconds 
  LargestPossibleRegion: 
    Dimension: 3
    Index: [0, 0, 0]
    Size: [193, 229, 193]
  BufferedRegion: 
    Dimension: 3
    Index: [0, 0, 0]
    Size: [193, 229, 193]
  RequestedRegion: 
    Dimension: 3
    Index: [0, 0, 0]
    Size: [193, 229, 193]
  Spacing: [1, 1, 1]
  Origin: [96, 132, -78]
  Direction: 
-1 0 0
0 -1 0
0 0 1

  IndexToPointMatrix: 
-1 0 0
0 -1 0
0 0 1

  PointToIndexMatrix: 
-1 0 0
0 -1 0
0 0 1

  Inverse Direction: 
-1 0 0
0 -1 0
0 0 1

  PixelContainer: 
    ImportImageContainer (0x5653af48aec0)
      RTTI typeinfo:   itk::ImportImageContainer<unsigned long, double>
      Reference Count: 1
      Modified Time: 1931
      Debug: Off
      Object Name: 
      Observers: 
        none
      Pointer: 0x7fcc17ed8010
      Container manages memory: true
      Size: 8530021
      Capacity: 8530021

     Moving image = Image (0x5653af4944e0)
  RTTI typeinfo:   itk::Image<double, 3u>
  Reference Count: 2
  Modified Time: 2152
  Debug: Off
  Object Name: 
  Observers: 
    none
  Source: (none)
  Source output name: (none)
  Release Data: Off
  Data Released: False
  Global Release Data: Off
  PipelineMTime: 0
  UpdateMTime: 2149
  RealTimeStamp: 0 seconds 
  LargestPossibleRegion: 
    Dimension: 3
    Index: [0, 0, 0]
    Size: [160, 240, 256]
  BufferedRegion: 
    Dimension: 3
    Index: [0, 0, 0]
    Size: [160, 240, 256]
  RequestedRegion: 
    Dimension: 3
    Index: [0, 0, 0]
    Size: [160, 240, 256]
  Spacing: [1, 1, 1]
  Origin: [91.3357, 102.231, -120.042]
  Direction: 
-0.997442 -5.36781e-05 -0.0714818
5.35416e-05 -1 3.82465e-06
-0.0714818 -1.23894e-08 0.997442

  IndexToPointMatrix: 
-0.997444 -5.36781e-05 -0.0714818
5.35418e-05 -1 3.82465e-06
-0.0714819 -1.23894e-08 0.997442

  PointToIndexMatrix: 
-0.99744 5.35415e-05 -0.0714816
-5.36781e-05 -1 -1.23894e-08
-0.0714818 3.82465e-06 0.997442

  Inverse Direction: 
-0.997442 5.35416e-05 -0.0714818
-5.36781e-05 -1 -1.23894e-08
-0.0714818 3.82465e-06 0.997442

  PixelContainer: 
    ImportImageContainer (0x5653af55f1d0)
      RTTI typeinfo:   itk::ImportImageContainer<unsigned long, double>
      Reference Count: 1
      Modified Time: 2146
      Debug: Off
      Object Name: 
      Observers: 
        none
      Pointer: 0x7fcc133d7010
      Container manages memory: true
      Size: 9830400
      Capacity: 9830400

     Weighting = 1
     Sampling strategy = regular
     Number of bins = 32
     Radius = 4
     Sampling percentage  = 0.25
   Transform = Affine
     Gradient step = 0.1
     Update field sigma (voxel space) = 0
     Total field sigma (voxel space) = 0
     Update field time sigma = 0
     Total field time sigma  = 0
     Number of time indices = 0
     Number of time point samples = 0
Stage 3 State
   Image metric = CC
     Fixed image = Image (0x5653af492d40)
  RTTI typeinfo:   itk::Image<double, 3u>
  Reference Count: 2
  Modified Time: 2581
  Debug: Off
  Object Name: 
  Observers: 
    none
  Source: (none)
  Source output name: (none)
  Release Data: Off
  Data Released: False
  Global Release Data: Off
  PipelineMTime: 0
  UpdateMTime: 2364
  RealTimeStamp: 0 seconds 
  LargestPossibleRegion: 
    Dimension: 3
    Index: [0, 0, 0]
    Size: [193, 229, 193]
  BufferedRegion: 
    Dimension: 3
    Index: [0, 0, 0]
    Size: [193, 229, 193]
  RequestedRegion: 
    Dimension: 3
    Index: [0, 0, 0]
    Size: [193, 229, 193]
  Spacing: [1, 1, 1]
  Origin: [96, 132, -78]
  Direction: 
-1 0 0
0 -1 0
0 0 1

  IndexToPointMatrix: 
-1 0 0
0 -1 0
0 0 1

  PointToIndexMatrix: 
-1 0 0
0 -1 0
0 0 1

  Inverse Direction: 
-1 0 0
0 -1 0
0 0 1

  PixelContainer: 
    ImportImageContainer (0x5653af4934c0)
      RTTI typeinfo:   itk::ImportImageContainer<unsigned long, double>
      Reference Count: 1
      Modified Time: 2361
      Debug: Off
      Object Name: 
      Observers: 
        none
      Pointer: 0x7fcc0f2c2010
      Container manages memory: true
      Size: 8530021
      Capacity: 8530021

     Moving image = Image (0x5653af4b79d0)
  RTTI typeinfo:   itk::Image<double, 3u>
  Reference Count: 2
  Modified Time: 2582
  Debug: Off
  Object Name: 
  Observers: 
    none
  Source: (none)
  Source output name: (none)
  Release Data: Off
  Data Released: False
  Global Release Data: Off
  PipelineMTime: 0
  UpdateMTime: 2579
  RealTimeStamp: 0 seconds 
  LargestPossibleRegion: 
    Dimension: 3
    Index: [0, 0, 0]
    Size: [160, 240, 256]
  BufferedRegion: 
    Dimension: 3
    Index: [0, 0, 0]
    Size: [160, 240, 256]
  RequestedRegion: 
    Dimension: 3
    Index: [0, 0, 0]
    Size: [160, 240, 256]
  Spacing: [1, 1, 1]
  Origin: [91.3357, 102.231, -120.042]
  Direction: 
-0.997442 -5.36781e-05 -0.0714818
5.35416e-05 -1 3.82465e-06
-0.0714818 -1.23894e-08 0.997442

  IndexToPointMatrix: 
-0.997444 -5.36781e-05 -0.0714818
5.35418e-05 -1 3.82465e-06
-0.0714819 -1.23894e-08 0.997442

  PointToIndexMatrix: 
-0.99744 5.35415e-05 -0.0714816
-5.36781e-05 -1 -1.23894e-08
-0.0714818 3.82465e-06 0.997442

  Inverse Direction: 
-0.997442 5.35416e-05 -0.0714818
-5.36781e-05 -1 -1.23894e-08
-0.0714818 3.82465e-06 0.997442

  PixelContainer: 
    ImportImageContainer (0x5653af5ff2d0)
      RTTI typeinfo:   itk::ImportImageContainer<unsigned long, double>
      Reference Count: 1
      Modified Time: 2576
      Debug: Off
      Object Name: 
      Observers: 
        none
      Pointer: 0x7fcc0a7c1010
      Container manages memory: true
      Size: 9830400
      Capacity: 9830400

     Weighting = 1
     Sampling strategy = none
     Number of bins = 32
     Radius = 4
     Sampling percentage  = 1
   Transform = SyN
     Gradient step = 0.1
     Update field sigma (voxel space) = 3
     Total field sigma (voxel space) = 0
     Update field time sigma = 0
     Total field time sigma  = 0
     Number of time indices = 0
     Number of time point samples = 0
Registration using 3 total stages.

Stage 0
  iterations = 1000x500x250x100
  convergence threshold = 1e-06
  convergence window size = 10
  number of levels = 4
  using the Mattes MI metric (number of bins = 32, weight = 1, use gradient filter = 0)
  preprocessing:  winsorizing the image intensities
  Shrink factors (level 1 out of 4): [8, 8, 8]
  Shrink factors (level 2 out of 4): [4, 4, 4]
  Shrink factors (level 3 out of 4): [2, 2, 2]
  Shrink factors (level 4 out of 4): [1, 1, 1]
  smoothing sigmas per level: [3, 2, 1, 0]
  regular sampling (percentage = 0.25)

*** Running Euler3DTransform registration ***

DIAGNOSTIC,Iteration,metricValue,convergenceValue,ITERATION_TIME_INDEX,SINCE_LAST
 2DIAGNOSTIC,     1, -5.873895365373e-01, 1.797693134862e+308, 1.3816e+00, 1.3816e+00, 
 2DIAGNOSTIC,     2, -5.877912376596e-01, 1.797693134862e+308, 1.3891e+00, 7.4902e-03, 
 2DIAGNOSTIC,     3, -5.882664126323e-01, 1.797693134862e+308, 1.3960e+00, 6.9120e-03, 
 2DIAGNOSTIC,     4, -5.887577922960e-01, 1.797693134862e+308, 1.4029e+00, 6.8941e-03, 
 2DIAGNOSTIC,     5, -5.898350452951e-01, 1.797693134862e+308, 1.4115e+00, 8.6272e-03, 
 2DIAGNOSTIC,     6, -5.950101271810e-01, 1.797693134862e+308, 1.4209e+00, 9.4180e-03, 
 2DIAGNOSTIC,     7, -5.953405420720e-01, 1.797693134862e+308, 1.4313e+00, 1.0323e-02, 
 2DIAGNOSTIC,     8, -5.955963169039e-01, 1.797693134862e+308, 1.4419e+00, 1.0605e-02, 
 2DIAGNOSTIC,     9, -5.967026756341e-01, 1.797693134862e+308, 1.4559e+00, 1.4062e-02, 
 2DIAGNOSTIC,    10, -5.987030308737e-01, 1.354957365206e-03, 1.4671e+00, 1.1125e-02, 
 2DIAGNOSTIC,    11, -5.996477887795e-01, 1.279335205409e-03, 1.4767e+00, 9.6860e-03, 
 2DIAGNOSTIC,    12, -6.010722463086e-01, 1.174693588882e-03, 1.4943e+00, 1.7604e-02, 
 2DIAGNOSTIC,    13, -6.027060987575e-01, 1.060805447937e-03, 1.5032e+00, 8.8389e-03, 
 2DIAGNOSTIC,    14, -6.028185879041e-01, 8.878095690320e-04, 1.5102e+00, 7.0071e-03, 
 2DIAGNOSTIC,    15, -6.036085098404e-01, 7.122180511970e-04, 1.5182e+00, 7.9601e-03, 
 2DIAGNOSTIC,    16, -6.041440880140e-01, 6.635900719487e-04, 1.5253e+00, 7.1042e-03, 
 2DIAGNOSTIC,    17, -6.046953184938e-01, 5.845996996798e-04, 1.5347e+00, 9.4149e-03, 
 2DIAGNOSTIC,    18, -6.060059148085e-01, 5.014888878053e-04, 1.5546e+00, 1.9880e-02, 
 2DIAGNOSTIC,    19, -6.061415226144e-01, 4.106652269909e-04, 1.5727e+00, 1.8114e-02, 
 2DIAGNOSTIC,    20, -6.059870643025e-01, 3.354586181722e-04, 1.5914e+00, 1.8771e-02, 
 2DIAGNOSTIC,    21, -6.060329265674e-01, 2.586933881009e-04, 1.5995e+00, 8.0440e-03, 
 2DIAGNOSTIC,    22, -6.059780041452e-01, 1.934703642460e-04, 1.6070e+00, 7.5290e-03, 
 2DIAGNOSTIC,    23, -6.060012687670e-01, 1.500040484924e-04, 1.6138e+00, 6.8002e-03, 
 2DIAGNOSTIC,    24, -6.059368439303e-01, 9.694199216517e-05, 1.6296e+00, 1.5792e-02, 
 2DIAGNOSTIC,    25, -6.061063247242e-01, 5.768558132269e-05, 1.6396e+00, 9.9621e-03, 
 2DIAGNOSTIC,    26, -6.061007091914e-01, 2.578034494723e-05, 1.6463e+00, 6.7639e-03, 
 2DIAGNOSTIC,    27, -6.062091354892e-01, 4.879201052008e-06, 1.6539e+00, 7.5581e-03, 
 2DIAGNOSTIC,    28, -6.063904879586e-01, 1.027359156192e-05, 1.6605e+00, 6.6211e-03, 
 2DIAGNOSTIC,    29, -6.067292446868e-01, 2.217921291887e-05, 1.6672e+00, 6.7360e-03, 
 2DIAGNOSTIC,    30, -6.071616522404e-01, 3.551698624768e-05, 1.6767e+00, 9.4151e-03, 
 2DIAGNOSTIC,    31, -6.072587300451e-01, 4.682262685131e-05, 1.6852e+00, 8.5568e-03, 
 2DIAGNOSTIC,    32, -6.073039487817e-01, 5.303398176835e-05, 1.6918e+00, 6.5570e-03, 
 2DIAGNOSTIC,    33, -6.073190131067e-01, 5.456613149622e-05, 1.6993e+00, 7.4899e-03, 
 2DIAGNOSTIC,    34, -6.073381176733e-01, 5.015906970886e-05, 1.7067e+00, 7.4580e-03, 
 2DIAGNOSTIC,    35, -6.073542197330e-01, 4.377984151507e-05, 1.7133e+00, 6.5601e-03, 
 2DIAGNOSTIC,    36, -6.075457145108e-01, 3.613651799516e-05, 1.7239e+00, 1.0579e-02, 
 2DIAGNOSTIC,    37, -6.076227031890e-01, 2.791956412053e-05, 1.7308e+00, 6.8979e-03, 
 2DIAGNOSTIC,    38, -6.074582909466e-01, 1.773594590447e-05, 1.7382e+00, 7.4410e-03, 
 2DIAGNOSTIC,    39, -6.073649751547e-01, 9.412905205064e-06, 1.7447e+00, 6.5291e-03, 
 2DIAGNOSTIC,    40, -6.073739106213e-01, 5.882629055164e-06, 1.7513e+00, 6.5951e-03, 
 2DIAGNOSTIC,    41, -6.073868644622e-01, 3.209910742159e-06, 1.7578e+00, 6.4909e-03, 
 2DIAGNOSTIC,    42, -6.074175323646e-01, 1.250708724202e-06, 1.7644e+00, 6.6011e-03, 
DIAGNOSTIC,Iteration,metricValue,convergenceValue,ITERATION_TIME_INDEX,SINCE_LAST
 2DIAGNOSTIC,     1, -4.963313828269e-01, 1.797693134862e+308, 3.1716e+00, 1.4072e+00, 
 2DIAGNOSTIC,     2, -4.969914209779e-01, 1.797693134862e+308, 3.2346e+00, 6.2993e-02, 
 2DIAGNOSTIC,     3, -4.978723878041e-01, 1.797693134862e+308, 3.2979e+00, 6.3322e-02, 
 2DIAGNOSTIC,     4, -4.984740690889e-01, 1.797693134862e+308, 3.3631e+00, 6.5169e-02, 
 2DIAGNOSTIC,     5, -4.987593779459e-01, 1.797693134862e+308, 3.4254e+00, 6.2326e-02, 
 2DIAGNOSTIC,     6, -4.991867332630e-01, 1.797693134862e+308, 3.4890e+00, 6.3612e-02, 
 2DIAGNOSTIC,     7, -5.001795788398e-01, 1.797693134862e+308, 3.5739e+00, 8.4912e-02, 
 2DIAGNOSTIC,     8, -5.027930051089e-01, 1.797693134862e+308, 3.6721e+00, 9.8171e-02, 
 2DIAGNOSTIC,     9, -5.030107889528e-01, 1.797693134862e+308, 3.7439e+00, 7.1760e-02, 
 2DIAGNOSTIC,    10, -5.029313611595e-01, 9.235476600459e-04, 3.8307e+00, 8.6880e-02, 
 2DIAGNOSTIC,    11, -5.029358475283e-01, 8.089052346998e-04, 3.9036e+00, 7.2856e-02, 
 2DIAGNOSTIC,    12, -5.029292026350e-01, 6.703290598570e-04, 3.9753e+00, 7.1737e-02, 
 2DIAGNOSTIC,    13, -5.029126102735e-01, 5.282164617004e-04, 4.0376e+00, 6.2242e-02, 
 2DIAGNOSTIC,    14, -5.029061004527e-01, 3.829176655332e-04, 4.1083e+00, 7.0738e-02, 
 2DIAGNOSTIC,    15, -5.029084368999e-01, 2.348374090482e-04, 4.1795e+00, 7.1139e-02, 
 2DIAGNOSTIC,    16, -5.028921733292e-01, 9.881534027423e-05, 4.2420e+00, 6.2492e-02, 
DIAGNOSTIC,Iteration,metricValue,convergenceValue,ITERATION_TIME_INDEX,SINCE_LAST
 2DIAGNOSTIC,     1, -4.298342836742e-01, 1.797693134862e+308, 6.1595e+00, 1.9175e+00, 
 2DIAGNOSTIC,     2, -4.299965324224e-01, 1.797693134862e+308, 6.6805e+00, 5.2102e-01, 
 2DIAGNOSTIC,     3, -4.300779542399e-01, 1.797693134862e+308, 7.2780e+00, 5.9754e-01, 
 2DIAGNOSTIC,     4, -4.301121546781e-01, 1.797693134862e+308, 8.1376e+00, 8.5957e-01, 
 2DIAGNOSTIC,     5, -4.301158775375e-01, 1.797693134862e+308, 8.8132e+00, 6.7560e-01, 
 2DIAGNOSTIC,     6, -4.301147661907e-01, 1.797693134862e+308, 9.4351e+00, 6.2184e-01, 
 2DIAGNOSTIC,     7, -4.301149524809e-01, 1.797693134862e+308, 1.0063e+01, 6.2829e-01, 
 2DIAGNOSTIC,     8, -4.301117632088e-01, 1.797693134862e+308, 1.0657e+01, 5.9361e-01, 
 2DIAGNOSTIC,     9, -4.301129159080e-01, 1.797693134862e+308, 1.1253e+01, 5.9649e-01, 
 2DIAGNOSTIC,    10, -4.301118709667e-01, 2.988711361712e-05, 1.1859e+01, 6.0539e-01, 
 2DIAGNOSTIC,    11, -4.301107800061e-01, 1.145413658700e-05, 1.2468e+01, 6.0908e-01, 
 2DIAGNOSTIC,    12, -4.301071075754e-01, 3.958853232372e-06, 1.3077e+01, 6.0878e-01, 
 2DIAGNOSTIC,    13, -4.301089019109e-01, 1.686611585880e-06, 1.3675e+01, 5.9858e-01, 
 2DIAGNOSTIC,    14, -4.301093498485e-01, 1.432501466725e-06, 1.4274e+01, 5.9894e-01, 
 2DIAGNOSTIC,    15, -4.301091468521e-01, 1.441738739338e-06, 1.4873e+01, 5.9878e-01, 
 2DIAGNOSTIC,    16, -4.301104489823e-01, 1.522099875598e-06, 1.5473e+01, 6.0043e-01, 
 2DIAGNOSTIC,    17, -4.301098519143e-01, 1.624431221210e-06, 1.6018e+01, 5.4422e-01, 
 2DIAGNOSTIC,    18, -4.301109039123e-01, 1.657815077528e-06, 1.6614e+01, 5.9620e-01, 
 2DIAGNOSTIC,    19, -4.301144993065e-01, 1.860435623474e-06, 1.7298e+01, 6.8376e-01, 
 2DIAGNOSTIC,    20, -4.301146384286e-01, 1.992699871875e-06, 1.7899e+01, 6.0161e-01, 
 2DIAGNOSTIC,    21, -4.301129218348e-01, 1.991968942260e-06, 1.8499e+01, 6.0016e-01, 
 2DIAGNOSTIC,    22, -4.301117625824e-01, 1.803466017754e-06, 1.9028e+01, 5.2853e-01, 
 2DIAGNOSTIC,    23, -4.301101551019e-01, 1.603038337072e-06, 1.9729e+01, 7.0083e-01, 
 2DIAGNOSTIC,    24, -4.301096838315e-01, 1.396697455643e-06, 2.0325e+01, 5.9610e-01, 
 2DIAGNOSTIC,    25, -4.301093773955e-01, 1.185083175495e-06, 2.1012e+01, 6.8737e-01, 
DIAGNOSTIC,Iteration,metricValue,convergenceValue,ITERATION_TIME_INDEX,SINCE_LAST
 2DIAGNOSTIC,     1, -3.897260013246e-01, 1.797693134862e+308, 2.4894e+01, 3.8822e+00, 
 2DIAGNOSTIC,     2, -3.897681182379e-01, 1.797693134862e+308, 2.8337e+01, 3.4429e+00, 
 2DIAGNOSTIC,     3, -3.898489584944e-01, 1.797693134862e+308, 3.1402e+01, 3.0643e+00, 
 2DIAGNOSTIC,     4, -3.898891018117e-01, 1.797693134862e+308, 3.5350e+01, 3.9486e+00, 
 2DIAGNOSTIC,     5, -3.898865816857e-01, 1.797693134862e+308, 4.0479e+01, 5.1285e+00, 
 2DIAGNOSTIC,     6, -3.898849091601e-01, 1.797693134862e+308, 4.5258e+01, 4.7788e+00, 
 2DIAGNOSTIC,     7, -3.898848597744e-01, 1.797693134862e+308, 4.8713e+01, 3.4556e+00, 
 2DIAGNOSTIC,     8, -3.898846594229e-01, 1.797693134862e+308, 5.2188e+01, 3.4744e+00, 
 2DIAGNOSTIC,     9, -3.898847238712e-01, 1.797693134862e+308, 5.5703e+01, 3.5150e+00, 
 2DIAGNOSTIC,    10, -3.898846513465e-01, 2.383593771295e-05, 6.0879e+01, 5.1761e+00, 
 2DIAGNOSTIC,    11, -3.898847724041e-01, 1.242565081667e-05, 6.3967e+01, 3.0881e+00, 
 2DIAGNOSTIC,    12, -3.898845387622e-01, 4.493156721547e-06, 6.7009e+01, 3.0419e+00, 
 2DIAGNOSTIC,    13, -3.898844020060e-01, 2.073199639616e-06, 7.0502e+01, 3.4931e+00, 
 2DIAGNOSTIC,    14, -3.898842599327e-01, 2.118681121391e-06, 7.3994e+01, 3.4919e+00, 
 2DIAGNOSTIC,    15, -3.898843052596e-01, 2.053945399719e-06, 7.7495e+01, 3.5012e+00, 
 2DIAGNOSTIC,    16, -3.898842444785e-01, 1.924180065657e-06, 8.1003e+01, 3.5079e+00, 
 2DIAGNOSTIC,    17, -3.898841732608e-01, 1.810804739877e-06, 8.4511e+01, 3.5085e+00, 
 2DIAGNOSTIC,    18, -3.898840998310e-01, 1.704727002241e-06, 8.8008e+01, 3.4971e+00, 
 2DIAGNOSTIC,    19, -3.898839362651e-01, 1.611915294374e-06, 9.1044e+01, 3.0362e+00, 
 2DIAGNOSTIC,    20, -3.898838743446e-01, 1.529064700766e-06, 9.4532e+01, 3.4874e+00, 
 2DIAGNOSTIC,    21, -3.898838926173e-01, 1.464755384969e-06, 9.8044e+01, 3.5125e+00, 
 2DIAGNOSTIC,    22, -3.898838185755e-01, 1.400795010216e-06, 1.0108e+02, 3.0337e+00, 
 2DIAGNOSTIC,    23, -3.898835673349e-01, 1.334549073889e-06, 1.0455e+02, 3.4740e+00, 
 2DIAGNOSTIC,    24, -3.898835043648e-01, 1.272347951692e-06, 1.0806e+02, 3.5096e+00, 
 2DIAGNOSTIC,    25, -3.898834316491e-01, 1.219277661696e-06, 1.1157e+02, 3.5060e+00, 
 2DIAGNOSTIC,    26, -3.898833542830e-01, 1.171301675706e-06, 1.1468e+02, 3.1085e+00, 
 2DIAGNOSTIC,    27, -3.898832858865e-01, 1.128068288010e-06, 1.1776e+02, 3.0827e+00, 
 2DIAGNOSTIC,    28, -3.898833225449e-01, 1.091921997952e-06, 1.2083e+02, 3.0720e+00, 
 2DIAGNOSTIC,    29, -3.898832941719e-01, 1.057614291734e-06, 1.2439e+02, 3.5626e+00, 
 2DIAGNOSTIC,    30, -3.898833500941e-01, 1.029076618489e-06, 1.2744e+02, 3.0454e+00, 
 2DIAGNOSTIC,    31, -3.898833268031e-01, 1.005189182925e-06, 1.3049e+02, 3.0477e+00, 
  Elapsed time (stage 0): 1.3243e+02


Stage 1
  iterations = 1000x500x250x100
  convergence threshold = 1.0000e-06
  convergence window size = 10
  number of levels = 4
  using the Mattes MI metric (number of bins = 32, weight = 1.0000e+00, use gradient filter = 0)
  preprocessing:  winsorizing the image intensities
  Shrink factors (level 1 out of 4): [8, 8, 8]
  Shrink factors (level 2 out of 4): [4, 4, 4]
  Shrink factors (level 3 out of 4): [2, 2, 2]
  Shrink factors (level 4 out of 4): [1, 1, 1]
  smoothing sigmas per level: [3, 2, 1, 0]
  regular sampling (percentage = 2.5000e-01)

*** Running AffineTransform registration ***

DIAGNOSTIC,Iteration,metricValue,convergenceValue,ITERATION_TIME_INDEX,SINCE_LAST
 2DIAGNOSTIC,     1, -6.030193691324e-01, 1.797693134862e+308, 1.2360e+00, 1.2360e+00, 
 2DIAGNOSTIC,     2, -6.052559352749e-01, 1.797693134862e+308, 1.2440e+00, 8.0130e-03, 
 2DIAGNOSTIC,     3, -6.099093314659e-01, 1.797693134862e+308, 1.2516e+00, 7.6289e-03, 
 2DIAGNOSTIC,     4, -6.176306057596e-01, 1.797693134862e+308, 1.2592e+00, 7.6160e-03, 
 2DIAGNOSTIC,     5, -6.328258039038e-01, 1.797693134862e+308, 1.2673e+00, 8.0800e-03, 
 2DIAGNOSTIC,     6, -7.465903075199e-01, 1.797693134862e+308, 1.2764e+00, 9.0981e-03, 
 2DIAGNOSTIC,     7, -8.067505583126e-01, 1.797693134862e+308, 1.2862e+00, 9.8178e-03, 
 2DIAGNOSTIC,     8, -8.765287437459e-01, 1.797693134862e+308, 1.2981e+00, 1.1911e-02, 
 2DIAGNOSTIC,     9, -8.880804617873e-01, 1.797693134862e+308, 1.3063e+00, 8.2130e-03, 
 2DIAGNOSTIC,    10, -8.971572418316e-01, 3.260444522299e-02, 1.3183e+00, 1.1973e-02, 
 2DIAGNOSTIC,    11, -8.985054852039e-01, 2.979805541004e-02, 1.3278e+00, 9.4821e-03, 
 2DIAGNOSTIC,    12, -9.006583776004e-01, 2.501370487597e-02, 1.3364e+00, 8.6100e-03, 
 2DIAGNOSTIC,    13, -9.044417487116e-01, 1.911328066846e-02, 1.3449e+00, 8.5032e-03, 
 2DIAGNOSTIC,    14, -9.070512624700e-01, 1.278085834112e-02, 1.3554e+00, 1.0531e-02, 
 2DIAGNOSTIC,    15, -9.083331814221e-01, 6.625693383832e-03, 1.3833e+00, 2.7822e-02, 
 2DIAGNOSTIC,    16, -9.083331498488e-01, 3.276613759458e-03, 1.3916e+00, 8.3239e-03, 
 2DIAGNOSTIC,    17, -9.083334729237e-01, 1.295058285143e-03, 1.3999e+00, 8.2738e-03, 
 2DIAGNOSTIC,    18, -9.083340191674e-01, 8.027329367569e-04, 1.4081e+00, 8.2898e-03, 
 2DIAGNOSTIC,    19, -9.083349426402e-01, 5.023329945240e-04, 1.4166e+00, 8.4288e-03, 
 2DIAGNOSTIC,    20, -9.083365035993e-01, 3.472572941414e-04, 1.4249e+00, 8.3089e-03, 
 2DIAGNOSTIC,    21, -9.083391412009e-01, 1.991049775215e-04, 1.4332e+00, 8.3349e-03, 
 2DIAGNOSTIC,    22, -9.083435953590e-01, 8.030871699292e-05, 1.4415e+00, 8.3010e-03, 
 2DIAGNOSTIC,    23, -9.083511106803e-01, 2.110974953620e-05, 1.4508e+00, 9.3138e-03, 
 2DIAGNOSTIC,    24, -9.083586064007e-01, 2.170022530015e-06, 1.4700e+00, 1.9138e-02, 
DIAGNOSTIC,Iteration,metricValue,convergenceValue,ITERATION_TIME_INDEX,SINCE_LAST
 2DIAGNOSTIC,     1, -7.642139491321e-01, 1.797693134862e+308, 2.7960e+00, 1.3260e+00, 
 2DIAGNOSTIC,     2, -7.654972634443e-01, 1.797693134862e+308, 2.8751e+00, 7.9135e-02, 
 2DIAGNOSTIC,     3, -7.663703297581e-01, 1.797693134862e+308, 2.9629e+00, 8.7710e-02, 
 2DIAGNOSTIC,     4, -7.668199779564e-01, 1.797693134862e+308, 3.0406e+00, 7.7776e-02, 
 2DIAGNOSTIC,     5, -7.672174691969e-01, 1.797693134862e+308, 3.1193e+00, 7.8680e-02, 
 2DIAGNOSTIC,     6, -7.677401647406e-01, 1.797693134862e+308, 3.2074e+00, 8.8125e-02, 
 2DIAGNOSTIC,     7, -7.679927493734e-01, 1.797693134862e+308, 3.3046e+00, 9.7157e-02, 
 2DIAGNOSTIC,     8, -7.678981644174e-01, 1.797693134862e+308, 3.3919e+00, 8.7345e-02, 
 2DIAGNOSTIC,     9, -7.679348423628e-01, 1.797693134862e+308, 3.4688e+00, 7.6877e-02, 
 2DIAGNOSTIC,    10, -7.679726462291e-01, 2.846150327910e-04, 3.5565e+00, 8.7642e-02, 
 2DIAGNOSTIC,    11, -7.680217963281e-01, 1.735540295089e-04, 3.6442e+00, 8.7749e-02, 
 2DIAGNOSTIC,    12, -7.681051385078e-01, 1.073186401482e-04, 3.7600e+00, 1.1579e-01, 
 2DIAGNOSTIC,    13, -7.680647579220e-01, 6.555673169960e-05, 3.8478e+00, 8.7776e-02, 
 2DIAGNOSTIC,    14, -7.680660295075e-01, 3.600762989957e-05, 3.9377e+00, 8.9906e-02, 
 2DIAGNOSTIC,    15, -7.680699028294e-01, 1.689729475053e-05, 4.0358e+00, 9.8158e-02, 
 2DIAGNOSTIC,    16, -7.680591021365e-01, 1.044497878409e-05, 4.1140e+00, 7.8166e-02, 
 2DIAGNOSTIC,    17, -7.680650349755e-01, 9.664895960618e-06, 4.2006e+00, 8.6597e-02, 
 2DIAGNOSTIC,    18, -7.680686948828e-01, 6.387887916591e-06, 4.2883e+00, 8.7728e-02, 
 2DIAGNOSTIC,    19, -7.680577925027e-01, 3.545529512337e-06, 4.3673e+00, 7.8976e-02, 
 2DIAGNOSTIC,    20, -7.680489960264e-01, 1.339065877626e-06, 4.4459e+00, 7.8559e-02, 
DIAGNOSTIC,Iteration,metricValue,convergenceValue,ITERATION_TIME_INDEX,SINCE_LAST
 2DIAGNOSTIC,     1, -6.403858263931e-01, 1.797693134862e+308, 6.4259e+00, 1.9800e+00, 
 2DIAGNOSTIC,     2, -6.409861742372e-01, 1.797693134862e+308, 7.0693e+00, 6.4340e-01, 
 2DIAGNOSTIC,     3, -6.417858768519e-01, 1.797693134862e+308, 7.7392e+00, 6.6992e-01, 
 2DIAGNOSTIC,     4, -6.429225683312e-01, 1.797693134862e+308, 8.3847e+00, 6.4551e-01, 
 2DIAGNOSTIC,     5, -6.445355419387e-01, 1.797693134862e+308, 1.0041e+01, 1.6560e+00, 
 2DIAGNOSTIC,     6, -6.445347531897e-01, 1.797693134862e+308, 1.0775e+01, 7.3425e-01, 
 2DIAGNOSTIC,     7, -6.445296153898e-01, 1.797693134862e+308, 1.1532e+01, 7.5712e-01, 
 2DIAGNOSTIC,     8, -6.445287577795e-01, 1.797693134862e+308, 1.2623e+01, 1.0904e+00, 
 2DIAGNOSTIC,     9, -6.445289722468e-01, 1.797693134862e+308, 1.3363e+01, 7.4036e-01, 
 2DIAGNOSTIC,    10, -6.445277484045e-01, 4.411141345608e-04, 1.4108e+01, 7.4525e-01, 
 2DIAGNOSTIC,    11, -6.445264678037e-01, 2.863727461852e-04, 1.4836e+01, 7.2837e-01, 
 2DIAGNOSTIC,    12, -6.445238161365e-01, 1.546781539492e-04, 1.5568e+01, 7.3176e-01, 
 2DIAGNOSTIC,    13, -6.445240399954e-01, 5.627633647558e-05, 1.6228e+01, 6.5936e-01, 
 2DIAGNOSTIC,    14, -6.445215419902e-01, 1.369937098122e-06, 1.6974e+01, 7.4689e-01, 
 2DIAGNOSTIC,    15, -6.445206413981e-01, 1.325779130423e-06, 1.7631e+01, 6.5600e-01, 
 2DIAGNOSTIC,    16, -6.445172329531e-01, 1.249325961308e-06, 1.8373e+01, 7.4284e-01, 
 2DIAGNOSTIC,    17, -6.445181324639e-01, 1.142684323718e-06, 1.9018e+01, 6.4500e-01, 
 2DIAGNOSTIC,    18, -6.445163188622e-01, 1.047242013545e-06, 1.9840e+01, 8.2183e-01, 
 2DIAGNOSTIC,    19, -6.445153016584e-01, 1.010746611421e-06, 2.0487e+01, 6.4668e-01, 
DIAGNOSTIC,Iteration,metricValue,convergenceValue,ITERATION_TIME_INDEX,SINCE_LAST
 2DIAGNOSTIC,     1, -5.691919394666e-01, 1.797693134862e+308, 2.5500e+01, 5.0130e+00, 
 2DIAGNOSTIC,     2, -5.695446939503e-01, 1.797693134862e+308, 2.9600e+01, 4.0997e+00, 
 2DIAGNOSTIC,     3, -5.698402518264e-01, 1.797693134862e+308, 3.3635e+01, 4.0358e+00, 
 2DIAGNOSTIC,     4, -5.700582035619e-01, 1.797693134862e+308, 3.9695e+01, 6.0600e+00, 
 2DIAGNOSTIC,     5, -5.700773596965e-01, 1.797693134862e+308, 4.3745e+01, 4.0500e+00, 
 2DIAGNOSTIC,     6, -5.700789199647e-01, 1.797693134862e+308, 5.0722e+01, 6.9771e+00, 
 2DIAGNOSTIC,     7, -5.700793654326e-01, 1.797693134862e+308, 5.5271e+01, 4.5484e+00, 
 2DIAGNOSTIC,     8, -5.700790930171e-01, 1.797693134862e+308, 5.9313e+01, 4.0421e+00, 
 2DIAGNOSTIC,     9, -5.700787895274e-01, 1.797693134862e+308, 6.4877e+01, 5.5639e+00, 
 2DIAGNOSTIC,    10, -5.700788865333e-01, 7.954952049981e-05, 6.9393e+01, 4.5161e+00, 
 2DIAGNOSTIC,    11, -5.700786494817e-01, 3.724455111867e-05, 7.3897e+01, 4.5038e+00, 
 2DIAGNOSTIC,    12, -5.700785453209e-01, 1.333626342137e-05, 7.8448e+01, 4.5512e+00, 
 2DIAGNOSTIC,    13, -5.700784602986e-01, 3.246430595849e-06, 8.3480e+01, 5.0325e+00, 
 2DIAGNOSTIC,    14, -5.700780408233e-01, 2.255259470965e-06, 8.7987e+01, 4.5071e+00, 
 2DIAGNOSTIC,    15, -5.700777605317e-01, 2.024208597975e-06, 9.2077e+01, 4.0895e+00, 
 2DIAGNOSTIC,    16, -5.700776429963e-01, 1.875409772520e-06, 9.6098e+01, 4.0210e+00, 
 2DIAGNOSTIC,    17, -5.700775470378e-01, 1.764835427312e-06, 1.0012e+02, 4.0205e+00, 
 2DIAGNOSTIC,    18, -5.700774860207e-01, 1.667336734998e-06, 1.0462e+02, 4.5031e+00, 
 2DIAGNOSTIC,    19, -5.700774010606e-01, 1.579185041317e-06, 1.0920e+02, 4.5802e+00, 
 2DIAGNOSTIC,    20, -5.700773272113e-01, 1.509555934497e-06, 1.1426e+02, 5.0593e+00, 
 2DIAGNOSTIC,    21, -5.700772118572e-01, 1.445720595392e-06, 1.1834e+02, 4.0784e+00, 
 2DIAGNOSTIC,    22, -5.700768206779e-01, 1.382840846623e-06, 1.2288e+02, 4.5419e+00, 
 2DIAGNOSTIC,    23, -5.700767080382e-01, 1.327432310370e-06, 1.2696e+02, 4.0829e+00, 
 2DIAGNOSTIC,    24, -5.700763209634e-01, 1.265190059316e-06, 1.3098e+02, 4.0128e+00, 
 2DIAGNOSTIC,    25, -5.700767238913e-01, 1.216174078306e-06, 1.3499e+02, 4.0130e+00, 
 2DIAGNOSTIC,    26, -5.700768998081e-01, 1.177087557140e-06, 1.3999e+02, 4.9991e+00, 
 2DIAGNOSTIC,    27, -5.700769793337e-01, 1.144982744158e-06, 1.4499e+02, 5.0048e+00, 
 2DIAGNOSTIC,    28, -5.700768722459e-01, 1.115512051952e-06, 1.4961e+02, 4.6122e+00, 
 2DIAGNOSTIC,    29, -5.700766002211e-01, 1.084003724616e-06, 1.5380e+02, 4.1953e+00, 
 2DIAGNOSTIC,    30, -5.700766459964e-01, 1.055334393950e-06, 1.5832e+02, 4.5234e+00, 
 2DIAGNOSTIC,    31, -5.700768289556e-01, 1.029963027754e-06, 1.6235e+02, 4.0300e+00, 
  Elapsed time (stage 1): 1.6496e+02


Stage 2
  iterations = 100x70x50x20
  convergence threshold = 1.0000e-06
  convergence window size = 10
  number of levels = 4
  using the CC metric (radius = 4, weight = 1.0000e+00, use gradient filter = 0)
  preprocessing:  winsorizing the image intensities
  Shrink factors (level 1 out of 4): [8, 8, 8]
  Shrink factors (level 2 out of 4): [4, 4, 4]
  Shrink factors (level 3 out of 4): [2, 2, 2]
  Shrink factors (level 4 out of 4): [1, 1, 1]
  smoothing sigmas per level: [3, 2, 1, 0]
  Using default NONE metricSamplingStrategy 

*** Running SyN registration (varianceForUpdateField = 3.0000e+00, varianceForTotalField = 0.0000e+00) ***

XXDIAGNOSTIC,Iteration,metricValue,convergenceValue,ITERATION_TIME_INDEX,SINCE_LAST
 1DIAGNOSTIC,     1, -9.333763268602e-01, 1.797693134862e+308, 1.8046e+00, 1.8046e+00, 
 1DIAGNOSTIC,     2, -9.400611132569e-01, 1.797693134862e+308, 2.4246e+00, 6.2006e-01, 
 1DIAGNOSTIC,     3, -9.458231409669e-01, 1.797693134862e+308, 3.0429e+00, 6.1830e-01, 
 1DIAGNOSTIC,     4, -9.508248688567e-01, 1.797693134862e+308, 3.6592e+00, 6.1625e-01, 
 1DIAGNOSTIC,     5, -9.543055316912e-01, 1.797693134862e+308, 4.2748e+00, 6.1563e-01, 
 1DIAGNOSTIC,     6, -9.572986140590e-01, 1.797693134862e+308, 4.8921e+00, 6.1731e-01, 
 1DIAGNOSTIC,     7, -9.606202483489e-01, 1.797693134862e+308, 5.5233e+00, 6.3117e-01, 
 1DIAGNOSTIC,     8, -9.644692229624e-01, 1.797693134862e+308, 6.1555e+00, 6.3217e-01, 
 1DIAGNOSTIC,     9, -9.677390322690e-01, 1.797693134862e+308, 6.7702e+00, 6.1477e-01, 
 1DIAGNOSTIC,    10, -9.689437163090e-01, 2.323274719894e-03, 7.3850e+00, 6.1473e-01, 
 1DIAGNOSTIC,    11, -9.693847783451e-01, 1.805871919545e-03, 8.0245e+00, 6.3955e-01, 
 1DIAGNOSTIC,    12, -9.705599049021e-01, 1.406920322094e-03, 8.6396e+00, 6.1506e-01, 
 1DIAGNOSTIC,    13, -9.709690700280e-01, 1.080848830510e-03, 9.2810e+00, 6.4144e-01, 
 1DIAGNOSTIC,    14, -9.719114100075e-01, 8.282974000191e-04, 9.9089e+00, 6.2785e-01, 
 1DIAGNOSTIC,    15, -9.722507719639e-01, 6.094925990364e-04, 1.0531e+01, 6.2190e-01, 
 1DIAGNOSTIC,    16, -9.730673880782e-01, 4.330701943137e-04, 1.1158e+01, 6.2709e-01, 
 1DIAGNOSTIC,    17, -9.732770484843e-01, 2.980400597673e-04, 1.1794e+01, 6.3650e-01, 
 1DIAGNOSTIC,    18, -9.739098877858e-01, 2.231177493021e-04, 1.2409e+01, 6.1467e-01, 
 1DIAGNOSTIC,    19, -9.740332921104e-01, 1.879126166778e-04, 1.3025e+01, 6.1606e-01, 
 1DIAGNOSTIC,    20, -9.745252088008e-01, 1.640448946293e-04, 1.3641e+01, 6.1618e-01, 
 1DIAGNOSTIC,    21, -9.745822483397e-01, 1.339024875701e-04, 1.4256e+01, 6.1457e-01, 
 1DIAGNOSTIC,    22, -9.749729954447e-01, 1.151829338694e-04, 1.4885e+01, 6.2913e-01, 
 1DIAGNOSTIC,    23, -9.749851775783e-01, 9.256184435179e-05, 1.5504e+01, 6.1925e-01, 
 1DIAGNOSTIC,    24, -9.752853168332e-01, 7.857505913701e-05, 1.6135e+01, 6.3029e-01, 
 1DIAGNOSTIC,    25, -9.752710841541e-01, 6.204174700641e-05, 1.6758e+01, 6.2343e-01, 
 1DIAGNOSTIC,    26, -9.755479068722e-01, 5.349219694806e-05, 1.7376e+01, 6.1782e-01, 
 1DIAGNOSTIC,    27, -9.755145719622e-01, 4.237859438008e-05, 1.7993e+01, 6.1754e-01, 
 1DIAGNOSTIC,    28, -9.757613438045e-01, 3.746525950853e-05, 1.8632e+01, 6.3849e-01, 
 1DIAGNOSTIC,    29, -9.757141995975e-01, 3.008529687852e-05, 1.9249e+01, 6.1688e-01, 
 1DIAGNOSTIC,    30, -9.759382289529e-01, 2.752368514206e-05, 1.9904e+01, 6.5498e-01, 
 1DIAGNOSTIC,    31, -9.758838721975e-01, 2.252189969248e-05, 2.0521e+01, 6.1745e-01, 
 1DIAGNOSTIC,    32, -9.760910604225e-01, 2.133320960951e-05, 2.1137e+01, 6.1601e-01, 
 1DIAGNOSTIC,    33, -9.760313570310e-01, 1.776825026156e-05, 2.1791e+01, 6.5368e-01, 
 1DIAGNOSTIC,    34, -9.762268475912e-01, 1.714637522020e-05, 2.2407e+01, 6.1642e-01, 
 1DIAGNOSTIC,    35, -9.761630788070e-01, 1.427791263437e-05, 2.3022e+01, 6.1522e-01, 
 1DIAGNOSTIC,    36, -9.763506012916e-01, 1.412944797215e-05, 2.3666e+01, 6.4323e-01, 
 1DIAGNOSTIC,    37, -9.762813724013e-01, 1.183711107398e-05, 2.4281e+01, 6.1486e-01, 
 1DIAGNOSTIC,    38, -9.764618908728e-01, 1.196399942074e-05, 2.4897e+01, 6.1684e-01, 
 1DIAGNOSTIC,    39, -9.763878252774e-01, 1.004229784594e-05, 2.5538e+01, 6.4056e-01, 
 1DIAGNOSTIC,    40, -9.765606423201e-01, 1.028928868460e-05, 2.6154e+01, 6.1574e-01, 
 1DIAGNOSTIC,    41, -9.764836671968e-01, 8.615564795058e-06, 2.6769e+01, 6.1485e-01, 
 1DIAGNOSTIC,    42, -9.766493225827e-01, 8.916386424439e-06, 2.7411e+01, 6.4247e-01, 
 1DIAGNOSTIC,    43, -9.765705071631e-01, 7.421405313061e-06, 2.8027e+01, 6.1617e-01, 
 1DIAGNOSTIC,    44, -9.767280857213e-01, 7.746307875967e-06, 2.8643e+01, 6.1601e-01, 
 1DIAGNOSTIC,    45, -9.766475827419e-01, 6.392051280429e-06, 2.9260e+01, 6.1663e-01, 
 1DIAGNOSTIC,    46, -9.768009076572e-01, 6.760940709512e-06, 2.9888e+01, 6.2819e-01, 
 1DIAGNOSTIC,    47, -9.767771828618e-01, 5.903036828896e-06, 3.0517e+01, 6.2879e-01, 
 1DIAGNOSTIC,    48, -9.769272849175e-01, 6.623623177351e-06, 3.1132e+01, 6.1563e-01, 
 1DIAGNOSTIC,    49, -9.768418300863e-01, 5.747232932722e-06, 3.1762e+01, 6.2950e-01, 
 1DIAGNOSTIC,    50, -9.769889564755e-01, 6.331527551407e-06, 3.2406e+01, 6.4366e-01, 
 1DIAGNOSTIC,    51, -9.769029810927e-01, 5.365428974398e-06, 3.3020e+01, 6.1424e-01, 
 1DIAGNOSTIC,    52, -9.770464726123e-01, 5.749686230263e-06, 3.3637e+01, 6.1670e-01, 
 1DIAGNOSTIC,    53, -9.769592786151e-01, 4.666890862325e-06, 3.4252e+01, 6.1554e-01, 
 1DIAGNOSTIC,    54, -9.770994511081e-01, 4.884946419384e-06, 3.4867e+01, 6.1458e-01, 
 1DIAGNOSTIC,    55, -9.770116823344e-01, 3.751751242280e-06, 3.5482e+01, 6.1545e-01, 
 1DIAGNOSTIC,    56, -9.771499586758e-01, 3.899879863194e-06, 3.6112e+01, 6.2984e-01, 
 1DIAGNOSTIC,    57, -9.770611987033e-01, 3.107663362679e-06, 3.6743e+01, 6.3087e-01, 
 1DIAGNOSTIC,    58, -9.771962296757e-01, 3.566024603611e-06, 3.7374e+01, 6.3152e-01, 
