---------------------
Profiling information

Pipeline: ants registrationSyN
NTHREAD: 1

DATASET: ds004513
SUBJECT_ID: s003

SIF_IMG: /mnt/lustre/mathdugre/containers/ants-debug.simg
DATA_DIR: /mnt/lustre/mathdugre/mri-bottleneck/datasets/ds004513

PROJECT_DIR: /mnt/lustre/mathdugre/mri-bottleneck
PROFILING_DIR: /mnt/lustre/mathdugre/mri-bottleneck/vtune_output/1-threads/ants/registrationSyN/ds004513/sub-s003/x7lPstPTxS4OCDWwmdJxUtUoidMOj9IO
---------------------

Command to profile: bash tmp-scripts/x7lPstPTxS4OCDWwmdJxUtUoidMOj9IO.sh

--------------------------------------------------------------------------------------
 Mapping parameters
--------------------------------------------------------------------------------------
 ANTSPATH is /opt/ants/bin

 Dimensionality:           3
 Output name prefix:       /data/derivatives/ants/registrationSyN/sub-s003/ses-open/anat/
 Fixed images:             /templateflow/tpl-MNI152NLin2009cAsym//tpl-MNI152NLin2009cAsym_res-01_desc-brain_T1w.nii.gz
 Moving images:            /data/derivatives/fsl/fast/sub-s003/ses-open/anat/BrainExtractionBrain_seg.nii.gz
 Mask images:              
 Initial transforms:       
 Number of threads:        1
 Spline distance:          26
 SyN gradient step:        0.1
 Transform type:           s
 CC radius:                4
 Precision:                d
 Use histogram matching    0
 Repro                     0
======================================================================================
 antsRegistration call:
--------------------------------------------------------------------------------------
/opt/ants/bin/antsRegistration --verbose 1 --dimensionality 3 --float 0 --collapse-output-transforms 1 --output [ /data/derivatives/ants/registrationSyN/sub-s003/ses-open/anat/,/data/derivatives/ants/registrationSyN/sub-s003/ses-open/anat/Warped.nii.gz,/data/derivatives/ants/registrationSyN/sub-s003/ses-open/anat/InverseWarped.nii.gz ] --interpolation Linear --use-histogram-matching 0 --winsorize-image-intensities [ 0.005,0.995 ] --initial-moving-transform [ /templateflow/tpl-MNI152NLin2009cAsym//tpl-MNI152NLin2009cAsym_res-01_desc-brain_T1w.nii.gz,/data/derivatives/fsl/fast/sub-s003/ses-open/anat/BrainExtractionBrain_seg.nii.gz,1 ] --transform Rigid[ 0.1 ] --metric MI[ /templateflow/tpl-MNI152NLin2009cAsym//tpl-MNI152NLin2009cAsym_res-01_desc-brain_T1w.nii.gz,/data/derivatives/fsl/fast/sub-s003/ses-open/anat/BrainExtractionBrain_seg.nii.gz,1,32,Regular,0.25 ] --convergence [ 1000x500x250x100,1e-6,10 ] --shrink-factors 8x4x2x1 --smoothing-sigmas 3x2x1x0vox --transform Affine[ 0.1 ] --metric MI[ /templateflow/tpl-MNI152NLin2009cAsym//tpl-MNI152NLin2009cAsym_res-01_desc-brain_T1w.nii.gz,/data/derivatives/fsl/fast/sub-s003/ses-open/anat/BrainExtractionBrain_seg.nii.gz,1,32,Regular,0.25 ] --convergence [ 1000x500x250x100,1e-6,10 ] --shrink-factors 8x4x2x1 --smoothing-sigmas 3x2x1x0vox --transform SyN[ 0.1,3,0 ] --metric CC[ /templateflow/tpl-MNI152NLin2009cAsym//tpl-MNI152NLin2009cAsym_res-01_desc-brain_T1w.nii.gz,/data/derivatives/fsl/fast/sub-s003/ses-open/anat/BrainExtractionBrain_seg.nii.gz,1,4 ] --convergence [ 100x70x50x20,1e-6,10 ] --shrink-factors 8x4x2x1 --smoothing-sigmas 3x2x1x0vox
--------------------------------------------------------------------------------------
All_Command_lines_OK
Using double precision for computations.
=============================================================================
The composite transform comprises the following transforms (in order): 
  1. Center of mass alignment using fixed image: /templateflow/tpl-MNI152NLin2009cAsym//tpl-MNI152NLin2009cAsym_res-01_desc-brain_T1w.nii.gz and moving image: /data/derivatives/fsl/fast/sub-s003/ses-open/anat/BrainExtractionBrain_seg.nii.gz (type = Euler3DTransform)
=============================================================================
  number of levels = 4
  number of levels = 4
  number of levels = 4
  fixed image: /templateflow/tpl-MNI152NLin2009cAsym//tpl-MNI152NLin2009cAsym_res-01_desc-brain_T1w.nii.gz
  moving image: /data/derivatives/fsl/fast/sub-s003/ses-open/anat/BrainExtractionBrain_seg.nii.gz
  fixed image: /templateflow/tpl-MNI152NLin2009cAsym//tpl-MNI152NLin2009cAsym_res-01_desc-brain_T1w.nii.gz
  moving image: /data/derivatives/fsl/fast/sub-s003/ses-open/anat/BrainExtractionBrain_seg.nii.gz
  fixed image: /templateflow/tpl-MNI152NLin2009cAsym//tpl-MNI152NLin2009cAsym_res-01_desc-brain_T1w.nii.gz
  moving image: /data/derivatives/fsl/fast/sub-s003/ses-open/anat/BrainExtractionBrain_seg.nii.gz
Dimension = 3
Number of stages = 3
Use histogram matching = false
Winsorize image intensities = true
  Lower quantile = 0.005
  Upper quantile = 0.995


Stage 1 State
   Image metric = Mattes
     Fixed image = Image (0x55d0897755b0)
  RTTI typeinfo:   itk::Image<double, 3u>
  Reference Count: 2
  Modified Time: 1721
  Debug: Off
  Object Name: 
  Observers: 
    none
  Source: (none)
  Source output name: (none)
  Release Data: Off
  Data Released: False
  Global Release Data: Off
  PipelineMTime: 0
  UpdateMTime: 1504
  RealTimeStamp: 0 seconds 
  LargestPossibleRegion: 
    Dimension: 3
    Index: [0, 0, 0]
    Size: [193, 229, 193]
  BufferedRegion: 
    Dimension: 3
    Index: [0, 0, 0]
    Size: [193, 229, 193]
  RequestedRegion: 
    Dimension: 3
    Index: [0, 0, 0]
    Size: [193, 229, 193]
  Spacing: [1, 1, 1]
  Origin: [96, 132, -78]
  Direction: 
-1 0 0
0 -1 0
0 0 1

  IndexToPointMatrix: 
-1 0 0
0 -1 0
0 0 1

  PointToIndexMatrix: 
-1 0 0
0 -1 0
0 0 1

  Inverse Direction: 
-1 0 0
0 -1 0
0 0 1

  PixelContainer: 
    ImportImageContainer (0x55d08977e160)
      RTTI typeinfo:   itk::ImportImageContainer<unsigned long, double>
      Reference Count: 1
      Modified Time: 1501
      Debug: Off
      Object Name: 
      Observers: 
        none
      Pointer: 0x7fd8d56e4010
      Container manages memory: true
      Size: 8530021
      Capacity: 8530021

     Moving image = Image (0x55d0897810a0)
  RTTI typeinfo:   itk::Image<double, 3u>
  Reference Count: 2
  Modified Time: 1722
  Debug: Off
  Object Name: 
  Observers: 
    none
  Source: (none)
  Source output name: (none)
  Release Data: Off
  Data Released: False
  Global Release Data: Off
  PipelineMTime: 0
  UpdateMTime: 1719
  RealTimeStamp: 0 seconds 
  LargestPossibleRegion: 
    Dimension: 3
    Index: [0, 0, 0]
    Size: [176, 240, 256]
  BufferedRegion: 
    Dimension: 3
    Index: [0, 0, 0]
    Size: [176, 240, 256]
  RequestedRegion: 
    Dimension: 3
    Index: [0, 0, 0]
    Size: [176, 240, 256]
  Spacing: [0.999999, 1, 1]
  Origin: [93.3499, 86.9368, -128.957]
  Direction: 
-0.999513 -0.0279216 -0.0139567
0.0279189 -0.99961 0.000389866
-0.0139622 2.01492e-08 0.999903

  IndexToPointMatrix: 
-0.999512 -0.0279216 -0.0139567
0.0279189 -0.99961 0.000389866
-0.0139621 2.01492e-08 0.999903

  PointToIndexMatrix: 
-0.999514 0.0279189 -0.0139622
-0.0279216 -0.99961 2.01716e-08
-0.0139567 0.000389866 0.999903

  Inverse Direction: 
-0.999513 0.0279189 -0.0139622
-0.0279216 -0.99961 2.01716e-08
-0.0139567 0.000389866 0.999903

  PixelContainer: 
    ImportImageContainer (0x55d089838fd0)
      RTTI typeinfo:   itk::ImportImageContainer<unsigned long, double>
      Reference Count: 1
      Modified Time: 1716
      Debug: Off
      Object Name: 
      Observers: 
        none
      Pointer: 0x7fd8d0463010
      Container manages memory: true
      Size: 10813440
      Capacity: 10813440

     Weighting = 1
     Sampling strategy = regular
     Number of bins = 32
     Radius = 4
     Sampling percentage  = 0.25
   Transform = Rigid
     Gradient step = 0.1
     Update field sigma (voxel space) = 0
     Total field sigma (voxel space) = 0
     Update field time sigma = 0
     Total field time sigma  = 0
     Number of time indices = 0
     Number of time point samples = 0
Stage 2 State
   Image metric = Mattes
     Fixed image = Image (0x55d0897d84d0)
  RTTI typeinfo:   itk::Image<double, 3u>
  Reference Count: 2
  Modified Time: 2151
  Debug: Off
  Object Name: 
  Observers: 
    none
  Source: (none)
  Source output name: (none)
  Release Data: Off
  Data Released: False
  Global Release Data: Off
  PipelineMTime: 0
  UpdateMTime: 1934
  RealTimeStamp: 0 seconds 
  LargestPossibleRegion: 
    Dimension: 3
    Index: [0, 0, 0]
    Size: [193, 229, 193]
  BufferedRegion: 
    Dimension: 3
    Index: [0, 0, 0]
    Size: [193, 229, 193]
  RequestedRegion: 
    Dimension: 3
    Index: [0, 0, 0]
    Size: [193, 229, 193]
  Spacing: [1, 1, 1]
  Origin: [96, 132, -78]
  Direction: 
-1 0 0
0 -1 0
0 0 1

  IndexToPointMatrix: 
-1 0 0
0 -1 0
0 0 1

  PointToIndexMatrix: 
-1 0 0
0 -1 0
0 0 1

  Inverse Direction: 
-1 0 0
0 -1 0
0 0 1

  PixelContainer: 
    ImportImageContainer (0x55d089859050)
      RTTI typeinfo:   itk::ImportImageContainer<unsigned long, double>
      Reference Count: 1
      Modified Time: 1931
      Debug: Off
      Object Name: 
      Observers: 
        none
      Pointer: 0x7fd8cc34e010
      Container manages memory: true
      Size: 8530021
      Capacity: 8530021

     Moving image = Image (0x55d0897d6880)
  RTTI typeinfo:   itk::Image<double, 3u>
  Reference Count: 2
  Modified Time: 2152
  Debug: Off
  Object Name: 
  Observers: 
    none
  Source: (none)
  Source output name: (none)
  Release Data: Off
  Data Released: False
  Global Release Data: Off
  PipelineMTime: 0
  UpdateMTime: 2149
  RealTimeStamp: 0 seconds 
  LargestPossibleRegion: 
    Dimension: 3
    Index: [0, 0, 0]
    Size: [176, 240, 256]
  BufferedRegion: 
    Dimension: 3
    Index: [0, 0, 0]
    Size: [176, 240, 256]
  RequestedRegion: 
    Dimension: 3
    Index: [0, 0, 0]
    Size: [176, 240, 256]
  Spacing: [0.999999, 1, 1]
  Origin: [93.3499, 86.9368, -128.957]
  Direction: 
-0.999513 -0.0279216 -0.0139567
0.0279189 -0.99961 0.000389866
-0.0139622 2.01492e-08 0.999903

  IndexToPointMatrix: 
-0.999512 -0.0279216 -0.0139567
0.0279189 -0.99961 0.000389866
-0.0139621 2.01492e-08 0.999903

  PointToIndexMatrix: 
-0.999514 0.0279189 -0.0139622
-0.0279216 -0.99961 2.01716e-08
-0.0139567 0.000389866 0.999903

  Inverse Direction: 
-0.999513 0.0279189 -0.0139622
-0.0279216 -0.99961 2.01716e-08
-0.0139567 0.000389866 0.999903

  PixelContainer: 
    ImportImageContainer (0x55d0897ceec0)
      RTTI typeinfo:   itk::ImportImageContainer<unsigned long, double>
      Reference Count: 1
      Modified Time: 2146
      Debug: Off
      Object Name: 
      Observers: 
        none
      Pointer: 0x7fd8c70cd010
      Container manages memory: true
      Size: 10813440
      Capacity: 10813440

     Weighting = 1
     Sampling strategy = regular
     Number of bins = 32
     Radius = 4
     Sampling percentage  = 0.25
   Transform = Affine
     Gradient step = 0.1
     Update field sigma (voxel space) = 0
     Total field sigma (voxel space) = 0
     Update field time sigma = 0
     Total field time sigma  = 0
     Number of time indices = 0
     Number of time point samples = 0
Stage 3 State
   Image metric = CC
     Fixed image = Image (0x55d0897d5080)
  RTTI typeinfo:   itk::Image<double, 3u>
  Reference Count: 2
  Modified Time: 2581
  Debug: Off
  Object Name: 
  Observers: 
    none
  Source: (none)
  Source output name: (none)
  Release Data: Off
  Data Released: False
  Global Release Data: Off
  PipelineMTime: 0
  UpdateMTime: 2364
  RealTimeStamp: 0 seconds 
  LargestPossibleRegion: 
    Dimension: 3
    Index: [0, 0, 0]
    Size: [193, 229, 193]
  BufferedRegion: 
    Dimension: 3
    Index: [0, 0, 0]
    Size: [193, 229, 193]
  RequestedRegion: 
    Dimension: 3
    Index: [0, 0, 0]
    Size: [193, 229, 193]
  Spacing: [1, 1, 1]
  Origin: [96, 132, -78]
  Direction: 
-1 0 0
0 -1 0
0 0 1

  IndexToPointMatrix: 
-1 0 0
0 -1 0
0 0 1

  PointToIndexMatrix: 
-1 0 0
0 -1 0
0 0 1

  Inverse Direction: 
-1 0 0
0 -1 0
0 0 1

  PixelContainer: 
    ImportImageContainer (0x55d0897d56c0)
      RTTI typeinfo:   itk::ImportImageContainer<unsigned long, double>
      Reference Count: 1
      Modified Time: 2361
      Debug: Off
      Object Name: 
      Observers: 
        none
      Pointer: 0x7fd8c2fb8010
      Container manages memory: true
      Size: 8530021
      Capacity: 8530021

     Moving image = Image (0x55d0897c8990)
  RTTI typeinfo:   itk::Image<double, 3u>
  Reference Count: 2
  Modified Time: 2582
  Debug: Off
  Object Name: 
  Observers: 
    none
  Source: (none)
  Source output name: (none)
  Release Data: Off
  Data Released: False
  Global Release Data: Off
  PipelineMTime: 0
  UpdateMTime: 2579
  RealTimeStamp: 0 seconds 
  LargestPossibleRegion: 
    Dimension: 3
    Index: [0, 0, 0]
    Size: [176, 240, 256]
  BufferedRegion: 
    Dimension: 3
    Index: [0, 0, 0]
    Size: [176, 240, 256]
  RequestedRegion: 
    Dimension: 3
    Index: [0, 0, 0]
    Size: [176, 240, 256]
  Spacing: [0.999999, 1, 1]
  Origin: [93.3499, 86.9368, -128.957]
  Direction: 
-0.999513 -0.0279216 -0.0139567
0.0279189 -0.99961 0.000389866
-0.0139622 2.01492e-08 0.999903

  IndexToPointMatrix: 
-0.999512 -0.0279216 -0.0139567
0.0279189 -0.99961 0.000389866
-0.0139621 2.01492e-08 0.999903

  PointToIndexMatrix: 
-0.999514 0.0279189 -0.0139622
-0.0279216 -0.99961 2.01716e-08
-0.0139567 0.000389866 0.999903

  Inverse Direction: 
-0.999513 0.0279189 -0.0139622
-0.0279216 -0.99961 2.01716e-08
-0.0139567 0.000389866 0.999903

  PixelContainer: 
    ImportImageContainer (0x55d0897cd300)
      RTTI typeinfo:   itk::ImportImageContainer<unsigned long, double>
      Reference Count: 1
      Modified Time: 2576
      Debug: Off
      Object Name: 
      Observers: 
        none
      Pointer: 0x7fd8bdd37010
      Container manages memory: true
      Size: 10813440
      Capacity: 10813440

     Weighting = 1
     Sampling strategy = none
     Number of bins = 32
     Radius = 4
     Sampling percentage  = 1
   Transform = SyN
     Gradient step = 0.1
     Update field sigma (voxel space) = 3
     Total field sigma (voxel space) = 0
     Update field time sigma = 0
     Total field time sigma  = 0
     Number of time indices = 0
     Number of time point samples = 0
Registration using 3 total stages.

Stage 0
  iterations = 1000x500x250x100
  convergence threshold = 1e-06
  convergence window size = 10
  number of levels = 4
  using the Mattes MI metric (number of bins = 32, weight = 1, use gradient filter = 0)
  preprocessing:  winsorizing the image intensities
  Shrink factors (level 1 out of 4): [8, 8, 8]
  Shrink factors (level 2 out of 4): [4, 4, 4]
  Shrink factors (level 3 out of 4): [2, 2, 2]
  Shrink factors (level 4 out of 4): [1, 1, 1]
  smoothing sigmas per level: [3, 2, 1, 0]
  regular sampling (percentage = 0.25)

*** Running Euler3DTransform registration ***

DIAGNOSTIC,Iteration,metricValue,convergenceValue,ITERATION_TIME_INDEX,SINCE_LAST
 2DIAGNOSTIC,     1, -5.121884515535e-01, 1.797693134862e+308, 1.5780e+00, 1.5780e+00, 
 2DIAGNOSTIC,     2, -5.141275763198e-01, 1.797693134862e+308, 1.5853e+00, 7.2780e-03, 
 2DIAGNOSTIC,     3, -5.177750766476e-01, 1.797693134862e+308, 1.5923e+00, 7.0350e-03, 
 2DIAGNOSTIC,     4, -5.242327751838e-01, 1.797693134862e+308, 1.5994e+00, 7.0500e-03, 
 2DIAGNOSTIC,     5, -5.340532819901e-01, 1.797693134862e+308, 1.6069e+00, 7.5190e-03, 
 2DIAGNOSTIC,     6, -5.419803711781e-01, 1.797693134862e+308, 1.6145e+00, 7.5939e-03, 
 2DIAGNOSTIC,     7, -5.604545186378e-01, 1.797693134862e+308, 1.6233e+00, 8.8050e-03, 
 2DIAGNOSTIC,     8, -5.721183911628e-01, 1.797693134862e+308, 1.6321e+00, 8.7941e-03, 
 2DIAGNOSTIC,     9, -5.843032340824e-01, 1.797693134862e+308, 1.6563e+00, 2.4178e-02, 
 2DIAGNOSTIC,    10, -5.843028036052e-01, 9.908821975847e-03, 1.6664e+00, 1.0137e-02, 
 2DIAGNOSTIC,    11, -5.843037628509e-01, 9.019464382969e-03, 1.6732e+00, 6.7790e-03, 
 2DIAGNOSTIC,    12, -5.843053842636e-01, 7.564314352033e-03, 1.6800e+00, 6.8061e-03, 
 2DIAGNOSTIC,    13, -5.843081268391e-01, 5.800063847737e-03, 1.6868e+00, 6.7589e-03, 
 2DIAGNOSTIC,    14, -5.843127567599e-01, 4.007306827920e-03, 1.6936e+00, 6.8102e-03, 
 2DIAGNOSTIC,    15, -5.843205711436e-01, 2.439149260575e-03, 1.7007e+00, 7.0930e-03, 
 2DIAGNOSTIC,    16, -5.843337082306e-01, 1.098963967047e-03, 1.7075e+00, 6.8491e-03, 
 2DIAGNOSTIC,    17, -5.843556906726e-01, 3.679815507072e-04, 1.7143e+00, 6.8052e-03, 
 2DIAGNOSTIC,    18, -5.843925331091e-01, 6.452980234793e-06, 1.7211e+00, 6.8090e-03, 
 2DIAGNOSTIC,    19, -5.844530976559e-01, 9.074733226609e-06, 1.7289e+00, 7.7319e-03, 
 2DIAGNOSTIC,    20, -5.845514626362e-01, 1.318226360595e-05, 1.7368e+00, 7.9730e-03, 
 2DIAGNOSTIC,    21, -5.846120361189e-01, 1.724327586897e-05, 1.7437e+00, 6.8700e-03, 
 2DIAGNOSTIC,    22, -5.846375063760e-01, 2.007927477104e-05, 1.7506e+00, 6.8588e-03, 
 2DIAGNOSTIC,    23, -5.847930146050e-01, 2.439081895968e-05, 1.7583e+00, 7.6990e-03, 
 2DIAGNOSTIC,    24, -5.849174219137e-01, 2.878152714620e-05, 1.7662e+00, 7.9761e-03, 
 2DIAGNOSTIC,    25, -5.850794858654e-01, 3.357800319302e-05, 1.7730e+00, 6.7861e-03, 
 2DIAGNOSTIC,    26, -5.852959564796e-01, 3.934788766904e-05, 1.7808e+00, 7.7400e-03, 
 2DIAGNOSTIC,    27, -5.854008476273e-01, 4.339804257598e-05, 1.7885e+00, 7.7419e-03, 
 2DIAGNOSTIC,    28, -5.854309764176e-01, 4.435879416897e-05, 1.7955e+00, 6.9740e-03, 
 2DIAGNOSTIC,    29, -5.855042064188e-01, 4.345497284262e-05, 1.8041e+00, 8.6150e-03, 
 2DIAGNOSTIC,    30, -5.855646951885e-01, 4.119902010622e-05, 1.8109e+00, 6.8309e-03, 
 2DIAGNOSTIC,    31, -5.857464313702e-01, 3.915321010625e-05, 1.8177e+00, 6.7990e-03, 
 2DIAGNOSTIC,    32, -5.860123617671e-01, 3.805487907961e-05, 1.8253e+00, 7.6120e-03, 
 2DIAGNOSTIC,    33, -5.866490349940e-01, 4.537038131735e-05, 1.8323e+00, 6.9270e-03, 
 2DIAGNOSTIC,    34, -5.885173241186e-01, 7.688775279609e-05, 1.8395e+00, 7.2589e-03, 
 2DIAGNOSTIC,    35, -5.949638513245e-01, 1.921615538760e-04, 1.8532e+00, 1.3702e-02, 
 2DIAGNOSTIC,    36, -5.967921376280e-01, 3.085510404218e-04, 1.8601e+00, 6.8719e-03, 
 2DIAGNOSTIC,    37, -5.974532656761e-01, 4.000411747486e-04, 1.8674e+00, 7.2691e-03, 
 2DIAGNOSTIC,    38, -5.977268633170e-01, 4.536797360826e-04, 1.8742e+00, 6.8259e-03, 
 2DIAGNOSTIC,    39, -5.979831826855e-01, 4.652168153308e-04, 1.8811e+00, 6.9048e-03, 
 2DIAGNOSTIC,    40, -5.984979463279e-01, 4.376628875743e-04, 1.8882e+00, 7.0639e-03, 
 2DIAGNOSTIC,    41, -6.024676076112e-01, 4.192184469806e-04, 1.8979e+00, 9.7208e-03, 
 2DIAGNOSTIC,    42, -6.115233162322e-01, 4.705826012865e-04, 1.9050e+00, 7.1149e-03, 
 2DIAGNOSTIC,    43, -6.193205983112e-01, 5.689071369397e-04, 1.9120e+00, 7.0238e-03, 
 2DIAGNOSTIC,    44, -6.216197185865e-01, 6.522601180445e-04, 1.9195e+00, 7.5092e-03, 
 2DIAGNOSTIC,    45, -6.346720969036e-01, 8.821458749960e-04, 1.9295e+00, 1.0015e-02, 
 2DIAGNOSTIC,    46, -6.465545654850e-01, 1.158347454061e-03, 1.9430e+00, 1.3493e-02, 
 2DIAGNOSTIC,    47, -6.476073483354e-01, 1.325163230121e-03, 1.9499e+00, 6.8910e-03, 
 2DIAGNOSTIC,    48, -6.500808907472e-01, 1.387563164278e-03, 1.9567e+00, 6.7759e-03, 
 2DIAGNOSTIC,    49, -6.526321810656e-01, 1.344153510807e-03, 1.9638e+00, 7.0820e-03, 
 2DIAGNOSTIC,    50, -6.547842488852e-01, 1.198150585148e-03, 1.9706e+00, 6.8049e-03, 
 2DIAGNOSTIC,    51, -6.551266370452e-01, 9.811605283518e-04, 1.9784e+00, 7.7789e-03, 
 2DIAGNOSTIC,    52, -6.566831574496e-01, 7.777255097359e-04, 1.9910e+00, 1.2670e-02, 
 2DIAGNOSTIC,    53, -6.566396073970e-01, 5.806488378439e-04, 1.9997e+00, 8.6520e-03, 
 2DIAGNOSTIC,    54, -6.568586711405e-01, 3.562125454325e-04, 2.0065e+00, 6.8278e-03, 
 2DIAGNOSTIC,    55, -6.574315035207e-01, 2.224038500505e-04, 2.0132e+00, 6.7060e-03, 
 2DIAGNOSTIC,    56, -6.583302397223e-01, 1.815759367399e-04, 2.0199e+00, 6.6941e-03, 
 2DIAGNOSTIC,    57, -6.590157713785e-01, 1.390960638119e-04, 2.0294e+00, 9.4709e-03, 
 2DIAGNOSTIC,    58, -6.590136043534e-01, 1.048162430356e-04, 2.0435e+00, 1.4090e-02, 
 2DIAGNOSTIC,    59, -6.590415205679e-01, 8.243995732841e-05, 2.0563e+00, 1.2812e-02, 
 2DIAGNOSTIC,    60, -6.590507012963e-01, 7.012877906086e-05, 2.0636e+00, 7.3009e-03, 
 2DIAGNOSTIC,    61, -6.592945940305e-01, 5.564969965932e-05, 2.0774e+00, 1.3825e-02, 
 2DIAGNOSTIC,    62, -6.595877155727e-01, 5.041844763595e-05, 2.0916e+00, 1.4145e-02, 
 2DIAGNOSTIC,    63, -6.598594938850e-01, 4.233995976746e-05, 2.1097e+00, 1.8102e-02, 
 2DIAGNOSTIC,    64, -6.601326037044e-01, 3.417628494137e-05, 2.1286e+00, 1.8966e-02, 
 2DIAGNOSTIC,    65, -6.601782535328e-01, 2.739275092694e-05, 2.1466e+00, 1.7940e-02, 
 2DIAGNOSTIC,    66, -6.601049980262e-01, 2.399401203242e-05, 2.1554e+00, 8.7950e-03, 
 2DIAGNOSTIC,    67, -6.600340890425e-01, 2.275451755786e-05, 2.1630e+00, 7.6849e-03, 
 2DIAGNOSTIC,    68, -6.599631086371e-01, 1.890000948838e-05, 2.1701e+00, 7.0121e-03, 
 2DIAGNOSTIC,    69, -6.598971100920e-01, 1.314923630701e-05, 2.1770e+00, 6.9571e-03, 
 2DIAGNOSTIC,    70, -6.600178928376e-01, 7.221398522089e-06, 2.1846e+00, 7.5612e-03, 
 2DIAGNOSTIC,    71, -6.600371322686e-01, 2.524370168927e-06, 2.1915e+00, 6.9389e-03, 
DIAGNOSTIC,Iteration,metricValue,convergenceValue,ITERATION_TIME_INDEX,SINCE_LAST
 2DIAGNOSTIC,     1, -5.327448026650e-01, 1.797693134862e+308, 3.6061e+00, 1.4146e+00, 
 2DIAGNOSTIC,     2, -5.335675031004e-01, 1.797693134862e+308, 3.6781e+00, 7.1955e-02, 
 2DIAGNOSTIC,     3, -5.345464376541e-01, 1.797693134862e+308, 3.7491e+00, 7.1009e-02, 
 2DIAGNOSTIC,     4, -5.352796626740e-01, 1.797693134862e+308, 3.8208e+00, 7.1732e-02, 
 2DIAGNOSTIC,     5, -5.357158812401e-01, 1.797693134862e+308, 3.8924e+00, 7.1604e-02, 
 2DIAGNOSTIC,     6, -5.362650366821e-01, 1.797693134862e+308, 3.9625e+00, 7.0141e-02, 
 2DIAGNOSTIC,     7, -5.370105876435e-01, 1.797693134862e+308, 4.0427e+00, 8.0167e-02, 
 2DIAGNOSTIC,     8, -5.379493871608e-01, 1.797693134862e+308, 4.1401e+00, 9.7372e-02, 
 2DIAGNOSTIC,     9, -5.382132793441e-01, 1.797693134862e+308, 4.2083e+00, 6.8185e-02, 
 2DIAGNOSTIC,    10, -5.388152518831e-01, 7.146002321210e-04, 4.3094e+00, 1.0109e-01, 
 2DIAGNOSTIC,    11, -5.395604059625e-01, 6.266339979298e-04, 4.3793e+00, 6.9931e-02, 
 2DIAGNOSTIC,    12, -5.399010259071e-01, 5.470601252438e-04, 4.4563e+00, 7.7011e-02, 
 2DIAGNOSTIC,    13, -5.400731922985e-01, 4.768196452084e-04, 4.5537e+00, 9.7418e-02, 
 2DIAGNOSTIC,    14, -5.401681890996e-01, 4.051768351419e-04, 4.6239e+00, 7.0154e-02, 
 2DIAGNOSTIC,    15, -5.409771327362e-01, 3.502220794006e-04, 4.6931e+00, 6.9235e-02, 
 2DIAGNOSTIC,    16, -5.422977283636e-01, 3.306418403978e-04, 4.8019e+00, 1.0881e-01, 
 2DIAGNOSTIC,    17, -5.425384360224e-01, 3.122439977847e-04, 4.8724e+00, 7.0450e-02, 
 2DIAGNOSTIC,    18, -5.432995805814e-01, 3.179579036792e-04, 4.9575e+00, 8.5167e-02, 
 2DIAGNOSTIC,    19, -5.433964249937e-01, 3.036480936582e-04, 5.0372e+00, 7.9667e-02, 
 2DIAGNOSTIC,    20, -5.434270270246e-01, 2.788085116656e-04, 5.1063e+00, 6.9058e-02, 
 2DIAGNOSTIC,    21, -5.435065814069e-01, 2.507526861988e-04, 5.1754e+00, 6.9192e-02, 
 2DIAGNOSTIC,    22, -5.437444700200e-01, 2.157944403518e-04, 5.2455e+00, 7.0017e-02, 
 2DIAGNOSTIC,    23, -5.439771656857e-01, 1.733336976809e-04, 5.3436e+00, 9.8143e-02, 
 2DIAGNOSTIC,    24, -5.441674609591e-01, 1.243573558552e-04, 5.4128e+00, 6.9198e-02, 
 2DIAGNOSTIC,    25, -5.442425690720e-01, 8.592627619489e-05, 5.4806e+00, 6.7755e-02, 
 2DIAGNOSTIC,    26, -5.444070776700e-01, 7.268895372102e-05, 5.5502e+00, 6.9595e-02, 
 2DIAGNOSTIC,    27, -5.450667288722e-01, 7.074574157244e-05, 5.6377e+00, 8.7585e-02, 
 2DIAGNOSTIC,    28, -5.450678538259e-01, 7.628380482746e-05, 5.7149e+00, 7.7202e-02, 
 2DIAGNOSTIC,    29, -5.450631344188e-01, 7.619772850295e-05, 5.7966e+00, 8.1663e-02, 
 2DIAGNOSTIC,    30, -5.452434324982e-01, 7.293580649367e-05, 5.8702e+00, 7.3580e-02, 
 2DIAGNOSTIC,    31, -5.457330131455e-01, 7.253308895223e-05, 5.9684e+00, 9.8196e-02, 
 2DIAGNOSTIC,    32, -5.460123318589e-01, 7.343224749713e-05, 6.0568e+00, 8.8456e-02, 
 2DIAGNOSTIC,    33, -5.460190912112e-01, 7.116346597861e-05, 6.1356e+00, 7.8766e-02, 
 2DIAGNOSTIC,    34, -5.459983940311e-01, 6.531279298215e-05, 6.2325e+00, 9.6873e-02, 
 2DIAGNOSTIC,    35, -5.460035241256e-01, 5.494196291740e-05, 6.3118e+00, 7.9368e-02, 
 2DIAGNOSTIC,    36, -5.460002527624e-01, 4.193953743005e-05, 6.3822e+00, 7.0321e-02, 
 2DIAGNOSTIC,    37, -5.459999516829e-01, 3.503442504659e-05, 6.4507e+00, 6.8541e-02, 
 2DIAGNOSTIC,    38, -5.460043504146e-01, 2.544615827371e-05, 6.5203e+00, 6.9635e-02, 
 2DIAGNOSTIC,    39, -5.460231419013e-01, 1.427096382304e-05, 6.5897e+00, 6.9353e-02, 
 2DIAGNOSTIC,    40, -5.460502102870e-01, 4.949845915328e-06, 6.6672e+00, 7.7504e-02, 
 2DIAGNOSTIC,    41, -5.460809287951e-01, 2.232729617219e-06, 6.7369e+00, 6.9697e-02, 
 2DIAGNOSTIC,    42, -5.461014774597e-01, 3.242328642301e-06, 6.8062e+00, 6.9350e-02, 
 2DIAGNOSTIC,    43, -5.461581139133e-01, 4.748736949427e-06, 6.8757e+00, 6.9471e-02, 
 2DIAGNOSTIC,    44, -5.463919432847e-01, 8.323739289450e-06, 6.9476e+00, 7.1922e-02, 
 2DIAGNOSTIC,    45, -5.465040985002e-01, 1.230615048114e-05, 7.0659e+00, 1.1825e-01, 
 2DIAGNOSTIC,    46, -5.465957874795e-01, 1.601397279720e-05, 7.1449e+00, 7.8985e-02, 
 2DIAGNOSTIC,    47, -5.466408747548e-01, 1.862253360237e-05, 7.2234e+00, 7.8573e-02, 
 2DIAGNOSTIC,    48, -5.467494432292e-01, 2.063605234639e-05, 7.3246e+00, 1.0113e-01, 
 2DIAGNOSTIC,    49, -5.468264095370e-01, 2.161573695917e-05, 7.4073e+00, 8.2712e-02, 
 2DIAGNOSTIC,    50, -5.469442099808e-01, 2.203226279890e-05, 7.4894e+00, 8.2158e-02, 
 2DIAGNOSTIC,    51, -5.469519026653e-01, 2.078673064185e-05, 7.5685e+00, 7.9023e-02, 
 2DIAGNOSTIC,    52, -5.469447890540e-01, 1.783094380487e-05, 7.6387e+00, 7.0221e-02, 
 2DIAGNOSTIC,    53, -5.469455536261e-01, 1.386350293436e-05, 7.7199e+00, 8.1203e-02, 
 2DIAGNOSTIC,    54, -5.469550685428e-01, 1.109506103293e-05, 7.7912e+00, 7.1284e-02, 
 2DIAGNOSTIC,    55, -5.469575302517e-01, 8.481213033078e-06, 7.8634e+00, 7.2185e-02, 
 2DIAGNOSTIC,    56, -5.469039671433e-01, 5.566055800613e-06, 7.9933e+00, 1.2996e-01, 
 2DIAGNOSTIC,    57, -5.468976667644e-01, 2.643996782316e-06, 8.0644e+00, 7.1047e-02, 
DIAGNOSTIC,Iteration,metricValue,convergenceValue,ITERATION_TIME_INDEX,SINCE_LAST
 2DIAGNOSTIC,     1, -4.829057246208e-01, 1.797693134862e+308, 1.0001e+01, 1.9362e+00, 
 2DIAGNOSTIC,     2, -4.830663506940e-01, 1.797693134862e+308, 1.0545e+01, 5.4430e-01, 
 2DIAGNOSTIC,     3, -4.832497692162e-01, 1.797693134862e+308, 1.1082e+01, 5.3731e-01, 
 2DIAGNOSTIC,     4, -4.834843574195e-01, 1.797693134862e+308, 1.1610e+01, 5.2820e-01, 
 2DIAGNOSTIC,     5, -4.836605263198e-01, 1.797693134862e+308, 1.2140e+01, 5.2999e-01, 
 2DIAGNOSTIC,     6, -4.838894422256e-01, 1.797693134862e+308, 1.2768e+01, 6.2779e-01, 
 2DIAGNOSTIC,     7, -4.841099356414e-01, 1.797693134862e+308, 1.3312e+01, 5.4341e-01, 
 2DIAGNOSTIC,     8, -4.851904788830e-01, 1.797693134862e+308, 1.4016e+01, 7.0429e-01, 
 2DIAGNOSTIC,     9, -4.864431028191e-01, 1.797693134862e+308, 1.4888e+01, 8.7195e-01, 
 2DIAGNOSTIC,    10, -4.865325720371e-01, 4.885062754748e-04, 1.5438e+01, 5.5039e-01, 
 2DIAGNOSTIC,    11, -4.869151576500e-01, 5.119001822393e-04, 1.6065e+01, 6.2665e-01, 
 2DIAGNOSTIC,    12, -4.870554638951e-01, 5.005644819222e-04, 1.6786e+01, 7.2083e-01, 
 2DIAGNOSTIC,    13, -4.870727669485e-01, 4.540714701129e-04, 1.7475e+01, 6.8905e-01, 
 2DIAGNOSTIC,    14, -4.870742511568e-01, 3.824194417856e-04, 1.8004e+01, 5.2920e-01, 
 2DIAGNOSTIC,    15, -4.870835054523e-01, 2.932366449978e-04, 1.8535e+01, 5.3130e-01, 
 2DIAGNOSTIC,    16, -4.871287154130e-01, 1.993132519503e-04, 1.9063e+01, 5.2741e-01, 
 2DIAGNOSTIC,    17, -4.872342289403e-01, 1.088740088201e-04, 1.9631e+01, 5.6838e-01, 
 2DIAGNOSTIC,    18, -4.874565087921e-01, 5.997114921533e-05, 2.0164e+01, 5.3261e-01, 
 2DIAGNOSTIC,    19, -4.877731106402e-01, 5.917205322588e-05, 2.0836e+01, 6.7191e-01, 
 2DIAGNOSTIC,    20, -4.881586911925e-01, 6.659702408376e-05, 2.1681e+01, 8.4492e-01, 
 2DIAGNOSTIC,    21, -4.882041976790e-01, 7.894245756020e-05, 2.2398e+01, 7.1751e-01, 
 2DIAGNOSTIC,    22, -4.882094392713e-01, 8.694541675550e-05, 2.3021e+01, 6.2295e-01, 
 2DIAGNOSTIC,    23, -4.882142137749e-01, 8.686793969708e-05, 2.3810e+01, 7.8883e-01, 
 2DIAGNOSTIC,    24, -4.882145185528e-01, 7.870842750667e-05, 2.4504e+01, 6.9447e-01, 
 2DIAGNOSTIC,    25, -4.882159551532e-01, 6.409296864909e-05, 2.5112e+01, 6.0800e-01, 
 2DIAGNOSTIC,    26, -4.882127289491e-01, 4.570162717340e-05, 2.5882e+01, 7.6927e-01, 
 2DIAGNOSTIC,    27, -4.882112939522e-01, 2.681880114300e-05, 2.6594e+01, 7.1283e-01, 
 2DIAGNOSTIC,    28, -4.882113810783e-01, 1.143305088144e-05, 2.7202e+01, 6.0727e-01, 
 2DIAGNOSTIC,    29, -4.882106306033e-01, 2.290379504416e-06, 2.7749e+01, 5.4750e-01, 
 2DIAGNOSTIC,    30, -4.882099329151e-01, 1.117382036030e-06, 2.8364e+01, 6.1476e-01, 
DIAGNOSTIC,Iteration,metricValue,convergenceValue,ITERATION_TIME_INDEX,SINCE_LAST
 2DIAGNOSTIC,     1, -4.473442252051e-01, 1.797693134862e+308, 3.2375e+01, 4.0113e+00, 
 2DIAGNOSTIC,     2, -4.474202667184e-01, 1.797693134862e+308, 3.6036e+01, 3.6607e+00, 
 2DIAGNOSTIC,     3, -4.474665047597e-01, 1.797693134862e+308, 3.9241e+01, 3.2052e+00, 
 2DIAGNOSTIC,     4, -4.475028694918e-01, 1.797693134862e+308, 4.2898e+01, 3.6573e+00, 
 2DIAGNOSTIC,     5, -4.475360531388e-01, 1.797693134862e+308, 4.7032e+01, 4.1334e+00, 
 2DIAGNOSTIC,     6, -4.475708226314e-01, 1.797693134862e+308, 5.0229e+01, 3.1975e+00, 
 2DIAGNOSTIC,     7, -4.476806536878e-01, 1.797693134862e+308, 5.3864e+01, 3.6345e+00, 
 2DIAGNOSTIC,     8, -4.477503710747e-01, 1.797693134862e+308, 5.9216e+01, 5.3524e+00, 
 2DIAGNOSTIC,     9, -4.477552074824e-01, 1.797693134862e+308, 6.2425e+01, 3.2090e+00, 
 2DIAGNOSTIC,    10, -4.477773933012e-01, 6.755814220996e-05, 6.5659e+01, 3.2344e+00, 
 2DIAGNOSTIC,    11, -4.477990515375e-01, 5.748432621021e-05, 6.8818e+01, 3.1584e+00, 
 2DIAGNOSTIC,    12, -4.478202466933e-01, 4.918857796318e-05, 7.2057e+01, 3.2395e+00, 
 2DIAGNOSTIC,    13, -4.478429028642e-01, 4.125111706571e-05, 7.5257e+01, 3.1997e+00, 
 2DIAGNOSTIC,    14, -4.479603741465e-01, 3.793511750862e-05, 7.9284e+01, 4.0272e+00, 
 2DIAGNOSTIC,    15, -4.479707930924e-01, 3.357720937129e-05, 8.2495e+01, 3.2108e+00, 
 2DIAGNOSTIC,    16, -4.479834084022e-01, 2.870946579417e-05, 8.5702e+01, 3.2072e+00, 
 2DIAGNOSTIC,    17, -4.480333468602e-01, 2.790482391566e-05, 8.9746e+01, 4.0440e+00, 
 2DIAGNOSTIC,    18, -4.480581147222e-01, 2.806283298828e-05, 9.3414e+01, 3.6674e+00, 
 2DIAGNOSTIC,    19, -4.480589651355e-01, 2.588961591656e-05, 9.7483e+01, 4.0690e+00, 
 2DIAGNOSTIC,    20, -4.480627651880e-01, 2.252205920866e-05, 1.0113e+02, 3.6432e+00, 
 2DIAGNOSTIC,    21, -4.480665677833e-01, 1.833888469642e-05, 1.0471e+02, 3.5845e+00, 
 2DIAGNOSTIC,    22, -4.480675601620e-01, 1.360284992246e-05, 1.0874e+02, 4.0284e+00, 
 2DIAGNOSTIC,    23, -4.480677668408e-01, 8.674014264617e-06, 1.1237e+02, 3.6292e+00, 
 2DIAGNOSTIC,    24, -4.480682409338e-01, 6.607958007068e-06, 1.1562e+02, 3.2570e+00, 
 2DIAGNOSTIC,    25, -4.480671125442e-01, 4.461572778482e-06, 1.1923e+02, 3.6050e+00, 
 2DIAGNOSTIC,    26, -4.480675916183e-01, 2.471785747013e-06, 1.2331e+02, 4.0837e+00, 
 2DIAGNOSTIC,    27, -4.480675178209e-01, 1.667767717567e-06, 1.2690e+02, 3.5865e+00, 
 2DIAGNOSTIC,    28, -4.480675263780e-01, 1.438073017217e-06, 1.3012e+02, 3.2235e+00, 
 2DIAGNOSTIC,    29, -4.480677948946e-01, 1.219260601724e-06, 1.3381e+02, 3.6877e+00, 
 2DIAGNOSTIC,    30, -4.480684357256e-01, 1.095614479751e-06, 1.3704e+02, 3.2304e+00, 
 2DIAGNOSTIC,    31, -4.480686643320e-01, 1.058420566337e-06, 1.4025e+02, 3.2125e+00, 
 2DIAGNOSTIC,    32, -4.480699253311e-01, 1.064947120571e-06, 1.4344e+02, 3.1884e+00, 
 2DIAGNOSTIC,    33, -4.480711084959e-01, 1.090288737488e-06, 1.4664e+02, 3.1999e+00, 
 2DIAGNOSTIC,    34, -4.480727622458e-01, 1.142172623037e-06, 1.4980e+02, 3.1612e+00, 
 2DIAGNOSTIC,    35, -4.480761053381e-01, 1.210926508895e-06, 1.5297e+02, 3.1637e+00, 
 2DIAGNOSTIC,    36, -4.480799800441e-01, 1.322831491332e-06, 1.5840e+02, 5.4338e+00, 
 2DIAGNOSTIC,    37, -4.480799607488e-01, 1.384347456897e-06, 1.6204e+02, 3.6358e+00, 
 2DIAGNOSTIC,    38, -4.480798502817e-01, 1.392233736755e-06, 1.6526e+02, 3.2247e+00, 
 2DIAGNOSTIC,    39, -4.480801454366e-01, 1.356432741653e-06, 1.6842e+02, 3.1602e+00, 
 2DIAGNOSTIC,    40, -4.480808548248e-01, 1.291352290878e-06, 1.7209e+02, 3.6660e+00, 
 2DIAGNOSTIC,    41, -4.480811420796e-01, 1.188702296699e-06, 1.7869e+02, 6.6017e+00, 
 2DIAGNOSTIC,    42, -4.480812301961e-01, 1.072408953768e-06, 1.8966e+02, 1.0967e+01, 
  Elapsed time (stage 0): 1.9173e+02


Stage 1
  iterations = 1000x500x250x100
  convergence threshold = 1.0000e-06
  convergence window size = 10
  number of levels = 4
  using the Mattes MI metric (number of bins = 32, weight = 1.0000e+00, use gradient filter = 0)
  preprocessing:  winsorizing the image intensities
  Shrink factors (level 1 out of 4): [8, 8, 8]
  Shrink factors (level 2 out of 4): [4, 4, 4]
  Shrink factors (level 3 out of 4): [2, 2, 2]
  Shrink factors (level 4 out of 4): [1, 1, 1]
  smoothing sigmas per level: [3, 2, 1, 0]
  regular sampling (percentage = 2.5000e-01)

*** Running AffineTransform registration ***

DIAGNOSTIC,Iteration,metricValue,convergenceValue,ITERATION_TIME_INDEX,SINCE_LAST
 2DIAGNOSTIC,     1, -6.705344312110e-01, 1.797693134862e+308, 1.2724e+00, 1.2724e+00, 
 2DIAGNOSTIC,     2, -6.724348669337e-01, 1.797693134862e+308, 1.2803e+00, 7.8721e-03, 
 2DIAGNOSTIC,     3, -6.761027446631e-01, 1.797693134862e+308, 1.2879e+00, 7.6191e-03, 
 2DIAGNOSTIC,     4, -6.815929053692e-01, 1.797693134862e+308, 1.2956e+00, 7.7310e-03, 
 2DIAGNOSTIC,     5, -6.880255543075e-01, 1.797693134862e+308, 1.3032e+00, 7.5781e-03, 
 2DIAGNOSTIC,     6, -6.948871221058e-01, 1.797693134862e+308, 1.3109e+00, 7.7391e-03, 
 2DIAGNOSTIC,     7, -7.152338247620e-01, 1.797693134862e+308, 1.3206e+00, 9.7170e-03, 
 2DIAGNOSTIC,     8, -7.265039446639e-01, 1.797693134862e+308, 1.3318e+00, 1.1174e-02, 
 2DIAGNOSTIC,     9, -7.271188136353e-01, 1.797693134862e+308, 1.3410e+00, 9.1889e-03, 
 2DIAGNOSTIC,    10, -7.273114396158e-01, 6.386984372223e-03, 1.3503e+00, 9.2840e-03, 
 2DIAGNOSTIC,    11, -7.277091652437e-01, 5.655819743057e-03, 1.3595e+00, 9.2030e-03, 
 2DIAGNOSTIC,    12, -7.274029345035e-01, 4.587855627387e-03, 1.3697e+00, 1.0217e-02, 
 2DIAGNOSTIC,    13, -7.273740620573e-01, 3.382639638684e-03, 1.3800e+00, 1.0288e-02, 
 2DIAGNOSTIC,    14, -7.273987699423e-01, 2.212062909383e-03, 1.3902e+00, 1.0189e-02, 
 2DIAGNOSTIC,    15, -7.272662959993e-01, 1.175084312916e-03, 1.3994e+00, 9.2189e-03, 
 2DIAGNOSTIC,    16, -7.272676449769e-01, 3.246017687258e-04, 1.4086e+00, 9.2142e-03, 
 2DIAGNOSTIC,    17, -7.272709968978e-01, 1.876780826036e-05, 1.4196e+00, 1.0958e-02, 
DIAGNOSTIC,Iteration,metricValue,convergenceValue,ITERATION_TIME_INDEX,SINCE_LAST
 2DIAGNOSTIC,     1, -6.060843918344e-01, 1.797693134862e+308, 2.7688e+00, 1.3492e+00, 
 2DIAGNOSTIC,     2, -6.061525520877e-01, 1.797693134862e+308, 2.8484e+00, 7.9624e-02, 
 2DIAGNOSTIC,     3, -6.063303385939e-01, 1.797693134862e+308, 2.9355e+00, 8.7094e-02, 
 2DIAGNOSTIC,     4, -6.064327782876e-01, 1.797693134862e+308, 3.0221e+00, 8.6644e-02, 
 2DIAGNOSTIC,     5, -6.065306358216e-01, 1.797693134862e+308, 3.1306e+00, 1.0845e-01, 
 2DIAGNOSTIC,     6, -6.065526374693e-01, 1.797693134862e+308, 3.2190e+00, 8.8438e-02, 
 2DIAGNOSTIC,     7, -6.065429548786e-01, 1.797693134862e+308, 3.3092e+00, 9.0202e-02, 
 2DIAGNOSTIC,     8, -6.065278319005e-01, 1.797693134862e+308, 3.3974e+00, 8.8145e-02, 
 2DIAGNOSTIC,     9, -6.065302188142e-01, 1.797693134862e+308, 3.4856e+00, 8.8231e-02, 
 2DIAGNOSTIC,    10, -6.065579181073e-01, 4.991564429713e-05, 3.5739e+00, 8.8362e-02, 
 2DIAGNOSTIC,    11, -6.065270292414e-01, 3.010834523451e-05, 3.6619e+00, 8.7916e-02, 
 2DIAGNOSTIC,    12, -6.065309754605e-01, 1.394437890519e-05, 3.7499e+00, 8.8026e-02, 
 2DIAGNOSTIC,    13, -6.065358880147e-01, 5.792648636968e-06, 3.8277e+00, 7.7812e-02, 
 2DIAGNOSTIC,    14, -6.065731858617e-01, 3.066065746696e-06, 3.9161e+00, 8.8430e-02, 
 2DIAGNOSTIC,    15, -6.066774184094e-01, 6.872409382339e-06, 4.0045e+00, 8.8414e-02, 
 2DIAGNOSTIC,    16, -6.066143497379e-01, 8.508356923981e-06, 4.0929e+00, 8.8337e-02, 
 2DIAGNOSTIC,    17, -6.066038326255e-01, 8.921927130034e-06, 4.1809e+00, 8.8010e-02, 
 2DIAGNOSTIC,    18, -6.066636219374e-01, 9.820822228751e-06, 4.2694e+00, 8.8558e-02, 
 2DIAGNOSTIC,    19, -6.066571276457e-01, 9.654035422225e-06, 4.3683e+00, 9.8810e-02, 
 2DIAGNOSTIC,    20, -6.068505490911e-01, 1.394491274318e-05, 4.4488e+00, 8.0581e-02, 
 2DIAGNOSTIC,    21, -6.069729807391e-01, 1.864323764596e-05, 4.5293e+00, 8.0444e-02, 
 2DIAGNOSTIC,    22, -6.073334322571e-01, 2.909446746922e-05, 4.6107e+00, 8.1430e-02, 
 2DIAGNOSTIC,    23, -6.080687605776e-01, 5.097279107732e-05, 4.6920e+00, 8.1251e-02, 
 2DIAGNOSTIC,    24, -6.090694716694e-01, 8.624999922750e-05, 4.7738e+00, 8.1799e-02, 
 2DIAGNOSTIC,    25, -6.101143889221e-01, 1.319599167844e-04, 4.8700e+00, 9.6262e-02, 
 2DIAGNOSTIC,    26, -6.125868249301e-01, 2.050382844952e-04, 5.0030e+00, 1.3298e-01, 
 2DIAGNOSTIC,    27, -6.125960848232e-01, 2.525812735520e-04, 5.0838e+00, 8.0809e-02, 
 2DIAGNOSTIC,    28, -6.127314086729e-01, 2.768132059754e-04, 5.1644e+00, 8.0632e-02, 
 2DIAGNOSTIC,    29, -6.129082779812e-01, 2.763160846559e-04, 5.2445e+00, 8.0073e-02, 
 2DIAGNOSTIC,    30, -6.131303130600e-01, 2.559795450037e-04, 5.3293e+00, 8.4776e-02, 
 2DIAGNOSTIC,    31, -6.132624865553e-01, 2.161854754486e-04, 5.4137e+00, 8.4443e-02, 
 2DIAGNOSTIC,    32, -6.137483262947e-01, 1.708686862037e-04, 5.4960e+00, 8.2283e-02, 
 2DIAGNOSTIC,    33, -6.140109071753e-01, 1.265176166327e-04, 5.6074e+00, 1.1138e-01, 
 2DIAGNOSTIC,    34, -6.141581989641e-01, 8.859846107068e-05, 5.6900e+00, 8.2561e-02, 
 2DIAGNOSTIC,    35, -6.143720792408e-01, 6.044129247678e-05, 5.8008e+00, 1.1084e-01, 
 2DIAGNOSTIC,    36, -6.147325345259e-01, 6.492375380015e-05, 5.9022e+00, 1.0140e-01, 
 2DIAGNOSTIC,    37, -6.148018032000e-01, 6.389367451134e-05, 5.9913e+00, 8.9062e-02, 
 2DIAGNOSTIC,    38, -6.148135991226e-01, 5.870849403647e-05, 6.0803e+00, 8.9073e-02, 
 2DIAGNOSTIC,    39, -6.148177726017e-01, 5.050593755024e-05, 6.1600e+00, 7.9677e-02, 
 2DIAGNOSTIC,    40, -6.148411941577e-01, 4.086443690836e-05, 6.2500e+00, 8.9980e-02, 
 2DIAGNOSTIC,    41, -6.149053966755e-01, 2.992664508183e-05, 6.3295e+00, 7.9548e-02, 
 2DIAGNOSTIC,    42, -6.149870198274e-01, 2.295921808754e-05, 6.4138e+00, 8.4221e-02, 
 2DIAGNOSTIC,    43, -6.152290373904e-01, 1.969475090043e-05, 6.4949e+00, 8.1176e-02, 
 2DIAGNOSTIC,    44, -6.155743869123e-01, 1.992426009479e-05, 6.5782e+00, 8.3295e-02, 
 2DIAGNOSTIC,    45, -6.162463852837e-01, 2.731584337321e-05, 6.6712e+00, 9.2922e-02, 
 2DIAGNOSTIC,    46, -6.179626992666e-01, 5.271384009501e-05, 6.7966e+00, 1.2545e-01, 
 2DIAGNOSTIC,    47, -6.188585240876e-01, 8.122190275790e-05, 6.8774e+00, 8.0806e-02, 
 2DIAGNOSTIC,    48, -6.194337164301e-01, 1.065186626075e-04, 6.9610e+00, 8.3635e-02, 
 2DIAGNOSTIC,    49, -6.205423960555e-01, 1.313280752691e-04, 7.0748e+00, 1.1375e-01, 
 2DIAGNOSTIC,    50, -6.242154429651e-01, 1.767259589293e-04, 7.1559e+00, 8.1109e-02, 
 2DIAGNOSTIC,    51, -6.260018309406e-01, 2.192708274255e-04, 7.2371e+00, 8.1203e-02, 
 2DIAGNOSTIC,    52, -6.289370974867e-01, 2.660671164426e-04, 7.3293e+00, 9.2222e-02, 
 2DIAGNOSTIC,    53, -6.297411912862e-01, 2.948011912255e-04, 7.4230e+00, 9.3720e-02, 
 2DIAGNOSTIC,    54, -6.304748256524e-01, 3.036745496154e-04, 7.5194e+00, 9.6310e-02, 
 2DIAGNOSTIC,    55, -6.325935924401e-01, 3.060885650882e-04, 7.6240e+00, 1.0467e-01, 
 2DIAGNOSTIC,    56, -6.354154655775e-01, 3.158366807053e-04, 7.7070e+00, 8.3013e-02, 
 2DIAGNOSTIC,    57, -6.382323812995e-01, 3.247253365641e-04, 7.7894e+00, 8.2323e-02, 
 2DIAGNOSTIC,    58, -6.395932779506e-01, 3.176114537778e-04, 7.8820e+00, 9.2682e-02, 
 2DIAGNOSTIC,    59, -6.398640244403e-01, 2.909509727435e-04, 7.9752e+00, 9.3155e-02, 
