---------------------
Profiling information

Pipeline: ants registrationSyN-fp
NTHREAD: 1

DATASET: ds004513
SUBJECT_ID: s017

SIF_IMG: /mnt/lustre/mathdugre/containers/ants-debug.simg
DATA_DIR: /mnt/lustre/mathdugre/mri-bottleneck/datasets/ds004513

PROJECT_DIR: /mnt/lustre/mathdugre/mri-bottleneck
PROFILING_DIR: /mnt/lustre/mathdugre/mri-bottleneck/vtune_output/1-threads/ants/registrationSyN-fp/ds004513/sub-s017/UU4L5iCHFM7H54PhR6cLgq20a72RLMbD
---------------------

Command to profile: bash tmp-scripts/UU4L5iCHFM7H54PhR6cLgq20a72RLMbD.sh

--------------------------------------------------------------------------------------
 Mapping parameters
--------------------------------------------------------------------------------------
 ANTSPATH is /opt/ants/bin

 Dimensionality:           3
 Output name prefix:       /data/derivatives/ants/registrationSyN-fp/sub-s017/ses-open/anat/
 Fixed images:             /templateflow/tpl-MNI152NLin2009cAsym//tpl-MNI152NLin2009cAsym_res-01_desc-brain_T1w.nii.gz
 Moving images:            /data/derivatives/fsl/fast/sub-s017/ses-open/anat/BrainExtractionBrain_seg.nii.gz
 Mask images:              
 Initial transforms:       
 Number of threads:        1
 Spline distance:          26
 SyN gradient step:        0.1
 Transform type:           s
 CC radius:                4
 Precision:                f
 Use histogram matching    0
 Repro                     0
======================================================================================
 antsRegistration call:
--------------------------------------------------------------------------------------
/opt/ants/bin/antsRegistration --verbose 1 --dimensionality 3 --float 1 --collapse-output-transforms 1 --output [ /data/derivatives/ants/registrationSyN-fp/sub-s017/ses-open/anat/,/data/derivatives/ants/registrationSyN-fp/sub-s017/ses-open/anat/Warped.nii.gz,/data/derivatives/ants/registrationSyN-fp/sub-s017/ses-open/anat/InverseWarped.nii.gz ] --interpolation Linear --use-histogram-matching 0 --winsorize-image-intensities [ 0.005,0.995 ] --initial-moving-transform [ /templateflow/tpl-MNI152NLin2009cAsym//tpl-MNI152NLin2009cAsym_res-01_desc-brain_T1w.nii.gz,/data/derivatives/fsl/fast/sub-s017/ses-open/anat/BrainExtractionBrain_seg.nii.gz,1 ] --transform Rigid[ 0.1 ] --metric MI[ /templateflow/tpl-MNI152NLin2009cAsym//tpl-MNI152NLin2009cAsym_res-01_desc-brain_T1w.nii.gz,/data/derivatives/fsl/fast/sub-s017/ses-open/anat/BrainExtractionBrain_seg.nii.gz,1,32,Regular,0.25 ] --convergence [ 1000x500x250x100,1e-6,10 ] --shrink-factors 8x4x2x1 --smoothing-sigmas 3x2x1x0vox --transform Affine[ 0.1 ] --metric MI[ /templateflow/tpl-MNI152NLin2009cAsym//tpl-MNI152NLin2009cAsym_res-01_desc-brain_T1w.nii.gz,/data/derivatives/fsl/fast/sub-s017/ses-open/anat/BrainExtractionBrain_seg.nii.gz,1,32,Regular,0.25 ] --convergence [ 1000x500x250x100,1e-6,10 ] --shrink-factors 8x4x2x1 --smoothing-sigmas 3x2x1x0vox --transform SyN[ 0.1,3,0 ] --metric CC[ /templateflow/tpl-MNI152NLin2009cAsym//tpl-MNI152NLin2009cAsym_res-01_desc-brain_T1w.nii.gz,/data/derivatives/fsl/fast/sub-s017/ses-open/anat/BrainExtractionBrain_seg.nii.gz,1,4 ] --convergence [ 100x70x50x20,1e-6,10 ] --shrink-factors 8x4x2x1 --smoothing-sigmas 3x2x1x0vox
--------------------------------------------------------------------------------------
All_Command_lines_OK
Using single precision for computations.
=============================================================================
The composite transform comprises the following transforms (in order): 
  1. Center of mass alignment using fixed image: /templateflow/tpl-MNI152NLin2009cAsym//tpl-MNI152NLin2009cAsym_res-01_desc-brain_T1w.nii.gz and moving image: /data/derivatives/fsl/fast/sub-s017/ses-open/anat/BrainExtractionBrain_seg.nii.gz (type = Euler3DTransform)
=============================================================================
  number of levels = 4
  number of levels = 4
  number of levels = 4
  fixed image: /templateflow/tpl-MNI152NLin2009cAsym//tpl-MNI152NLin2009cAsym_res-01_desc-brain_T1w.nii.gz
  moving image: /data/derivatives/fsl/fast/sub-s017/ses-open/anat/BrainExtractionBrain_seg.nii.gz
  fixed image: /templateflow/tpl-MNI152NLin2009cAsym//tpl-MNI152NLin2009cAsym_res-01_desc-brain_T1w.nii.gz
  moving image: /data/derivatives/fsl/fast/sub-s017/ses-open/anat/BrainExtractionBrain_seg.nii.gz
  fixed image: /templateflow/tpl-MNI152NLin2009cAsym//tpl-MNI152NLin2009cAsym_res-01_desc-brain_T1w.nii.gz
  moving image: /data/derivatives/fsl/fast/sub-s017/ses-open/anat/BrainExtractionBrain_seg.nii.gz
Dimension = 3
Number of stages = 3
Use histogram matching = false
Winsorize image intensities = true
  Lower quantile = 0.005
  Upper quantile = 0.995


Stage 1 State
   Image metric = Mattes
     Fixed image = Image (0x55ad83ae28b0)
  RTTI typeinfo:   itk::Image<float, 3u>
  Reference Count: 2
  Modified Time: 1721
  Debug: Off
  Object Name: 
  Observers: 
    none
  Source: (none)
  Source output name: (none)
  Release Data: Off
  Data Released: False
  Global Release Data: Off
  PipelineMTime: 0
  UpdateMTime: 1504
  RealTimeStamp: 0 seconds 
  LargestPossibleRegion: 
    Dimension: 3
    Index: [0, 0, 0]
    Size: [193, 229, 193]
  BufferedRegion: 
    Dimension: 3
    Index: [0, 0, 0]
    Size: [193, 229, 193]
  RequestedRegion: 
    Dimension: 3
    Index: [0, 0, 0]
    Size: [193, 229, 193]
  Spacing: [1, 1, 1]
  Origin: [96, 132, -78]
  Direction: 
-1 0 0
0 -1 0
0 0 1

  IndexToPointMatrix: 
-1 0 0
0 -1 0
0 0 1

  PointToIndexMatrix: 
-1 0 0
0 -1 0
0 0 1

  Inverse Direction: 
-1 0 0
0 -1 0
0 0 1

  PixelContainer: 
    ImportImageContainer (0x55ad83aeb330)
      RTTI typeinfo:   itk::ImportImageContainer<unsigned long, float>
      Reference Count: 1
      Modified Time: 1501
      Debug: Off
      Object Name: 
      Observers: 
        none
      Pointer: 0x7fb4d4e4e010
      Container manages memory: true
      Size: 8530021
      Capacity: 8530021

     Moving image = Image (0x55ad83aec220)
  RTTI typeinfo:   itk::Image<float, 3u>
  Reference Count: 2
  Modified Time: 1722
  Debug: Off
  Object Name: 
  Observers: 
    none
  Source: (none)
  Source output name: (none)
  Release Data: Off
  Data Released: False
  Global Release Data: Off
  PipelineMTime: 0
  UpdateMTime: 1719
  RealTimeStamp: 0 seconds 
  LargestPossibleRegion: 
    Dimension: 3
    Index: [0, 0, 0]
    Size: [160, 240, 256]
  BufferedRegion: 
    Dimension: 3
    Index: [0, 0, 0]
    Size: [160, 240, 256]
  RequestedRegion: 
    Dimension: 3
    Index: [0, 0, 0]
    Size: [160, 240, 256]
  Spacing: [1, 1, 1]
  Origin: [91.3357, 102.231, -120.042]
  Direction: 
-0.997442 -5.36781e-05 -0.0714818
5.35416e-05 -1 3.82465e-06
-0.0714818 -1.23894e-08 0.997442

  IndexToPointMatrix: 
-0.997444 -5.36781e-05 -0.0714818
5.35418e-05 -1 3.82465e-06
-0.0714819 -1.23894e-08 0.997442

  PointToIndexMatrix: 
-0.99744 5.35415e-05 -0.0714816
-5.36781e-05 -1 -1.23894e-08
-0.0714818 3.82465e-06 0.997442

  Inverse Direction: 
-0.997442 5.35416e-05 -0.0714818
-5.36781e-05 -1 -1.23894e-08
-0.0714818 3.82465e-06 0.997442

  PixelContainer: 
    ImportImageContainer (0x55ad83b6ded0)
      RTTI typeinfo:   itk::ImportImageContainer<unsigned long, float>
      Reference Count: 1
      Modified Time: 1716
      Debug: Off
      Object Name: 
      Observers: 
        none
      Pointer: 0x7fb4d28cd010
      Container manages memory: true
      Size: 9830400
      Capacity: 9830400

     Weighting = 1
     Sampling strategy = regular
     Number of bins = 32
     Radius = 4
     Sampling percentage  = 0.25
   Transform = Rigid
     Gradient step = 0.1
     Update field sigma (voxel space) = 0
     Total field sigma (voxel space) = 0
     Update field time sigma = 0
     Total field time sigma  = 0
     Number of time indices = 0
     Number of time point samples = 0
Stage 2 State
   Image metric = Mattes
     Fixed image = Image (0x55ad83b39d00)
  RTTI typeinfo:   itk::Image<float, 3u>
  Reference Count: 2
  Modified Time: 2151
  Debug: Off
  Object Name: 
  Observers: 
    none
  Source: (none)
  Source output name: (none)
  Release Data: Off
  Data Released: False
  Global Release Data: Off
  PipelineMTime: 0
  UpdateMTime: 1934
  RealTimeStamp: 0 seconds 
  LargestPossibleRegion: 
    Dimension: 3
    Index: [0, 0, 0]
    Size: [193, 229, 193]
  BufferedRegion: 
    Dimension: 3
    Index: [0, 0, 0]
    Size: [193, 229, 193]
  RequestedRegion: 
    Dimension: 3
    Index: [0, 0, 0]
    Size: [193, 229, 193]
  Spacing: [1, 1, 1]
  Origin: [96, 132, -78]
  Direction: 
-1 0 0
0 -1 0
0 0 1

  IndexToPointMatrix: 
-1 0 0
0 -1 0
0 0 1

  PointToIndexMatrix: 
-1 0 0
0 -1 0
0 0 1

  Inverse Direction: 
-1 0 0
0 -1 0
0 0 1

  PixelContainer: 
    ImportImageContainer (0x55ad83b3a400)
      RTTI typeinfo:   itk::ImportImageContainer<unsigned long, float>
      Reference Count: 1
      Modified Time: 1931
      Debug: Off
      Object Name: 
      Observers: 
        none
      Pointer: 0x7fb4d0842010
      Container manages memory: true
      Size: 8530021
      Capacity: 8530021

     Moving image = Image (0x55ad83b3b9b0)
  RTTI typeinfo:   itk::Image<float, 3u>
  Reference Count: 2
  Modified Time: 2152
  Debug: Off
  Object Name: 
  Observers: 
    none
  Source: (none)
  Source output name: (none)
  Release Data: Off
  Data Released: False
  Global Release Data: Off
  PipelineMTime: 0
  UpdateMTime: 2149
  RealTimeStamp: 0 seconds 
  LargestPossibleRegion: 
    Dimension: 3
    Index: [0, 0, 0]
    Size: [160, 240, 256]
  BufferedRegion: 
    Dimension: 3
    Index: [0, 0, 0]
    Size: [160, 240, 256]
  RequestedRegion: 
    Dimension: 3
    Index: [0, 0, 0]
    Size: [160, 240, 256]
  Spacing: [1, 1, 1]
  Origin: [91.3357, 102.231, -120.042]
  Direction: 
-0.997442 -5.36781e-05 -0.0714818
5.35416e-05 -1 3.82465e-06
-0.0714818 -1.23894e-08 0.997442

  IndexToPointMatrix: 
-0.997444 -5.36781e-05 -0.0714818
5.35418e-05 -1 3.82465e-06
-0.0714819 -1.23894e-08 0.997442

  PointToIndexMatrix: 
-0.99744 5.35415e-05 -0.0714816
-5.36781e-05 -1 -1.23894e-08
-0.0714818 3.82465e-06 0.997442

  Inverse Direction: 
-0.997442 5.35416e-05 -0.0714818
-5.36781e-05 -1 -1.23894e-08
-0.0714818 3.82465e-06 0.997442

  PixelContainer: 
    ImportImageContainer (0x55ad83badf90)
      RTTI typeinfo:   itk::ImportImageContainer<unsigned long, float>
      Reference Count: 1
      Modified Time: 2146
      Debug: Off
      Object Name: 
      Observers: 
        none
      Pointer: 0x7fb4ce2c1010
      Container manages memory: true
      Size: 9830400
      Capacity: 9830400

     Weighting = 1
     Sampling strategy = regular
     Number of bins = 32
     Radius = 4
     Sampling percentage  = 0.25
   Transform = Affine
     Gradient step = 0.1
     Update field sigma (voxel space) = 0
     Total field sigma (voxel space) = 0
     Update field time sigma = 0
     Total field time sigma  = 0
     Number of time indices = 0
     Number of time point samples = 0
Stage 3 State
   Image metric = CC
     Fixed image = Image (0x55ad83b35880)
  RTTI typeinfo:   itk::Image<float, 3u>
  Reference Count: 2
  Modified Time: 2581
  Debug: Off
  Object Name: 
  Observers: 
    none
  Source: (none)
  Source output name: (none)
  Release Data: Off
  Data Released: False
  Global Release Data: Off
  PipelineMTime: 0
  UpdateMTime: 2364
  RealTimeStamp: 0 seconds 
  LargestPossibleRegion: 
    Dimension: 3
    Index: [0, 0, 0]
    Size: [193, 229, 193]
  BufferedRegion: 
    Dimension: 3
    Index: [0, 0, 0]
    Size: [193, 229, 193]
  RequestedRegion: 
    Dimension: 3
    Index: [0, 0, 0]
    Size: [193, 229, 193]
  Spacing: [1, 1, 1]
  Origin: [96, 132, -78]
  Direction: 
-1 0 0
0 -1 0
0 0 1

  IndexToPointMatrix: 
-1 0 0
0 -1 0
0 0 1

  PointToIndexMatrix: 
-1 0 0
0 -1 0
0 0 1

  Inverse Direction: 
-1 0 0
0 -1 0
0 0 1

  PixelContainer: 
    ImportImageContainer (0x55ad83c6e150)
      RTTI typeinfo:   itk::ImportImageContainer<unsigned long, float>
      Reference Count: 1
      Modified Time: 2361
      Debug: Off
      Object Name: 
      Observers: 
        none
      Pointer: 0x7fb4cc236010
      Container manages memory: true
      Size: 8530021
      Capacity: 8530021

     Moving image = Image (0x55ad83b49400)
  RTTI typeinfo:   itk::Image<float, 3u>
  Reference Count: 2
  Modified Time: 2582
  Debug: Off
  Object Name: 
  Observers: 
    none
  Source: (none)
  Source output name: (none)
  Release Data: Off
  Data Released: False
  Global Release Data: Off
  PipelineMTime: 0
  UpdateMTime: 2579
  RealTimeStamp: 0 seconds 
  LargestPossibleRegion: 
    Dimension: 3
    Index: [0, 0, 0]
    Size: [160, 240, 256]
  BufferedRegion: 
    Dimension: 3
    Index: [0, 0, 0]
    Size: [160, 240, 256]
  RequestedRegion: 
    Dimension: 3
    Index: [0, 0, 0]
    Size: [160, 240, 256]
  Spacing: [1, 1, 1]
  Origin: [91.3357, 102.231, -120.042]
  Direction: 
-0.997442 -5.36781e-05 -0.0714818
5.35416e-05 -1 3.82465e-06
-0.0714818 -1.23894e-08 0.997442

  IndexToPointMatrix: 
-0.997444 -5.36781e-05 -0.0714818
5.35418e-05 -1 3.82465e-06
-0.0714819 -1.23894e-08 0.997442

  PointToIndexMatrix: 
-0.99744 5.35415e-05 -0.0714816
-5.36781e-05 -1 -1.23894e-08
-0.0714818 3.82465e-06 0.997442

  Inverse Direction: 
-0.997442 5.35416e-05 -0.0714818
-5.36781e-05 -1 -1.23894e-08
-0.0714818 3.82465e-06 0.997442

  PixelContainer: 
    ImportImageContainer (0x55ad83b34100)
      RTTI typeinfo:   itk::ImportImageContainer<unsigned long, float>
      Reference Count: 1
      Modified Time: 2576
      Debug: Off
      Object Name: 
      Observers: 
        none
      Pointer: 0x7fb4c9cb5010
      Container manages memory: true
      Size: 9830400
      Capacity: 9830400

     Weighting = 1
     Sampling strategy = none
     Number of bins = 32
     Radius = 4
     Sampling percentage  = 1
   Transform = SyN
     Gradient step = 0.1
     Update field sigma (voxel space) = 3
     Total field sigma (voxel space) = 0
     Update field time sigma = 0
     Total field time sigma  = 0
     Number of time indices = 0
     Number of time point samples = 0
Registration using 3 total stages.

Stage 0
  iterations = 1000x500x250x100
  convergence threshold = 1e-06
  convergence window size = 10
  number of levels = 4
  using the Mattes MI metric (number of bins = 32, weight = 1, use gradient filter = 0)
  preprocessing:  winsorizing the image intensities
  Shrink factors (level 1 out of 4): [8, 8, 8]
  Shrink factors (level 2 out of 4): [4, 4, 4]
  Shrink factors (level 3 out of 4): [2, 2, 2]
  Shrink factors (level 4 out of 4): [1, 1, 1]
  smoothing sigmas per level: [3, 2, 1, 0]
  regular sampling (percentage = 0.25)

*** Running Euler3DTransform registration ***

DIAGNOSTIC,Iteration,metricValue,convergenceValue,ITERATION_TIME_INDEX,SINCE_LAST
 2DIAGNOSTIC,     1, -5.803086757660e-01, inf, 1.2277e+00, 1.2277e+00, 
 2DIAGNOSTIC,     2, -5.812636017799e-01, inf, 1.2355e+00, 7.7491e-03, 
 2DIAGNOSTIC,     3, -5.828045606613e-01, inf, 1.2427e+00, 7.2391e-03, 
 2DIAGNOSTIC,     4, -5.847505927086e-01, inf, 1.2503e+00, 7.6420e-03, 
 2DIAGNOSTIC,     5, -5.862220525742e-01, inf, 1.2588e+00, 8.4059e-03, 
 2DIAGNOSTIC,     6, -5.877801179886e-01, inf, 1.2660e+00, 7.2310e-03, 
 2DIAGNOSTIC,     7, -5.895397067070e-01, inf, 1.2749e+00, 8.8801e-03, 
 2DIAGNOSTIC,     8, -5.904718041420e-01, inf, 1.2842e+00, 9.3479e-03, 
 2DIAGNOSTIC,     9, -5.935262441635e-01, inf, 1.2918e+00, 7.6299e-03, 
 2DIAGNOSTIC,    10, -6.044346690178e-01, 2.067398279905e-03, 1.3123e+00, 2.0432e-02, 
 2DIAGNOSTIC,    11, -6.059336066246e-01, 2.281183842570e-03, 1.3279e+00, 1.5590e-02, 
 2DIAGNOSTIC,    12, -6.069123148918e-01, 2.335897646844e-03, 1.3364e+00, 8.5511e-03, 
 2DIAGNOSTIC,    13, -6.069762110710e-01, 2.235441701487e-03, 1.3438e+00, 7.3740e-03, 
 2DIAGNOSTIC,    14, -6.070072650909e-01, 2.012903336436e-03, 1.3521e+00, 8.3470e-03, 
 2DIAGNOSTIC,    15, -6.067876219749e-01, 1.671175239608e-03, 1.3595e+00, 7.3960e-03, 
 2DIAGNOSTIC,    16, -6.071931123734e-01, 1.277164556086e-03, 1.3733e+00, 1.3748e-02, 
 2DIAGNOSTIC,    17, -6.072801351547e-01, 8.692095871083e-04, 1.3816e+00, 8.3561e-03, 
 2DIAGNOSTIC,    18, -6.073223948479e-01, 4.548081487883e-04, 1.3898e+00, 8.1251e-03, 
 2DIAGNOSTIC,    19, -6.072620153427e-01, 1.110318917199e-04, 1.3970e+00, 7.2429e-03, 
 2DIAGNOSTIC,    20, -6.071752309799e-01, 4.881264612777e-05, 1.4054e+00, 8.3930e-03, 
 2DIAGNOSTIC,    21, -6.071754097939e-01, 2.144943391613e-05, 1.4141e+00, 8.7152e-03, 
 2DIAGNOSTIC,    22, -6.071758270264e-01, 1.566879291204e-05, 1.4236e+00, 9.4390e-03, 
 2DIAGNOSTIC,    23, -6.071757674217e-01, 1.040458028001e-05, 1.4319e+00, 8.3599e-03, 
 2DIAGNOSTIC,    24, -6.071758866310e-01, 5.630526629830e-06, 1.4402e+00, 8.2741e-03, 
DIAGNOSTIC,Iteration,metricValue,convergenceValue,ITERATION_TIME_INDEX,SINCE_LAST
 2DIAGNOSTIC,     1, -4.958544075489e-01, inf, 2.7169e+00, 1.2767e+00, 
 2DIAGNOSTIC,     2, -4.962202906609e-01, inf, 2.7830e+00, 6.6136e-02, 
 2DIAGNOSTIC,     3, -4.967526197433e-01, inf, 2.8500e+00, 6.6991e-02, 
 2DIAGNOSTIC,     4, -4.973454773426e-01, inf, 2.9261e+00, 7.6091e-02, 
 2DIAGNOSTIC,     5, -4.976382851601e-01, inf, 2.9916e+00, 6.5533e-02, 
 2DIAGNOSTIC,     6, -4.978135824203e-01, inf, 3.0583e+00, 6.6635e-02, 
 2DIAGNOSTIC,     7, -4.982071518898e-01, inf, 3.1255e+00, 6.7247e-02, 
 2DIAGNOSTIC,     8, -4.986737370491e-01, inf, 3.2112e+00, 8.5709e-02, 
 2DIAGNOSTIC,     9, -4.987179338932e-01, inf, 3.2966e+00, 8.5355e-02, 
 2DIAGNOSTIC,    10, -4.988421201706e-01, 4.001216148026e-04, 3.3729e+00, 7.6301e-02, 
 2DIAGNOSTIC,    11, -4.988880753517e-01, 3.146287053823e-04, 3.4487e+00, 7.5827e-02, 
 2DIAGNOSTIC,    12, -4.989077746868e-01, 2.332662988920e-04, 3.5425e+00, 9.3815e-02, 
 2DIAGNOSTIC,    13, -4.989066720009e-01, 1.661579881329e-04, 3.6305e+00, 8.8024e-02, 
 2DIAGNOSTIC,    14, -4.988966584206e-01, 1.174741191790e-04, 3.7059e+00, 7.5354e-02, 
 2DIAGNOSTIC,    15, -4.988954365253e-01, 7.607899169670e-05, 3.7799e+00, 7.4047e-02, 
 2DIAGNOSTIC,    16, -4.988922178745e-01, 3.899550938513e-05, 3.8469e+00, 6.6982e-02, 
 2DIAGNOSTIC,    17, -4.988847076893e-01, 1.544888073113e-05, 3.9130e+00, 6.6110e-02, 
 2DIAGNOSTIC,    18, -4.988836050034e-01, 8.056899787334e-06, 3.9792e+00, 6.6166e-02, 
 2DIAGNOSTIC,    19, -4.989299774170e-01, 3.502007530187e-06, 4.0549e+00, 7.5732e-02, 
 2DIAGNOSTIC,    20, -4.989384114742e-01, 2.944993639176e-06, 4.1218e+00, 6.6857e-02, 
 2DIAGNOSTIC,    21, -4.989911317825e-01, 4.985487976228e-06, 4.1974e+00, 7.5624e-02, 
 2DIAGNOSTIC,    22, -4.989980161190e-01, 7.189556527010e-06, 4.2733e+00, 7.5886e-02, 
 2DIAGNOSTIC,    23, -4.990524947643e-01, 1.000448082777e-05, 4.3483e+00, 7.5031e-02, 
 2DIAGNOSTIC,    24, -4.990107417107e-01, 1.050974151440e-05, 4.4239e+00, 7.5602e-02, 
 2DIAGNOSTIC,    25, -4.990454912186e-01, 1.090962177841e-05, 4.4994e+00, 7.5483e-02, 
 2DIAGNOSTIC,    26, -4.990724623203e-01, 1.088026692742e-05, 4.5841e+00, 8.4685e-02, 
 2DIAGNOSTIC,    27, -4.990747570992e-01, 9.816121746553e-06, 4.6587e+00, 7.4613e-02, 
 2DIAGNOSTIC,    28, -4.990652203560e-01, 7.790144081810e-06, 4.7252e+00, 6.6522e-02, 
 2DIAGNOSTIC,    29, -4.990482032299e-01, 5.884650363441e-06, 4.8004e+00, 7.5162e-02, 
 2DIAGNOSTIC,    30, -4.990370869637e-01, 3.590214873839e-06, 4.8757e+00, 7.5330e-02, 
 2DIAGNOSTIC,    31, -4.990431368351e-01, 2.269596279802e-06, 4.9498e+00, 7.4107e-02, 
 2DIAGNOSTIC,    32, -4.990480840206e-01, 1.085673943635e-06, 5.0166e+00, 6.6765e-02, 
DIAGNOSTIC,Iteration,metricValue,convergenceValue,ITERATION_TIME_INDEX,SINCE_LAST
 2DIAGNOSTIC,     1, -4.286765456200e-01, inf, 6.8061e+00, 1.7895e+00, 
 2DIAGNOSTIC,     2, -4.287971258163e-01, inf, 7.3575e+00, 5.5143e-01, 
 2DIAGNOSTIC,     3, -4.289062023163e-01, inf, 7.9483e+00, 5.9072e-01, 
 2DIAGNOSTIC,     4, -4.289569854736e-01, inf, 8.4688e+00, 5.2056e-01, 
 2DIAGNOSTIC,     5, -4.289862215519e-01, inf, 9.0020e+00, 5.3319e-01, 
 2DIAGNOSTIC,     6, -4.290436506271e-01, inf, 9.5299e+00, 5.2784e-01, 
 2DIAGNOSTIC,     7, -4.292426705360e-01, inf, 1.0069e+01, 5.3915e-01, 
 2DIAGNOSTIC,     8, -4.294250905514e-01, inf, 1.0953e+01, 8.8373e-01, 
 2DIAGNOSTIC,     9, -4.294322133064e-01, inf, 1.1548e+01, 5.9544e-01, 
 2DIAGNOSTIC,    10, -4.294350147247e-01, 1.237609685631e-04, 1.2069e+01, 5.2078e-01, 
 2DIAGNOSTIC,    11, -4.294389784336e-01, 1.037587062456e-04, 1.2664e+01, 5.9528e-01, 
 2DIAGNOSTIC,    12, -4.294474124908e-01, 8.482340490445e-05, 1.3273e+01, 6.0876e-01, 
 2DIAGNOSTIC,    13, -4.294517636299e-01, 6.694999319734e-05, 1.3893e+01, 6.2007e-01, 
 2DIAGNOSTIC,    14, -4.294610023499e-01, 4.872208592133e-05, 1.4422e+01, 5.2860e-01, 
 2DIAGNOSTIC,    15, -4.294733107090e-01, 3.067693251069e-05, 1.4947e+01, 5.2507e-01, 
 2DIAGNOSTIC,    16, -4.294928610325e-01, 1.530397275928e-05, 1.5551e+01, 6.0440e-01, 
 2DIAGNOSTIC,    17, -4.294995963573e-01, 8.313129001181e-06, 1.6167e+01, 6.1568e-01, 
 2DIAGNOSTIC,    18, -4.294872581959e-01, 7.760564585624e-06, 1.6714e+01, 5.4680e-01, 
 2DIAGNOSTIC,    19, -4.294911623001e-01, 7.117414952518e-06, 1.7243e+01, 5.2953e-01, 
 2DIAGNOSTIC,    20, -4.295119941235e-01, 6.801695235481e-06, 1.7770e+01, 5.2695e-01, 
 2DIAGNOSTIC,    21, -4.295607507229e-01, 7.655115950911e-06, 1.8300e+01, 5.2953e-01, 
 2DIAGNOSTIC,    22, -4.296601712704e-01, 1.107188927563e-05, 1.8989e+01, 6.8968e-01, 
 2DIAGNOSTIC,    23, -4.296842217445e-01, 1.406370847690e-05, 1.9829e+01, 8.3982e-01, 
 2DIAGNOSTIC,    24, -4.296923577785e-01, 1.612973755982e-05, 2.0442e+01, 6.1317e-01, 
 2DIAGNOSTIC,    25, -4.296909272671e-01, 1.694018828857e-05, 2.1058e+01, 6.1589e-01, 
 2DIAGNOSTIC,    26, -4.296896755695e-01, 1.665460695222e-05, 2.1584e+01, 5.2596e-01, 
 2DIAGNOSTIC,    27, -4.296929836273e-01, 1.515707390354e-05, 2.2208e+01, 6.2397e-01, 
 2DIAGNOSTIC,    28, -4.296934008598e-01, 1.216617602040e-05, 2.2750e+01, 5.4209e-01, 
 2DIAGNOSTIC,    29, -4.296916723251e-01, 8.421625352639e-06, 2.3350e+01, 5.9993e-01, 
 2DIAGNOSTIC,    30, -4.296952486038e-01, 4.779459231941e-06, 2.3876e+01, 5.2558e-01, 
 2DIAGNOSTIC,    31, -4.296994209290e-01, 2.096422122122e-06, 2.4499e+01, 6.2312e-01, 
 2DIAGNOSTIC,    32, -4.297020435333e-01, 1.574327711751e-06, 2.5100e+01, 6.0138e-01, 
 2DIAGNOSTIC,    33, -4.297018647194e-01, 1.502640657236e-06, 2.5656e+01, 5.5620e-01, 
 2DIAGNOSTIC,    34, -4.297017753124e-01, 1.544580072732e-06, 2.6254e+01, 5.9760e-01, 
 2DIAGNOSTIC,    35, -4.297051429749e-01, 1.563996420373e-06, 2.6781e+01, 5.2733e-01, 
 2DIAGNOSTIC,    36, -4.297104477882e-01, 1.588848817846e-06, 2.7453e+01, 6.7160e-01, 
 2DIAGNOSTIC,    37, -4.297145903111e-01, 1.675925659583e-06, 2.8081e+01, 6.2761e-01, 
 2DIAGNOSTIC,    38, -4.297111928463e-01, 1.631522877688e-06, 2.8695e+01, 6.1463e-01, 
 2DIAGNOSTIC,    39, -4.297142624855e-01, 1.540105699860e-06, 2.9311e+01, 6.1595e-01, 
 2DIAGNOSTIC,    40, -4.297131299973e-01, 1.420860826329e-06, 2.9910e+01, 5.9858e-01, 
 2DIAGNOSTIC,    41, -4.297144114971e-01, 1.332850843028e-06, 3.0526e+01, 6.1621e-01, 
 2DIAGNOSTIC,    42, -4.297155141830e-01, 1.254291532859e-06, 3.1208e+01, 6.8253e-01, 
 2DIAGNOSTIC,    43, -4.297152459621e-01, 1.126998654399e-06, 3.1815e+01, 6.0615e-01, 
DIAGNOSTIC,Iteration,metricValue,convergenceValue,ITERATION_TIME_INDEX,SINCE_LAST
 2DIAGNOSTIC,     1, -3.920164406300e-01, inf, 3.5952e+01, 4.1374e+00, 
 2DIAGNOSTIC,     2, -3.922545313835e-01, inf, 3.9216e+01, 3.2644e+00, 
 2DIAGNOSTIC,     3, -3.924902975559e-01, inf, 4.2946e+01, 3.7295e+00, 
 2DIAGNOSTIC,     4, -3.927114307880e-01, inf, 4.8997e+01, 6.0513e+00, 
 2DIAGNOSTIC,     5, -3.927111029625e-01, inf, 5.2727e+01, 3.7294e+00, 
 2DIAGNOSTIC,     6, -3.927106857300e-01, inf, 5.8312e+01, 5.5855e+00, 
 2DIAGNOSTIC,     7, -3.927110731602e-01, inf, 6.2505e+01, 4.1931e+00, 
 2DIAGNOSTIC,     8, -3.927108645439e-01, inf, 6.6231e+01, 3.7264e+00, 
 2DIAGNOSTIC,     9, -3.927107155323e-01, inf, 7.0450e+01, 4.2187e+00, 
 2DIAGNOSTIC,    10, -3.927106261253e-01, 9.348497405881e-05, 7.5565e+01, 5.1145e+00, 
 2DIAGNOSTIC,    11, -3.927106261253e-01, 4.553983308142e-05, 7.9287e+01, 3.7227e+00, 
 2DIAGNOSTIC,    12, -3.927105963230e-01, 1.587773476786e-05, 8.3017e+01, 3.7295e+00, 
 2DIAGNOSTIC,    13, -3.927105665207e-01, 2.359483460168e-06, 8.6745e+01, 3.7279e+00, 
 2DIAGNOSTIC,    14, -3.927104771137e-01, 2.211125547547e-06, 9.0475e+01, 3.7300e+00, 
 2DIAGNOSTIC,    15, -3.927104771137e-01, 2.073175210171e-06, 9.4206e+01, 3.7316e+00, 
 2DIAGNOSTIC,    16, -3.927105665207e-01, 1.941263690242e-06, 9.7931e+01, 3.7246e+00, 
 2DIAGNOSTIC,    17, -3.927105069160e-01, 1.843158315751e-06, 1.0212e+02, 4.1872e+00, 
 2DIAGNOSTIC,    18, -3.927106261253e-01, 1.755261791914e-06, 1.0631e+02, 4.1893e+00, 
 2DIAGNOSTIC,    19, -3.927106261253e-01, 1.672121129559e-06, 1.1050e+02, 4.1909e+00, 
 2DIAGNOSTIC,    20, -3.927106559277e-01, 1.595347157490e-06, 1.1423e+02, 3.7295e+00, 
 2DIAGNOSTIC,    21, -3.927105069160e-01, 1.520284513390e-06, 1.1842e+02, 4.1943e+00, 
 2DIAGNOSTIC,    22, -3.927105963230e-01, 1.453666982343e-06, 1.2215e+02, 3.7244e+00, 
 2DIAGNOSTIC,    23, -3.927105367184e-01, 1.389273620589e-06, 1.2587e+02, 3.7250e+00, 
 2DIAGNOSTIC,    24, -3.927105665207e-01, 1.327881705038e-06, 1.3006e+02, 4.1907e+00, 
 2DIAGNOSTIC,    25, -3.927106261253e-01, 1.272873419111e-06, 1.3379e+02, 3.7311e+00, 
 2DIAGNOSTIC,    26, -3.927105367184e-01, 1.222149649038e-06, 1.3752e+02, 3.7266e+00, 
 2DIAGNOSTIC,    27, -3.927105069160e-01, 1.172928477899e-06, 1.4125e+02, 3.7284e+00, 
 2DIAGNOSTIC,    28, -3.927105367184e-01, 1.131562044066e-06, 1.4498e+02, 3.7275e+00, 
 2DIAGNOSTIC,    29, -3.927105367184e-01, 1.093378728001e-06, 1.4870e+02, 3.7270e+00, 
 2DIAGNOSTIC,    30, -3.927105665207e-01, 1.059608052856e-06, 1.5243e+02, 3.7298e+00, 
 2DIAGNOSTIC,    31, -3.927105367184e-01, 1.023880031426e-06, 1.5616e+02, 3.7290e+00, 
  Elapsed time (stage 0): 1.5814e+02


Stage 1
  iterations = 1000x500x250x100
  convergence threshold = 1.0000e-06
  convergence window size = 10
  number of levels = 4
  using the Mattes MI metric (number of bins = 32, weight = 1.0000e+00, use gradient filter = 0)
  preprocessing:  winsorizing the image intensities
  Shrink factors (level 1 out of 4): [8, 8, 8]
  Shrink factors (level 2 out of 4): [4, 4, 4]
  Shrink factors (level 3 out of 4): [2, 2, 2]
  Shrink factors (level 4 out of 4): [1, 1, 1]
  smoothing sigmas per level: [3, 2, 1, 0]
  regular sampling (percentage = 2.5000e-01)

*** Running AffineTransform registration ***

DIAGNOSTIC,Iteration,metricValue,convergenceValue,ITERATION_TIME_INDEX,SINCE_LAST
 2DIAGNOSTIC,     1, -5.938473939896e-01, inf, 1.1732e+00, 1.1732e+00, 
 2DIAGNOSTIC,     2, -5.966344475746e-01, inf, 1.1817e+00, 8.5361e-03, 
 2DIAGNOSTIC,     3, -6.012278199196e-01, inf, 1.1902e+00, 8.4910e-03, 
 2DIAGNOSTIC,     4, -6.089929938316e-01, inf, 1.1986e+00, 8.4369e-03, 
 2DIAGNOSTIC,     5, -6.223829984665e-01, inf, 1.2072e+00, 8.5440e-03, 
 2DIAGNOSTIC,     6, -6.451596021652e-01, inf, 1.2162e+00, 9.0590e-03, 
 2DIAGNOSTIC,     7, -7.764942049980e-01, inf, 1.2269e+00, 1.0656e-02, 
 2DIAGNOSTIC,     8, -8.254525065422e-01, inf, 1.2383e+00, 1.1442e-02, 
 2DIAGNOSTIC,     9, -8.375372886658e-01, inf, 1.2476e+00, 9.2189e-03, 
 2DIAGNOSTIC,    10, -8.634973764420e-01, 2.933620288968e-02, 1.2586e+00, 1.1040e-02, 
 2DIAGNOSTIC,    11, -8.905165195465e-01, 2.892263233662e-02, 1.2714e+00, 1.2830e-02, 
 2DIAGNOSTIC,    12, -8.935810923576e-01, 2.614978328347e-02, 1.2830e+00, 1.1572e-02, 
 2DIAGNOSTIC,    13, -8.929980397224e-01, 2.167766913772e-02, 1.2956e+00, 1.2618e-02, 
 2DIAGNOSTIC,    14, -8.929674625397e-01, 1.628635451198e-02, 1.3060e+00, 1.0343e-02, 
 2DIAGNOSTIC,    15, -8.927410840988e-01, 1.062564458698e-02, 1.3164e+00, 1.0421e-02, 
 2DIAGNOSTIC,    16, -8.927232623100e-01, 5.263964645565e-03, 1.3274e+00, 1.1056e-02, 
 2DIAGNOSTIC,    17, -8.926075100899e-01, 2.946418942884e-03, 1.3378e+00, 1.0363e-02, 
 2DIAGNOSTIC,    18, -8.924824595451e-01, 1.643929514103e-03, 1.3470e+00, 9.1710e-03, 
 2DIAGNOSTIC,    19, -8.924568295479e-01, 5.668795784004e-04, 1.3573e+00, 1.0360e-02, 
 2DIAGNOSTIC,    20, -8.926184177399e-01, 1.227754000865e-05, 1.3667e+00, 9.3610e-03, 
DIAGNOSTIC,Iteration,metricValue,convergenceValue,ITERATION_TIME_INDEX,SINCE_LAST
 2DIAGNOSTIC,     1, -7.623245716095e-01, inf, 2.6682e+00, 1.3015e+00, 
 2DIAGNOSTIC,     2, -7.628009319305e-01, inf, 2.7634e+00, 9.5243e-02, 
 2DIAGNOSTIC,     3, -7.629961967468e-01, inf, 2.8584e+00, 9.5021e-02, 
 2DIAGNOSTIC,     4, -7.630380392075e-01, inf, 2.9426e+00, 8.4146e-02, 
 2DIAGNOSTIC,     5, -7.632529139519e-01, inf, 3.0271e+00, 8.4499e-02, 
 2DIAGNOSTIC,     6, -7.638263702393e-01, inf, 3.1117e+00, 8.4572e-02, 
 2DIAGNOSTIC,     7, -7.646168470383e-01, inf, 3.1968e+00, 8.5188e-02, 
 2DIAGNOSTIC,     8, -7.654607892036e-01, inf, 3.2825e+00, 8.5635e-02, 
 2DIAGNOSTIC,     9, -7.664127945900e-01, inf, 3.4005e+00, 1.1800e-01, 
 2DIAGNOSTIC,    10, -7.665021419525e-01, 3.712220350280e-04, 3.4974e+00, 9.6901e-02, 
 2DIAGNOSTIC,    11, -7.665231227875e-01, 3.516042488627e-04, 3.6045e+00, 1.0712e-01, 
 2DIAGNOSTIC,    12, -7.665177583694e-01, 3.184648521710e-04, 3.7014e+00, 9.6857e-02, 
 2DIAGNOSTIC,    13, -7.665187120438e-01, 2.673031704035e-04, 3.7876e+00, 8.6241e-02, 
 2DIAGNOSTIC,    14, -7.665294408798e-01, 2.006595896091e-04, 3.8737e+00, 8.6086e-02, 
 2DIAGNOSTIC,    15, -7.665694952011e-01, 1.311584346695e-04, 3.9592e+00, 8.5533e-02, 
 2DIAGNOSTIC,    16, -7.666304111481e-01, 7.329209620366e-05, 4.0763e+00, 1.1712e-01, 
 2DIAGNOSTIC,    17, -7.666290998459e-01, 3.265757550253e-05, 4.1730e+00, 9.6659e-02, 
 2DIAGNOSTIC,    18, -7.666157484055e-01, 1.033604075928e-05, 4.2713e+00, 9.8301e-02, 
 2DIAGNOSTIC,    19, -7.665802240372e-01, 7.461567292921e-06, 4.3679e+00, 9.6580e-02, 
 2DIAGNOSTIC,    20, -7.665789127350e-01, 5.957978828519e-06, 4.4649e+00, 9.6992e-02, 
 2DIAGNOSTIC,    21, -7.665658593178e-01, 4.305932179705e-06, 4.5619e+00, 9.7006e-02, 
 2DIAGNOSTIC,    22, -7.665782570839e-01, 2.668971319508e-06, 4.6478e+00, 8.5936e-02, 
 2DIAGNOSTIC,    23, -7.666004300117e-01, 1.449761498407e-06, 4.7339e+00, 8.6105e-02, 
 2DIAGNOSTIC,    24, -7.666499614716e-01, 1.250923901353e-06, 4.8201e+00, 8.6188e-02, 
 2DIAGNOSTIC,    25, -7.666701078415e-01, 1.928654455696e-06, 4.9273e+00, 1.0724e-01, 
 2DIAGNOSTIC,    26, -7.666569352150e-01, 3.172237029503e-06, 5.0246e+00, 9.7275e-02, 
 2DIAGNOSTIC,    27, -7.666531801224e-01, 4.085882665095e-06, 5.1213e+00, 9.6685e-02, 
 2DIAGNOSTIC,    28, -7.666459679604e-01, 4.393589733809e-06, 5.2181e+00, 9.6797e-02, 
 2DIAGNOSTIC,    29, -7.666247487068e-01, 3.633969299699e-06, 5.3158e+00, 9.7672e-02, 
 2DIAGNOSTIC,    30, -7.666326761246e-01, 2.777867166515e-06, 5.4024e+00, 8.6628e-02, 
 2DIAGNOSTIC,    31, -7.666323781013e-01, 1.658109908931e-06, 5.4887e+00, 8.6317e-02, 
DIAGNOSTIC,Iteration,metricValue,convergenceValue,ITERATION_TIME_INDEX,SINCE_LAST
 2DIAGNOSTIC,     1, -6.395526528358e-01, inf, 7.5252e+00, 2.0365e+00, 
 2DIAGNOSTIC,     2, -6.401185393333e-01, inf, 8.2596e+00, 7.3434e-01, 
 2DIAGNOSTIC,     3, -6.408880352974e-01, inf, 8.9958e+00, 7.3619e-01, 
 2DIAGNOSTIC,     4, -6.418737173080e-01, inf, 9.7333e+00, 7.3756e-01, 
 2DIAGNOSTIC,     5, -6.426202654839e-01, inf, 1.0482e+01, 7.4831e-01, 
 2DIAGNOSTIC,     6, -6.428911685944e-01, inf, 1.1711e+01, 1.2294e+00, 
 2DIAGNOSTIC,     7, -6.428993940353e-01, inf, 1.2552e+01, 8.4061e-01, 
 2DIAGNOSTIC,     8, -6.428937315941e-01, inf, 1.3465e+01, 9.1360e-01, 
 2DIAGNOSTIC,     9, -6.428933143616e-01, inf, 1.4286e+01, 8.2095e-01, 
 2DIAGNOSTIC,    10, -6.428908705711e-01, 3.438224084675e-04, 1.5101e+01, 8.1523e-01, 
 2DIAGNOSTIC,    11, -6.428932547569e-01, 2.189684892073e-04, 1.6187e+01, 1.0852e+00, 
 2DIAGNOSTIC,    12, -6.428931951523e-01, 1.164754721685e-04, 1.7002e+01, 8.1566e-01, 
 2DIAGNOSTIC,    13, -6.428923010826e-01, 4.515538603300e-05, 1.7820e+01, 8.1730e-01, 
 2DIAGNOSTIC,    14, -6.428901553154e-01, 1.067965058610e-05, 1.8554e+01, 7.3493e-01, 
 2DIAGNOSTIC,    15, -6.428876519203e-01, 1.761265252753e-06, 1.9373e+01, 8.1860e-01, 
 2DIAGNOSTIC,    16, -6.428881883621e-01, 1.490005956839e-06, 2.0222e+01, 8.4851e-01, 
 2DIAGNOSTIC,    17, -6.428869366646e-01, 1.479061324972e-06, 2.1134e+01, 9.1265e-01, 
 2DIAGNOSTIC,    18, -6.428858041763e-01, 1.339821096735e-06, 2.1949e+01, 8.1447e-01, 
 2DIAGNOSTIC,    19, -6.428857445717e-01, 1.247907789548e-06, 2.2882e+01, 9.3373e-01, 
 2DIAGNOSTIC,    20, -6.428858637810e-01, 1.152004074356e-06, 2.3736e+01, 8.5316e-01, 
 2DIAGNOSTIC,    21, -6.428855657578e-01, 1.148845854004e-06, 2.4551e+01, 8.1509e-01, 
 2DIAGNOSTIC,    22, -6.428858041763e-01, 1.183656195280e-06, 2.5367e+01, 8.1586e-01, 
 2DIAGNOSTIC,    23, -6.428861021996e-01, 1.229669351233e-06, 2.6304e+01, 9.3740e-01, 
 2DIAGNOSTIC,    24, -6.428860425949e-01, 1.246617330253e-06, 2.7134e+01, 8.3021e-01, 
 2DIAGNOSTIC,    25, -6.428859233856e-01, 1.222564037562e-06, 2.7976e+01, 8.4192e-01, 
 2DIAGNOSTIC,    26, -6.428857445717e-01, 1.211755488839e-06, 2.8727e+01, 7.5057e-01, 
 2DIAGNOSTIC,    27, -6.428842544556e-01, 1.158528903034e-06, 2.9543e+01, 8.1598e-01, 
 2DIAGNOSTIC,    28, -6.428844332695e-01, 1.096442133530e-06, 3.0371e+01, 8.2881e-01, 
 2DIAGNOSTIC,    29, -6.428845524788e-01, 1.042907229021e-06, 3.1204e+01, 8.3253e-01, 
DIAGNOSTIC,Iteration,metricValue,convergenceValue,ITERATION_TIME_INDEX,SINCE_LAST
 2DIAGNOSTIC,     1, -5.737726688385e-01, inf, 3.6580e+01, 5.3764e+00, 
 2DIAGNOSTIC,     2, -5.742790699005e-01, inf, 4.0935e+01, 4.3549e+00, 
 2DIAGNOSTIC,     3, -5.748897790909e-01, inf, 4.5291e+01, 4.3557e+00, 
 2DIAGNOSTIC,     4, -5.753683447838e-01, inf, 4.9644e+01, 4.3527e+00, 
 2DIAGNOSTIC,     5, -5.757815241814e-01, inf, 5.8221e+01, 8.5773e+00, 
 2DIAGNOSTIC,     6, -5.757809877396e-01, inf, 6.5717e+01, 7.4957e+00, 
 2DIAGNOSTIC,     7, -5.757812261581e-01, inf, 7.1104e+01, 5.3872e+00, 
 2DIAGNOSTIC,     8, -5.757811069489e-01, inf, 7.5960e+01, 4.8558e+00, 
 2DIAGNOSTIC,     9, -5.757809281349e-01, inf, 8.1347e+01, 5.3877e+00, 
 2DIAGNOSTIC,    10, -5.757806897163e-01, 2.076331875287e-04, 8.6728e+01, 5.3808e+00, 
 2DIAGNOSTIC,    11, -5.757807493210e-01, 1.182841224363e-04, 9.1581e+01, 4.8533e+00, 
 2DIAGNOSTIC,    12, -5.757805109024e-01, 5.411990787252e-05, 9.5909e+01, 4.3272e+00, 
 2DIAGNOSTIC,    13, -5.757808685303e-01, 1.807143235055e-05, 1.0080e+02, 4.8882e+00, 
 2DIAGNOSTIC,    14, -5.757807493210e-01, 2.217484734501e-06, 1.0565e+02, 4.8555e+00, 
 2DIAGNOSTIC,    15, -5.757806301117e-01, 2.084754896714e-06, 1.1051e+02, 4.8554e+00, 
 2DIAGNOSTIC,    16, -5.757807493210e-01, 1.959066821655e-06, 1.1536e+02, 4.8528e+00, 
 2DIAGNOSTIC,    17, -5.757806301117e-01, 1.854203901530e-06, 1.2022e+02, 4.8589e+00, 
 2DIAGNOSTIC,    18, -5.757804512978e-01, 1.754513846208e-06, 1.2507e+02, 4.8555e+00, 
 2DIAGNOSTIC,    19, -5.757806301117e-01, 1.666845491854e-06, 1.2993e+02, 4.8576e+00, 
 2DIAGNOSTIC,    20, -5.757806897163e-01, 1.584137862665e-06, 1.3585e+02, 5.9138e+00, 
 2DIAGNOSTIC,    21, -5.757806301117e-01, 1.510097035862e-06, 1.4070e+02, 4.8540e+00, 
 2DIAGNOSTIC,    22, -5.757806301117e-01, 1.437793571313e-06, 1.4556e+02, 4.8582e+00, 
 2DIAGNOSTIC,    23, -5.757805705070e-01, 1.379138097946e-06, 1.5042e+02, 4.8582e+00, 
 2DIAGNOSTIC,    24, -5.757805109024e-01, 1.322128355241e-06, 1.5580e+02, 5.3843e+00, 
 2DIAGNOSTIC,    25, -5.757805109024e-01, 1.267515472136e-06, 1.6066e+02, 4.8614e+00, 
 2DIAGNOSTIC,    26, -5.757804512978e-01, 1.218798161062e-06, 1.6552e+02, 4.8575e+00, 
 2DIAGNOSTIC,    27, -5.757805705070e-01, 1.174339104182e-06, 1.7038e+02, 4.8558e+00, 
 2DIAGNOSTIC,    28, -5.757806301117e-01, 1.131201884164e-06, 1.7523e+02, 4.8579e+00, 
 2DIAGNOSTIC,    29, -5.757805705070e-01, 1.093520268114e-06, 1.8009e+02, 4.8594e+00, 
 2DIAGNOSTIC,    30, -5.757806301117e-01, 1.060753675119e-06, 1.8495e+02, 4.8523e+00, 
 2DIAGNOSTIC,    31, -5.757806897163e-01, 1.030048224493e-06, 1.8980e+02, 4.8539e+00, 
  Elapsed time (stage 1): 1.9250e+02


Stage 2
  iterations = 100x70x50x20
  convergence threshold = 1.0000e-06
  convergence window size = 10
  number of levels = 4
  using the CC metric (radius = 4, weight = 1.0000e+00, use gradient filter = 0)
  preprocessing:  winsorizing the image intensities
  Shrink factors (level 1 out of 4): [8, 8, 8]
  Shrink factors (level 2 out of 4): [4, 4, 4]
  Shrink factors (level 3 out of 4): [2, 2, 2]
  Shrink factors (level 4 out of 4): [1, 1, 1]
  smoothing sigmas per level: [3, 2, 1, 0]
  Using default NONE metricSamplingStrategy 

*** Running SyN registration (varianceForUpdateField = 3.0000e+00, varianceForTotalField = 0.0000e+00) ***

XXDIAGNOSTIC,Iteration,metricValue,convergenceValue,ITERATION_TIME_INDEX,SINCE_LAST
 1DIAGNOSTIC,     1, -9.531751871109e-01, inf, 1.8767e+00, 1.8767e+00, 
 1DIAGNOSTIC,     2, -9.593219757080e-01, inf, 2.6216e+00, 7.4494e-01, 
 1DIAGNOSTIC,     3, -9.657094478607e-01, inf, 3.3654e+00, 7.4381e-01, 
 1DIAGNOSTIC,     4, -9.707335829735e-01, inf, 4.1258e+00, 7.6034e-01, 
 1DIAGNOSTIC,     5, -9.740819334984e-01, inf, 4.8735e+00, 7.4771e-01, 
 1DIAGNOSTIC,     6, -9.767298698425e-01, inf, 5.6097e+00, 7.3624e-01, 
 1DIAGNOSTIC,     7, -9.792764186859e-01, inf, 6.3448e+00, 7.3505e-01, 
 1DIAGNOSTIC,     8, -9.818054437637e-01, inf, 7.0810e+00, 7.3621e-01, 
 1DIAGNOSTIC,     9, -9.835661649704e-01, inf, 7.8337e+00, 7.5276e-01, 
 1DIAGNOSTIC,    10, -9.840298891068e-01, 1.982794376090e-03, 8.5759e+00, 7.4212e-01, 
 1DIAGNOSTIC,    11, -9.841657876968e-01, 1.432495890185e-03, 9.3183e+00, 7.4244e-01, 
 1DIAGNOSTIC,    12, -9.845185279846e-01, 1.002198783681e-03, 1.0061e+01, 7.4230e-01, 
 1DIAGNOSTIC,    13, -9.846054315567e-01, 6.909320945852e-04, 1.0801e+01, 7.4070e-01, 
 1DIAGNOSTIC,    14, -9.849178791046e-01, 4.717585979961e-04, 1.1545e+01, 7.4360e-01, 
 1DIAGNOSTIC,    15, -9.849606752396e-01, 3.045894845854e-04, 1.2292e+01, 7.4688e-01, 
 1DIAGNOSTIC,    16, -9.852142333984e-01, 1.832174602896e-04, 1.3059e+01, 7.6681e-01, 
 1DIAGNOSTIC,    17, -9.852272868156e-01, 1.024315060931e-04, 1.3807e+01, 7.4817e-01, 
 1DIAGNOSTIC,    18, -9.854354858398e-01, 6.488557846751e-05, 1.4543e+01, 7.3635e-01, 
 1DIAGNOSTIC,    19, -9.854336380959e-01, 5.215637793299e-05, 1.5297e+01, 7.5374e-01, 
 1DIAGNOSTIC,    20, -9.856051206589e-01, 4.526537668426e-05, 1.6049e+01, 7.5188e-01, 
 1DIAGNOSTIC,    21, -9.855821728706e-01, 3.639162605396e-05, 1.6786e+01, 7.3695e-01, 
 1DIAGNOSTIC,    22, -9.857266545296e-01, 3.166807800881e-05, 1.7528e+01, 7.4213e-01, 
 1DIAGNOSTIC,    23, -9.856714010239e-01, 2.481146111677e-05, 1.8285e+01, 7.5725e-01, 
 1DIAGNOSTIC,    24, -9.857861399651e-01, 2.153965760954e-05, 1.9023e+01, 7.3838e-01, 
 1DIAGNOSTIC,    25, -9.857475757599e-01, 1.658914334257e-05, 1.9762e+01, 7.3893e-01, 
 1DIAGNOSTIC,    26, -9.858663678169e-01, 1.476514353271e-05, 2.0501e+01, 7.3878e-01, 
 1DIAGNOSTIC,    27, -9.858188033104e-01, 1.135326601798e-05, 2.1243e+01, 7.4194e-01, 
 1DIAGNOSTIC,    28, -9.859076142311e-01, 1.034080651152e-05, 2.1988e+01, 7.4512e-01, 
 1DIAGNOSTIC,    29, -9.858590960503e-01, 7.970888873388e-06, 2.2753e+01, 7.6454e-01, 
 1DIAGNOSTIC,    30, -9.859480857849e-01, 7.653686225240e-06, 2.3493e+01, 7.3986e-01, 
 1DIAGNOSTIC,    31, -9.858993291855e-01, 6.004802344250e-06, 2.4229e+01, 7.3663e-01, 
 1DIAGNOSTIC,    32, -9.859826564789e-01, 6.086070243327e-06, 2.4968e+01, 7.3868e-01, 
 1DIAGNOSTIC,    33, -9.859302043915e-01, 4.695724783232e-06, 2.5705e+01, 7.3741e-01, 
 1DIAGNOSTIC,    34, -9.860098361969e-01, 4.719392109109e-06, 2.6454e+01, 7.4884e-01, 
 1DIAGNOSTIC,    35, -9.859584569931e-01, 3.595627504183e-06, 2.7190e+01, 7.3624e-01, 
 1DIAGNOSTIC,    36, -9.860375523567e-01, 3.897547230736e-06, 2.7930e+01, 7.3997e-01, 
 1DIAGNOSTIC,    37, -9.859794378281e-01, 3.036562929992e-06, 2.8692e+01, 7.6171e-01, 
 1DIAGNOSTIC,    38, -9.860562086105e-01, 3.303208131911e-06, 2.9442e+01, 7.4988e-01, 
 1DIAGNOSTIC,    39, -9.860017299652e-01, 2.525156560296e-06, 3.0194e+01, 7.5198e-01, 
 1DIAGNOSTIC,    40, -9.860773086548e-01, 2.837876081685e-06, 3.0945e+01, 7.5082e-01, 
