---------------------
Profiling information

Pipeline: ants registrationSyN-fp
NTHREAD: 1

DATASET: ds004513
SUBJECT_ID: s003

SIF_IMG: /mnt/lustre/mathdugre/containers/ants-debug.simg
DATA_DIR: /mnt/lustre/mathdugre/mri-bottleneck/datasets/ds004513

PROJECT_DIR: /mnt/lustre/mathdugre/mri-bottleneck
PROFILING_DIR: /mnt/lustre/mathdugre/mri-bottleneck/vtune_output/1-threads/ants/registrationSyN-fp/ds004513/sub-s003/iSvHYWgjVTxPjX0y3rASies0RkbrfmFo
---------------------

Command to profile: bash tmp-scripts/iSvHYWgjVTxPjX0y3rASies0RkbrfmFo.sh

--------------------------------------------------------------------------------------
 Mapping parameters
--------------------------------------------------------------------------------------
 ANTSPATH is /opt/ants/bin

 Dimensionality:           3
 Output name prefix:       /data/derivatives/ants/registrationSyN-fp/sub-s003/ses-open/anat/
 Fixed images:             /templateflow/tpl-MNI152NLin2009cAsym//tpl-MNI152NLin2009cAsym_res-01_desc-brain_T1w.nii.gz
 Moving images:            /data/derivatives/fsl/fast/sub-s003/ses-open/anat/BrainExtractionBrain_seg.nii.gz
 Mask images:              
 Initial transforms:       
 Number of threads:        1
 Spline distance:          26
 SyN gradient step:        0.1
 Transform type:           s
 CC radius:                4
 Precision:                f
 Use histogram matching    0
 Repro                     0
======================================================================================
 antsRegistration call:
--------------------------------------------------------------------------------------
/opt/ants/bin/antsRegistration --verbose 1 --dimensionality 3 --float 1 --collapse-output-transforms 1 --output [ /data/derivatives/ants/registrationSyN-fp/sub-s003/ses-open/anat/,/data/derivatives/ants/registrationSyN-fp/sub-s003/ses-open/anat/Warped.nii.gz,/data/derivatives/ants/registrationSyN-fp/sub-s003/ses-open/anat/InverseWarped.nii.gz ] --interpolation Linear --use-histogram-matching 0 --winsorize-image-intensities [ 0.005,0.995 ] --initial-moving-transform [ /templateflow/tpl-MNI152NLin2009cAsym//tpl-MNI152NLin2009cAsym_res-01_desc-brain_T1w.nii.gz,/data/derivatives/fsl/fast/sub-s003/ses-open/anat/BrainExtractionBrain_seg.nii.gz,1 ] --transform Rigid[ 0.1 ] --metric MI[ /templateflow/tpl-MNI152NLin2009cAsym//tpl-MNI152NLin2009cAsym_res-01_desc-brain_T1w.nii.gz,/data/derivatives/fsl/fast/sub-s003/ses-open/anat/BrainExtractionBrain_seg.nii.gz,1,32,Regular,0.25 ] --convergence [ 1000x500x250x100,1e-6,10 ] --shrink-factors 8x4x2x1 --smoothing-sigmas 3x2x1x0vox --transform Affine[ 0.1 ] --metric MI[ /templateflow/tpl-MNI152NLin2009cAsym//tpl-MNI152NLin2009cAsym_res-01_desc-brain_T1w.nii.gz,/data/derivatives/fsl/fast/sub-s003/ses-open/anat/BrainExtractionBrain_seg.nii.gz,1,32,Regular,0.25 ] --convergence [ 1000x500x250x100,1e-6,10 ] --shrink-factors 8x4x2x1 --smoothing-sigmas 3x2x1x0vox --transform SyN[ 0.1,3,0 ] --metric CC[ /templateflow/tpl-MNI152NLin2009cAsym//tpl-MNI152NLin2009cAsym_res-01_desc-brain_T1w.nii.gz,/data/derivatives/fsl/fast/sub-s003/ses-open/anat/BrainExtractionBrain_seg.nii.gz,1,4 ] --convergence [ 100x70x50x20,1e-6,10 ] --shrink-factors 8x4x2x1 --smoothing-sigmas 3x2x1x0vox
--------------------------------------------------------------------------------------
All_Command_lines_OK
Using single precision for computations.
=============================================================================
The composite transform comprises the following transforms (in order): 
  1. Center of mass alignment using fixed image: /templateflow/tpl-MNI152NLin2009cAsym//tpl-MNI152NLin2009cAsym_res-01_desc-brain_T1w.nii.gz and moving image: /data/derivatives/fsl/fast/sub-s003/ses-open/anat/BrainExtractionBrain_seg.nii.gz (type = Euler3DTransform)
=============================================================================
  number of levels = 4
  number of levels = 4
  number of levels = 4
  fixed image: /templateflow/tpl-MNI152NLin2009cAsym//tpl-MNI152NLin2009cAsym_res-01_desc-brain_T1w.nii.gz
  moving image: /data/derivatives/fsl/fast/sub-s003/ses-open/anat/BrainExtractionBrain_seg.nii.gz
  fixed image: /templateflow/tpl-MNI152NLin2009cAsym//tpl-MNI152NLin2009cAsym_res-01_desc-brain_T1w.nii.gz
  moving image: /data/derivatives/fsl/fast/sub-s003/ses-open/anat/BrainExtractionBrain_seg.nii.gz
  fixed image: /templateflow/tpl-MNI152NLin2009cAsym//tpl-MNI152NLin2009cAsym_res-01_desc-brain_T1w.nii.gz
  moving image: /data/derivatives/fsl/fast/sub-s003/ses-open/anat/BrainExtractionBrain_seg.nii.gz
Dimension = 3
Number of stages = 3
Use histogram matching = false
Winsorize image intensities = true
  Lower quantile = 0.005
  Upper quantile = 0.995


Stage 1 State
   Image metric = Mattes
     Fixed image = Image (0x55a4fdd108b0)
  RTTI typeinfo:   itk::Image<float, 3u>
  Reference Count: 2
  Modified Time: 1721
  Debug: Off
  Object Name: 
  Observers: 
    none
  Source: (none)
  Source output name: (none)
  Release Data: Off
  Data Released: False
  Global Release Data: Off
  PipelineMTime: 0
  UpdateMTime: 1504
  RealTimeStamp: 0 seconds 
  LargestPossibleRegion: 
    Dimension: 3
    Index: [0, 0, 0]
    Size: [193, 229, 193]
  BufferedRegion: 
    Dimension: 3
    Index: [0, 0, 0]
    Size: [193, 229, 193]
  RequestedRegion: 
    Dimension: 3
    Index: [0, 0, 0]
    Size: [193, 229, 193]
  Spacing: [1, 1, 1]
  Origin: [96, 132, -78]
  Direction: 
-1 0 0
0 -1 0
0 0 1

  IndexToPointMatrix: 
-1 0 0
0 -1 0
0 0 1

  PointToIndexMatrix: 
-1 0 0
0 -1 0
0 0 1

  Inverse Direction: 
-1 0 0
0 -1 0
0 0 1

  PixelContainer: 
    ImportImageContainer (0x55a4fdd19330)
      RTTI typeinfo:   itk::ImportImageContainer<unsigned long, float>
      Reference Count: 1
      Modified Time: 1501
      Debug: Off
      Object Name: 
      Observers: 
        none
      Pointer: 0x7fd2333ea010
      Container manages memory: true
      Size: 8530021
      Capacity: 8530021

     Moving image = Image (0x55a4fdd1a220)
  RTTI typeinfo:   itk::Image<float, 3u>
  Reference Count: 2
  Modified Time: 1722
  Debug: Off
  Object Name: 
  Observers: 
    none
  Source: (none)
  Source output name: (none)
  Release Data: Off
  Data Released: False
  Global Release Data: Off
  PipelineMTime: 0
  UpdateMTime: 1719
  RealTimeStamp: 0 seconds 
  LargestPossibleRegion: 
    Dimension: 3
    Index: [0, 0, 0]
    Size: [176, 240, 256]
  BufferedRegion: 
    Dimension: 3
    Index: [0, 0, 0]
    Size: [176, 240, 256]
  RequestedRegion: 
    Dimension: 3
    Index: [0, 0, 0]
    Size: [176, 240, 256]
  Spacing: [0.999999, 1, 1]
  Origin: [93.3499, 86.9368, -128.957]
  Direction: 
-0.999513 -0.0279216 -0.0139567
0.0279189 -0.99961 0.000389866
-0.0139622 2.01492e-08 0.999903

  IndexToPointMatrix: 
-0.999512 -0.0279216 -0.0139567
0.0279189 -0.99961 0.000389866
-0.0139621 2.01492e-08 0.999903

  PointToIndexMatrix: 
-0.999514 0.0279189 -0.0139622
-0.0279216 -0.99961 2.01716e-08
-0.0139567 0.000389866 0.999903

  Inverse Direction: 
-0.999513 0.0279189 -0.0139622
-0.0279216 -0.99961 2.01716e-08
-0.0139567 0.000389866 0.999903

  PixelContainer: 
    ImportImageContainer (0x55a4fde9c150)
      RTTI typeinfo:   itk::ImportImageContainer<unsigned long, float>
      Reference Count: 1
      Modified Time: 1716
      Debug: Off
      Object Name: 
      Observers: 
        none
      Pointer: 0x7fd230aa9010
      Container manages memory: true
      Size: 10813440
      Capacity: 10813440

     Weighting = 1
     Sampling strategy = regular
     Number of bins = 32
     Radius = 4
     Sampling percentage  = 0.25
   Transform = Rigid
     Gradient step = 0.1
     Update field sigma (voxel space) = 0
     Total field sigma (voxel space) = 0
     Update field time sigma = 0
     Total field time sigma  = 0
     Number of time indices = 0
     Number of time point samples = 0
Stage 2 State
   Image metric = Mattes
     Fixed image = Image (0x55a4fdd65350)
  RTTI typeinfo:   itk::Image<float, 3u>
  Reference Count: 2
  Modified Time: 2151
  Debug: Off
  Object Name: 
  Observers: 
    none
  Source: (none)
  Source output name: (none)
  Release Data: Off
  Data Released: False
  Global Release Data: Off
  PipelineMTime: 0
  UpdateMTime: 1934
  RealTimeStamp: 0 seconds 
  LargestPossibleRegion: 
    Dimension: 3
    Index: [0, 0, 0]
    Size: [193, 229, 193]
  BufferedRegion: 
    Dimension: 3
    Index: [0, 0, 0]
    Size: [193, 229, 193]
  RequestedRegion: 
    Dimension: 3
    Index: [0, 0, 0]
    Size: [193, 229, 193]
  Spacing: [1, 1, 1]
  Origin: [96, 132, -78]
  Direction: 
-1 0 0
0 -1 0
0 0 1

  IndexToPointMatrix: 
-1 0 0
0 -1 0
0 0 1

  PointToIndexMatrix: 
-1 0 0
0 -1 0
0 0 1

  Inverse Direction: 
-1 0 0
0 -1 0
0 0 1

  PixelContainer: 
    ImportImageContainer (0x55a4fddfbfd0)
      RTTI typeinfo:   itk::ImportImageContainer<unsigned long, float>
      Reference Count: 1
      Modified Time: 1931
      Debug: Off
      Object Name: 
      Observers: 
        none
      Pointer: 0x7fd22ea1e010
      Container manages memory: true
      Size: 8530021
      Capacity: 8530021

     Moving image = Image (0x55a4fdd76980)
  RTTI typeinfo:   itk::Image<float, 3u>
  Reference Count: 2
  Modified Time: 2152
  Debug: Off
  Object Name: 
  Observers: 
    none
  Source: (none)
  Source output name: (none)
  Release Data: Off
  Data Released: False
  Global Release Data: Off
  PipelineMTime: 0
  UpdateMTime: 2149
  RealTimeStamp: 0 seconds 
  LargestPossibleRegion: 
    Dimension: 3
    Index: [0, 0, 0]
    Size: [176, 240, 256]
  BufferedRegion: 
    Dimension: 3
    Index: [0, 0, 0]
    Size: [176, 240, 256]
  RequestedRegion: 
    Dimension: 3
    Index: [0, 0, 0]
    Size: [176, 240, 256]
  Spacing: [0.999999, 1, 1]
  Origin: [93.3499, 86.9368, -128.957]
  Direction: 
-0.999513 -0.0279216 -0.0139567
0.0279189 -0.99961 0.000389866
-0.0139622 2.01492e-08 0.999903

  IndexToPointMatrix: 
-0.999512 -0.0279216 -0.0139567
0.0279189 -0.99961 0.000389866
-0.0139621 2.01492e-08 0.999903

  PointToIndexMatrix: 
-0.999514 0.0279189 -0.0139622
-0.0279216 -0.99961 2.01716e-08
-0.0139567 0.000389866 0.999903

  Inverse Direction: 
-0.999513 0.0279189 -0.0139622
-0.0279216 -0.99961 2.01716e-08
-0.0139567 0.000389866 0.999903

  PixelContainer: 
    ImportImageContainer (0x55a4fdefc250)
      RTTI typeinfo:   itk::ImportImageContainer<unsigned long, float>
      Reference Count: 1
      Modified Time: 2146
      Debug: Off
      Object Name: 
      Observers: 
        none
      Pointer: 0x7fd22c0dd010
      Container manages memory: true
      Size: 10813440
      Capacity: 10813440

     Weighting = 1
     Sampling strategy = regular
     Number of bins = 32
     Radius = 4
     Sampling percentage  = 0.25
   Transform = Affine
     Gradient step = 0.1
     Update field sigma (voxel space) = 0
     Total field sigma (voxel space) = 0
     Update field time sigma = 0
     Total field time sigma  = 0
     Number of time indices = 0
     Number of time point samples = 0
Stage 3 State
   Image metric = CC
     Fixed image = Image (0x55a4fdd75090)
  RTTI typeinfo:   itk::Image<float, 3u>
  Reference Count: 2
  Modified Time: 2581
  Debug: Off
  Object Name: 
  Observers: 
    none
  Source: (none)
  Source output name: (none)
  Release Data: Off
  Data Released: False
  Global Release Data: Off
  PipelineMTime: 0
  UpdateMTime: 2364
  RealTimeStamp: 0 seconds 
  LargestPossibleRegion: 
    Dimension: 3
    Index: [0, 0, 0]
    Size: [193, 229, 193]
  BufferedRegion: 
    Dimension: 3
    Index: [0, 0, 0]
    Size: [193, 229, 193]
  RequestedRegion: 
    Dimension: 3
    Index: [0, 0, 0]
    Size: [193, 229, 193]
  Spacing: [1, 1, 1]
  Origin: [96, 132, -78]
  Direction: 
-1 0 0
0 -1 0
0 0 1

  IndexToPointMatrix: 
-1 0 0
0 -1 0
0 0 1

  PointToIndexMatrix: 
-1 0 0
0 -1 0
0 0 1

  Inverse Direction: 
-1 0 0
0 -1 0
0 0 1

  PixelContainer: 
    ImportImageContainer (0x55a4fdd75bc0)
      RTTI typeinfo:   itk::ImportImageContainer<unsigned long, float>
      Reference Count: 1
      Modified Time: 2361
      Debug: Off
      Object Name: 
      Observers: 
        none
      Pointer: 0x7fd22a052010
      Container manages memory: true
      Size: 8530021
      Capacity: 8530021

     Moving image = Image (0x55a4fdd76f20)
  RTTI typeinfo:   itk::Image<float, 3u>
  Reference Count: 2
  Modified Time: 2582
  Debug: Off
  Object Name: 
  Observers: 
    none
  Source: (none)
  Source output name: (none)
  Release Data: Off
  Data Released: False
  Global Release Data: Off
  PipelineMTime: 0
  UpdateMTime: 2579
  RealTimeStamp: 0 seconds 
  LargestPossibleRegion: 
    Dimension: 3
    Index: [0, 0, 0]
    Size: [176, 240, 256]
  BufferedRegion: 
    Dimension: 3
    Index: [0, 0, 0]
    Size: [176, 240, 256]
  RequestedRegion: 
    Dimension: 3
    Index: [0, 0, 0]
    Size: [176, 240, 256]
  Spacing: [0.999999, 1, 1]
  Origin: [93.3499, 86.9368, -128.957]
  Direction: 
-0.999513 -0.0279216 -0.0139567
0.0279189 -0.99961 0.000389866
-0.0139622 2.01492e-08 0.999903

  IndexToPointMatrix: 
-0.999512 -0.0279216 -0.0139567
0.0279189 -0.99961 0.000389866
-0.0139621 2.01492e-08 0.999903

  PointToIndexMatrix: 
-0.999514 0.0279189 -0.0139622
-0.0279216 -0.99961 2.01716e-08
-0.0139567 0.000389866 0.999903

  Inverse Direction: 
-0.999513 0.0279189 -0.0139622
-0.0279216 -0.99961 2.01716e-08
-0.0139567 0.000389866 0.999903

  PixelContainer: 
    ImportImageContainer (0x55a4fdf3c2d0)
      RTTI typeinfo:   itk::ImportImageContainer<unsigned long, float>
      Reference Count: 1
      Modified Time: 2576
      Debug: Off
      Object Name: 
      Observers: 
        none
      Pointer: 0x7fd227711010
      Container manages memory: true
      Size: 10813440
      Capacity: 10813440

     Weighting = 1
     Sampling strategy = none
     Number of bins = 32
     Radius = 4
     Sampling percentage  = 1
   Transform = SyN
     Gradient step = 0.1
     Update field sigma (voxel space) = 3
     Total field sigma (voxel space) = 0
     Update field time sigma = 0
     Total field time sigma  = 0
     Number of time indices = 0
     Number of time point samples = 0
Registration using 3 total stages.

Stage 0
  iterations = 1000x500x250x100
  convergence threshold = 1e-06
  convergence window size = 10
  number of levels = 4
  using the Mattes MI metric (number of bins = 32, weight = 1, use gradient filter = 0)
  preprocessing:  winsorizing the image intensities
  Shrink factors (level 1 out of 4): [8, 8, 8]
  Shrink factors (level 2 out of 4): [4, 4, 4]
  Shrink factors (level 3 out of 4): [2, 2, 2]
  Shrink factors (level 4 out of 4): [1, 1, 1]
  smoothing sigmas per level: [3, 2, 1, 0]
  regular sampling (percentage = 0.25)

*** Running Euler3DTransform registration ***

DIAGNOSTIC,Iteration,metricValue,convergenceValue,ITERATION_TIME_INDEX,SINCE_LAST
 2DIAGNOSTIC,     1, -5.256240367889e-01, inf, 1.3214e+00, 1.3214e+00, 
 2DIAGNOSTIC,     2, -5.266883373260e-01, inf, 1.3290e+00, 7.6451e-03, 
 2DIAGNOSTIC,     3, -5.286771655083e-01, inf, 1.3367e+00, 7.6051e-03, 
 2DIAGNOSTIC,     4, -5.344028472900e-01, inf, 1.3444e+00, 7.7519e-03, 
 2DIAGNOSTIC,     5, -5.405108332634e-01, inf, 1.3522e+00, 7.8230e-03, 
 2DIAGNOSTIC,     6, -5.487834215164e-01, inf, 1.3600e+00, 7.7682e-03, 
 2DIAGNOSTIC,     7, -5.571873784065e-01, inf, 1.3696e+00, 9.5861e-03, 
 2DIAGNOSTIC,     8, -5.804358720779e-01, inf, 1.3789e+00, 9.2750e-03, 
 2DIAGNOSTIC,     9, -5.813575387001e-01, inf, 1.3877e+00, 8.8239e-03, 
 2DIAGNOSTIC,    10, -5.882442593575e-01, 8.187556639314e-03, 1.4120e+00, 2.4305e-02, 
 2DIAGNOSTIC,    11, -5.890065431595e-01, 7.798863109201e-03, 1.4315e+00, 1.9552e-02, 
 2DIAGNOSTIC,    12, -5.894584059715e-01, 6.844064220786e-03, 1.4418e+00, 1.0292e-02, 
 2DIAGNOSTIC,    13, -5.893662571907e-01, 5.492303054780e-03, 1.4520e+00, 1.0203e-02, 
 2DIAGNOSTIC,    14, -5.893166065216e-01, 4.049602430314e-03, 1.4620e+00, 9.9921e-03, 
 2DIAGNOSTIC,    15, -5.892913341522e-01, 2.648347988725e-03, 1.4718e+00, 9.8271e-03, 
 2DIAGNOSTIC,    16, -5.891622900963e-01, 1.443876884878e-03, 1.4796e+00, 7.7891e-03, 
 2DIAGNOSTIC,    17, -5.891203880310e-01, 4.846476076636e-04, 1.4874e+00, 7.7941e-03, 
 2DIAGNOSTIC,    18, -5.891782045364e-01, 2.411115710856e-04, 1.4952e+00, 7.7751e-03, 
 2DIAGNOSTIC,    19, -5.892779827118e-01, 2.398901415290e-05, 1.5028e+00, 7.5898e-03, 
 2DIAGNOSTIC,    20, -5.894011855125e-01, 1.445623524887e-06, 1.5140e+00, 1.1232e-02, 
DIAGNOSTIC,Iteration,metricValue,convergenceValue,ITERATION_TIME_INDEX,SINCE_LAST
 2DIAGNOSTIC,     1, -4.746506214142e-01, inf, 2.8741e+00, 1.3601e+00, 
 2DIAGNOSTIC,     2, -4.754884243011e-01, inf, 2.9515e+00, 7.7411e-02, 
 2DIAGNOSTIC,     3, -4.766716063023e-01, inf, 3.0284e+00, 7.6927e-02, 
 2DIAGNOSTIC,     4, -4.779284894466e-01, inf, 3.1048e+00, 7.6372e-02, 
 2DIAGNOSTIC,     5, -4.795091152191e-01, inf, 3.1812e+00, 7.6403e-02, 
 2DIAGNOSTIC,     6, -4.826048910618e-01, inf, 3.2600e+00, 7.8808e-02, 
 2DIAGNOSTIC,     7, -4.870754182339e-01, inf, 3.3379e+00, 7.7924e-02, 
 2DIAGNOSTIC,     8, -4.904680252075e-01, inf, 3.4278e+00, 8.9825e-02, 
 2DIAGNOSTIC,     9, -4.937556087971e-01, inf, 3.5261e+00, 9.8302e-02, 
 2DIAGNOSTIC,    10, -5.027807950974e-01, 3.441007807851e-03, 3.6018e+00, 7.5772e-02, 
 2DIAGNOSTIC,    11, -5.046370625496e-01, 3.667420474812e-03, 3.6909e+00, 8.9097e-02, 
 2DIAGNOSTIC,    12, -5.097056031227e-01, 3.811673494056e-03, 3.7926e+00, 1.0167e-01, 
 2DIAGNOSTIC,    13, -5.116983652115e-01, 3.729460528120e-03, 3.8721e+00, 7.9514e-02, 
 2DIAGNOSTIC,    14, -5.159668922424e-01, 3.548012115061e-03, 3.9508e+00, 7.8641e-02, 
 2DIAGNOSTIC,    15, -5.380948781967e-01, 3.961662296206e-03, 4.0391e+00, 8.8365e-02, 
 2DIAGNOSTIC,    16, -5.500777959824e-01, 4.466156940907e-03, 4.1242e+00, 8.5081e-02, 
 2DIAGNOSTIC,    17, -5.508608818054e-01, 4.671283531934e-03, 4.1971e+00, 7.2891e-02, 
 2DIAGNOSTIC,    18, -5.513749122620e-01, 4.558992572129e-03, 4.2815e+00, 8.4446e-02, 
 2DIAGNOSTIC,    19, -5.522220730782e-01, 4.157342016697e-03, 4.3978e+00, 1.1624e-01, 
 2DIAGNOSTIC,    20, -5.523453354836e-01, 3.659130539745e-03, 4.4708e+00, 7.3064e-02, 
 2DIAGNOSTIC,    21, -5.524851083755e-01, 2.917100908235e-03, 4.5445e+00, 7.3615e-02, 
 2DIAGNOSTIC,    22, -5.525228977203e-01, 2.112863119692e-03, 4.6179e+00, 7.3447e-02, 
 2DIAGNOSTIC,    23, -5.526078939438e-01, 1.244591665454e-03, 4.6901e+00, 7.2246e-02, 
 2DIAGNOSTIC,    24, -5.526931285858e-01, 4.261666617822e-04, 4.7739e+00, 8.3792e-02, 
 2DIAGNOSTIC,    25, -5.527845621109e-01, 1.185618675663e-04, 4.8580e+00, 8.4049e-02, 
 2DIAGNOSTIC,    26, -5.533073544502e-01, 8.844217518345e-05, 4.9833e+00, 1.2531e-01, 
 2DIAGNOSTIC,    27, -5.533371567726e-01, 6.862053123768e-05, 5.0567e+00, 7.3353e-02, 
 2DIAGNOSTIC,    28, -5.535355210304e-01, 5.752571814810e-05, 5.1500e+00, 9.3302e-02, 
 2DIAGNOSTIC,    29, -5.536250472069e-01, 5.949736805633e-05, 5.2328e+00, 8.2850e-02, 
 2DIAGNOSTIC,    30, -5.536298155785e-01, 5.803860403830e-05, 5.3346e+00, 1.0176e-01, 
 2DIAGNOSTIC,    31, -5.536346435547e-01, 5.376262924983e-05, 5.4176e+00, 8.2985e-02, 
 2DIAGNOSTIC,    32, -5.536258220673e-01, 4.524493488134e-05, 5.4898e+00, 7.2261e-02, 
 2DIAGNOSTIC,    33, -5.536256432533e-01, 3.453449244262e-05, 5.5714e+00, 8.1577e-02, 
 2DIAGNOSTIC,    34, -5.536070466042e-01, 2.239459718112e-05, 5.6529e+00, 8.1522e-02, 
 2DIAGNOSTIC,    35, -5.536038279533e-01, 1.013136443362e-05, 5.7233e+00, 7.0362e-02, 
 2DIAGNOSTIC,    36, -5.535959601402e-01, 5.442015208246e-06, 5.7952e+00, 7.1919e-02, 
 2DIAGNOSTIC,    37, -5.536066889763e-01, 1.111121378017e-06, 5.8770e+00, 8.1771e-02, 
DIAGNOSTIC,Iteration,metricValue,convergenceValue,ITERATION_TIME_INDEX,SINCE_LAST
 2DIAGNOSTIC,     1, -4.864190220833e-01, inf, 7.7147e+00, 1.8378e+00, 
 2DIAGNOSTIC,     2, -4.865262210369e-01, inf, 8.2583e+00, 5.4355e-01, 
 2DIAGNOSTIC,     3, -4.866398870945e-01, inf, 8.8147e+00, 5.5637e-01, 
 2DIAGNOSTIC,     4, -4.867092072964e-01, inf, 9.4222e+00, 6.0756e-01, 
 2DIAGNOSTIC,     5, -4.869679510593e-01, inf, 9.9993e+00, 5.7710e-01, 
 2DIAGNOSTIC,     6, -4.876990020275e-01, inf, 1.0649e+01, 6.4988e-01, 
 2DIAGNOSTIC,     7, -4.879520535469e-01, inf, 1.1460e+01, 8.1116e-01, 
 2DIAGNOSTIC,     8, -4.882198274136e-01, inf, 1.2206e+01, 7.4613e-01, 
 2DIAGNOSTIC,     9, -4.882682561874e-01, inf, 1.3032e+01, 8.2533e-01, 
 2DIAGNOSTIC,    10, -4.882882833481e-01, 3.065044293180e-04, 1.3681e+01, 6.4946e-01, 
 2DIAGNOSTIC,    11, -4.882898628712e-01, 2.639173180796e-04, 1.4251e+01, 5.6939e-01, 
 2DIAGNOSTIC,    12, -4.882963001728e-01, 2.103039296344e-04, 1.4808e+01, 5.5780e-01, 
 2DIAGNOSTIC,    13, -4.883266091347e-01, 1.529984147055e-04, 1.5355e+01, 5.4646e-01, 
 2DIAGNOSTIC,    14, -4.883761703968e-01, 9.528580267215e-05, 1.5907e+01, 5.5233e-01, 
 2DIAGNOSTIC,    15, -4.884658157825e-01, 4.973956674803e-05, 1.6468e+01, 5.6111e-01, 
 2DIAGNOSTIC,    16, -4.886206388474e-01, 3.761446350836e-05, 1.7019e+01, 5.5027e-01, 
 2DIAGNOSTIC,    17, -4.887878000736e-01, 3.771285264520e-05, 1.7719e+01, 7.0045e-01, 
 2DIAGNOSTIC,    18, -4.888894259930e-01, 4.633774733520e-05, 1.8416e+01, 6.9717e-01, 
 2DIAGNOSTIC,    19, -4.889445304871e-01, 5.309384141583e-05, 1.9029e+01, 6.1252e-01, 
 2DIAGNOSTIC,    20, -4.892073571682e-01, 6.264860712690e-05, 1.9658e+01, 6.2962e-01, 
 2DIAGNOSTIC,    21, -4.894010722637e-01, 7.080235081958e-05, 2.0216e+01, 5.5717e-01, 
 2DIAGNOSTIC,    22, -4.895444810390e-01, 7.560166704934e-05, 2.1225e+01, 1.0092e+00, 
 2DIAGNOSTIC,    23, -4.895476698875e-01, 7.394781277981e-05, 2.1923e+01, 6.9864e-01, 
 2DIAGNOSTIC,    24, -4.895482659340e-01, 6.695708725601e-05, 2.2710e+01, 7.8630e-01, 
 2DIAGNOSTIC,    25, -4.895465970039e-01, 5.632533793687e-05, 2.3248e+01, 5.3852e-01, 
 2DIAGNOSTIC,    26, -4.895453155041e-01, 4.460850323085e-05, 2.3892e+01, 6.4352e-01, 
 2DIAGNOSTIC,    27, -4.895448386669e-01, 3.324467252241e-05, 2.4796e+01, 9.0412e-01, 
 2DIAGNOSTIC,    28, -4.895447790623e-01, 2.186674828408e-05, 2.5411e+01, 6.1510e-01, 
 2DIAGNOSTIC,    29, -4.895431995392e-01, 1.033341141010e-05, 2.6021e+01, 6.0968e-01, 
 2DIAGNOSTIC,    30, -4.895431399345e-01, 3.721516804944e-06, 2.6854e+01, 8.3318e-01, 
DIAGNOSTIC,Iteration,metricValue,convergenceValue,ITERATION_TIME_INDEX,SINCE_LAST
 2DIAGNOSTIC,     1, -4.523067176342e-01, inf, 3.2539e+01, 5.6855e+00, 
 2DIAGNOSTIC,     2, -4.523098170757e-01, inf, 3.5958e+01, 3.4184e+00, 
 2DIAGNOSTIC,     3, -4.523124396801e-01, inf, 3.9387e+01, 3.4298e+00, 
 2DIAGNOSTIC,     4, -4.523219466209e-01, inf, 4.2807e+01, 3.4196e+00, 
 2DIAGNOSTIC,     5, -4.523350596428e-01, inf, 4.6718e+01, 3.9112e+00, 
 2DIAGNOSTIC,     6, -4.523456096649e-01, inf, 5.0141e+01, 3.4227e+00, 
 2DIAGNOSTIC,     7, -4.523601830006e-01, inf, 5.3563e+01, 3.4221e+00, 
 2DIAGNOSTIC,     8, -4.523789584637e-01, inf, 5.8888e+01, 5.3254e+00, 
 2DIAGNOSTIC,     9, -4.523819386959e-01, inf, 6.2813e+01, 3.9240e+00, 
 2DIAGNOSTIC,    10, -4.523813724518e-01, 1.599592178536e-05, 6.7182e+01, 4.3698e+00, 
 2DIAGNOSTIC,    11, -4.523815214634e-01, 1.414118105458e-05, 7.1086e+01, 3.9041e+00, 
 2DIAGNOSTIC,    12, -4.523816108704e-01, 1.175048510049e-05, 7.5462e+01, 4.3761e+00, 
 2DIAGNOSTIC,    13, -4.523816406727e-01, 9.018011951412e-06, 7.8884e+01, 3.4220e+00, 
 2DIAGNOSTIC,    14, -4.523814916611e-01, 6.493346063507e-06, 8.4686e+01, 5.8013e+00, 
 2DIAGNOSTIC,    15, -4.523822963238e-01, 4.510592134466e-06, 8.8590e+01, 3.9040e+00, 
 2DIAGNOSTIC,    16, -4.523820579052e-01, 2.954865749416e-06, 9.2491e+01, 3.9017e+00, 
 2DIAGNOSTIC,    17, -4.523821473122e-01, 2.016615098910e-06, 9.7355e+01, 4.8635e+00, 
 2DIAGNOSTIC,    18, -4.523820877075e-01, 1.819583758333e-06, 1.0128e+02, 3.9260e+00, 
 2DIAGNOSTIC,    19, -4.523819088936e-01, 1.731672114147e-06, 1.0520e+02, 3.9241e+00, 
 2DIAGNOSTIC,    20, -4.523816108704e-01, 1.619787667551e-06, 1.0910e+02, 3.8997e+00, 
 2DIAGNOSTIC,    21, -4.523816704750e-01, 1.522120669506e-06, 1.1303e+02, 3.9273e+00, 
 2DIAGNOSTIC,    22, -4.523818194866e-01, 1.439513425794e-06, 1.1740e+02, 4.3729e+00, 
 2DIAGNOSTIC,    23, -4.523817598820e-01, 1.363961587231e-06, 1.2179e+02, 4.3826e+00, 
 2DIAGNOSTIC,    24, -4.523817300797e-01, 1.291408239013e-06, 1.2569e+02, 3.8989e+00, 
 2DIAGNOSTIC,    25, -4.523814916611e-01, 1.242463895323e-06, 1.2959e+02, 3.9042e+00, 
 2DIAGNOSTIC,    26, -4.523814022541e-01, 1.192154400087e-06, 1.3352e+02, 3.9267e+00, 
 2DIAGNOSTIC,    27, -4.523815214634e-01, 1.153177663582e-06, 1.3742e+02, 3.8989e+00, 
 2DIAGNOSTIC,    28, -4.523815214634e-01, 1.117886881730e-06, 1.4131e+02, 3.8957e+00, 
 2DIAGNOSTIC,    29, -4.523814618587e-01, 1.081873278963e-06, 1.4521e+02, 3.8994e+00, 
 2DIAGNOSTIC,    30, -4.523816406727e-01, 1.047338741955e-06, 1.4958e+02, 4.3717e+00, 
 2DIAGNOSTIC,    31, -4.523816406727e-01, 1.017283238980e-06, 1.5395e+02, 4.3714e+00, 
  Elapsed time (stage 0): 1.5611e+02


Stage 1
  iterations = 1000x500x250x100
  convergence threshold = 1.0000e-06
  convergence window size = 10
  number of levels = 4
  using the Mattes MI metric (number of bins = 32, weight = 1.0000e+00, use gradient filter = 0)
  preprocessing:  winsorizing the image intensities
  Shrink factors (level 1 out of 4): [8, 8, 8]
  Shrink factors (level 2 out of 4): [4, 4, 4]
  Shrink factors (level 3 out of 4): [2, 2, 2]
  Shrink factors (level 4 out of 4): [1, 1, 1]
  smoothing sigmas per level: [3, 2, 1, 0]
  regular sampling (percentage = 2.5000e-01)

*** Running AffineTransform registration ***

DIAGNOSTIC,Iteration,metricValue,convergenceValue,ITERATION_TIME_INDEX,SINCE_LAST
 2DIAGNOSTIC,     1, -6.727580428123e-01, inf, 1.1865e+00, 1.1865e+00, 
 2DIAGNOSTIC,     2, -6.743891239166e-01, inf, 1.1951e+00, 8.6560e-03, 
 2DIAGNOSTIC,     3, -6.781356930733e-01, inf, 1.2042e+00, 9.0542e-03, 
 2DIAGNOSTIC,     4, -6.838002800941e-01, inf, 1.2126e+00, 8.4550e-03, 
 2DIAGNOSTIC,     5, -6.919922828674e-01, inf, 1.2211e+00, 8.4770e-03, 
 2DIAGNOSTIC,     6, -7.001908421516e-01, inf, 1.2297e+00, 8.5990e-03, 
 2DIAGNOSTIC,     7, -7.096037268639e-01, inf, 1.2401e+00, 1.0383e-02, 
 2DIAGNOSTIC,     8, -7.300078868866e-01, inf, 1.2540e+00, 1.3919e-02, 
 2DIAGNOSTIC,     9, -7.306223511696e-01, inf, 1.2631e+00, 9.0911e-03, 
 2DIAGNOSTIC,    10, -7.317138314247e-01, 6.411391310394e-03, 1.2724e+00, 9.3288e-03, 
 2DIAGNOSTIC,    11, -7.332751750946e-01, 5.802424158901e-03, 1.2817e+00, 9.2890e-03, 
 2DIAGNOSTIC,    12, -7.351508140564e-01, 4.890833981335e-03, 1.2928e+00, 1.1113e-02, 
 2DIAGNOSTIC,    13, -7.371344566345e-01, 3.850779263303e-03, 1.3069e+00, 1.4013e-02, 
 2DIAGNOSTIC,    14, -7.371322512627e-01, 2.775822067633e-03, 1.3172e+00, 1.0373e-02, 
 2DIAGNOSTIC,    15, -7.371610403061e-01, 1.821702229790e-03, 1.3265e+00, 9.2959e-03, 
 2DIAGNOSTIC,    16, -7.374999523163e-01, 1.036210800521e-03, 1.3357e+00, 9.1701e-03, 
 2DIAGNOSTIC,    17, -7.379536628723e-01, 4.672590293922e-04, 1.3449e+00, 9.1870e-03, 
 2DIAGNOSTIC,    18, -7.385849952698e-01, 3.834502422251e-04, 1.3541e+00, 9.1960e-03, 
 2DIAGNOSTIC,    19, -7.391266822815e-01, 2.975721727125e-04, 1.3633e+00, 9.2001e-03, 
 2DIAGNOSTIC,    20, -7.399396300316e-01, 2.308696275577e-04, 1.3733e+00, 9.9881e-03, 
 2DIAGNOSTIC,    21, -7.409418225288e-01, 1.967326534213e-04, 1.3884e+00, 1.5168e-02, 
 2DIAGNOSTIC,    22, -7.409213781357e-01, 1.794416457415e-04, 1.3988e+00, 1.0353e-02, 
 2DIAGNOSTIC,    23, -7.409048676491e-01, 1.810449612094e-04, 1.4080e+00, 9.1832e-03, 
 2DIAGNOSTIC,    24, -7.409248948097e-01, 1.661911373958e-04, 1.4173e+00, 9.3350e-03, 
 2DIAGNOSTIC,    25, -7.412224411964e-01, 1.419902400812e-04, 1.4276e+00, 1.0338e-02, 
 2DIAGNOSTIC,    26, -7.415114641190e-01, 1.155784702860e-04, 1.4368e+00, 9.1650e-03, 
 2DIAGNOSTIC,    27, -7.417170405388e-01, 8.989868365461e-05, 1.4472e+00, 1.0402e-02, 
 2DIAGNOSTIC,    28, -7.420501708984e-01, 7.142063259380e-05, 1.4571e+00, 9.9308e-03, 
 2DIAGNOSTIC,    29, -7.425060272217e-01, 6.087669680710e-05, 1.4676e+00, 1.0446e-02, 
 2DIAGNOSTIC,    30, -7.429572343826e-01, 6.135526928119e-05, 1.4803e+00, 1.2699e-02, 
 2DIAGNOSTIC,    31, -7.432569265366e-01, 7.241816638270e-05, 1.4896e+00, 9.2690e-03, 
 2DIAGNOSTIC,    32, -7.434846162796e-01, 7.859538163757e-05, 1.4989e+00, 9.3601e-03, 
 2DIAGNOSTIC,    33, -7.438262701035e-01, 8.093028736766e-05, 1.5093e+00, 1.0413e-02, 
 2DIAGNOSTIC,    34, -7.439687848091e-01, 7.723850285402e-05, 1.5197e+00, 1.0393e-02, 
 2DIAGNOSTIC,    35, -7.442325949669e-01, 7.269230991369e-05, 1.5290e+00, 9.2459e-03, 
 2DIAGNOSTIC,    36, -7.441129088402e-01, 6.339156971080e-05, 1.5447e+00, 1.5686e-02, 
 2DIAGNOSTIC,    37, -7.443127036095e-01, 5.298911128193e-05, 1.5539e+00, 9.2459e-03, 
 2DIAGNOSTIC,    38, -7.443591356277e-01, 4.194177745376e-05, 1.5631e+00, 9.1879e-03, 
 2DIAGNOSTIC,    39, -7.443529963493e-01, 3.193293377990e-05, 1.5746e+00, 1.1512e-02, 
 2DIAGNOSTIC,    40, -7.443884611130e-01, 2.419272823317e-05, 1.5840e+00, 9.3751e-03, 
 2DIAGNOSTIC,    41, -7.444322705269e-01, 1.786191205611e-05, 1.5955e+00, 1.1541e-02, 
 2DIAGNOSTIC,    42, -7.443826794624e-01, 1.178403363156e-05, 1.6047e+00, 9.1810e-03, 
 2DIAGNOSTIC,    43, -7.444054484367e-01, 8.216908099712e-06, 1.6140e+00, 9.2940e-03, 
 2DIAGNOSTIC,    44, -7.444376945496e-01, 5.586173301708e-06, 1.6243e+00, 1.0336e-02, 
 2DIAGNOSTIC,    45, -7.444535493851e-01, 5.060421699454e-06, 1.6377e+00, 1.3418e-02, 
 2DIAGNOSTIC,    46, -7.444581389427e-01, 3.124222985207e-06, 1.6470e+00, 9.2430e-03, 
 2DIAGNOSTIC,    47, -7.445201277733e-01, 3.202919515388e-06, 1.6574e+00, 1.0411e-02, 
 2DIAGNOSTIC,    48, -7.445012927055e-01, 3.256647005401e-06, 1.6678e+00, 1.0406e-02, 
 2DIAGNOSTIC,    49, -7.445154786110e-01, 3.119347638858e-06, 1.6771e+00, 9.2750e-03, 
 2DIAGNOSTIC,    50, -7.444288730621e-01, 2.343887899769e-06, 1.6886e+00, 1.1486e-02, 
 2DIAGNOSTIC,    51, -7.444316744804e-01, 1.822323611123e-06, 1.6989e+00, 1.0332e-02, 
DIAGNOSTIC,Iteration,metricValue,convergenceValue,ITERATION_TIME_INDEX,SINCE_LAST
 2DIAGNOSTIC,     1, -6.084569096565e-01, inf, 2.9896e+00, 1.2907e+00, 
 2DIAGNOSTIC,     2, -6.091198325157e-01, inf, 3.0755e+00, 8.5831e-02, 
 2DIAGNOSTIC,     3, -6.102392673492e-01, inf, 3.1613e+00, 8.5853e-02, 
 2DIAGNOSTIC,     4, -6.114990711212e-01, inf, 3.2478e+00, 8.6472e-02, 
 2DIAGNOSTIC,     5, -6.130571961403e-01, inf, 3.3345e+00, 8.6707e-02, 
 2DIAGNOSTIC,     6, -6.144452691078e-01, inf, 3.4210e+00, 8.6513e-02, 
 2DIAGNOSTIC,     7, -6.156641840935e-01, inf, 3.5391e+00, 1.1812e-01, 
 2DIAGNOSTIC,     8, -6.157423257828e-01, inf, 3.6256e+00, 8.6418e-02, 
 2DIAGNOSTIC,     9, -6.158600449562e-01, inf, 3.7226e+00, 9.7046e-02, 
 2DIAGNOSTIC,    10, -6.160048842430e-01, 9.060495067388e-04, 3.8087e+00, 8.6144e-02, 
 2DIAGNOSTIC,    11, -6.161260604858e-01, 7.005489314906e-04, 3.9065e+00, 9.7725e-02, 
 2DIAGNOSTIC,    12, -6.162301301956e-01, 4.958445788361e-04, 4.0038e+00, 9.7280e-02, 
 2DIAGNOSTIC,    13, -6.162297129631e-01, 3.180993953720e-04, 4.0906e+00, 8.6829e-02, 
 2DIAGNOSTIC,    14, -6.162527799606e-01, 1.793483243091e-04, 4.2205e+00, 1.2987e-01, 
 2DIAGNOSTIC,    15, -6.162498593330e-01, 9.018070704769e-05, 4.3177e+00, 9.7227e-02, 
 2DIAGNOSTIC,    16, -6.162444353104e-01, 4.310542863095e-05, 4.4148e+00, 9.7160e-02, 
 2DIAGNOSTIC,    17, -6.162588000298e-01, 3.135898805340e-05, 4.5012e+00, 8.6356e-02, 
 2DIAGNOSTIC,    18, -6.162556409836e-01, 2.010867137869e-05, 4.5985e+00, 9.7289e-02, 
 2DIAGNOSTIC,    19, -6.162447333336e-01, 1.091780086426e-05, 4.6958e+00, 9.7288e-02, 
 2DIAGNOSTIC,    20, -6.162522435188e-01, 5.272324415273e-06, 4.7932e+00, 9.7423e-02, 
 2DIAGNOSTIC,    21, -6.162471771240e-01, 2.314480298082e-06, 4.8801e+00, 8.6870e-02, 
 2DIAGNOSTIC,    22, -6.162354946136e-01, 1.495187007095e-06, 4.9666e+00, 8.6500e-02, 
DIAGNOSTIC,Iteration,metricValue,convergenceValue,ITERATION_TIME_INDEX,SINCE_LAST
 2DIAGNOSTIC,     1, -5.347077250481e-01, inf, 6.9854e+00, 2.0188e+00, 
 2DIAGNOSTIC,     2, -5.348756909370e-01, inf, 7.7125e+00, 7.2706e-01, 
 2DIAGNOSTIC,     3, -5.349947810173e-01, inf, 8.4346e+00, 7.2213e-01, 
 2DIAGNOSTIC,     4, -5.351846814156e-01, inf, 9.1604e+00, 7.2583e-01, 
 2DIAGNOSTIC,     5, -5.354639291763e-01, inf, 9.9044e+00, 7.4396e-01, 
 2DIAGNOSTIC,     6, -5.355724692345e-01, inf, 1.0738e+01, 8.3345e-01, 
 2DIAGNOSTIC,     7, -5.357919335365e-01, inf, 1.1957e+01, 1.2193e+00, 
 2DIAGNOSTIC,     8, -5.358384847641e-01, inf, 1.2799e+01, 8.4172e-01, 
 2DIAGNOSTIC,     9, -5.358371734619e-01, inf, 1.4013e+01, 1.2143e+00, 
 2DIAGNOSTIC,    10, -5.358387827873e-01, 1.552532776259e-04, 1.4900e+01, 8.8706e-01, 
 2DIAGNOSTIC,    11, -5.358384847641e-01, 1.172233460238e-04, 1.5705e+01, 8.0462e-01, 
 2DIAGNOSTIC,    12, -5.358380675316e-01, 8.265843644040e-05, 1.6520e+01, 8.1563e-01, 
 2DIAGNOSTIC,    13, -5.358374714851e-01, 5.095185770188e-05, 1.7372e+01, 8.5181e-01, 
 2DIAGNOSTIC,    14, -5.358374118805e-01, 2.644442974997e-05, 1.8207e+01, 8.3480e-01, 
 2DIAGNOSTIC,    15, -5.358378291130e-01, 1.290326963499e-05, 1.9029e+01, 8.2170e-01, 
 2DIAGNOSTIC,    16, -5.358358621597e-01, 3.410060344322e-06, 1.9841e+01, 8.1210e-01, 
 2DIAGNOSTIC,    17, -5.358353853226e-01, 1.699936319710e-06, 2.0578e+01, 7.3677e-01, 
 2DIAGNOSTIC,    18, -5.358352065086e-01, 1.564657281961e-06, 2.1301e+01, 7.2326e-01, 
 2DIAGNOSTIC,    19, -5.358358025551e-01, 1.440044457013e-06, 2.2134e+01, 8.3282e-01, 
 2DIAGNOSTIC,    20, -5.358360409737e-01, 1.397879145770e-06, 2.2942e+01, 8.0822e-01, 
 2DIAGNOSTIC,    21, -5.358358025551e-01, 1.365054686175e-06, 2.3829e+01, 8.8719e-01, 
 2DIAGNOSTIC,    22, -5.358362197876e-01, 1.350661364086e-06, 2.4636e+01, 8.0706e-01, 
 2DIAGNOSTIC,    23, -5.358352065086e-01, 1.308578021053e-06, 2.5619e+01, 9.8259e-01, 
 2DIAGNOSTIC,    24, -5.358352661133e-01, 1.276505031456e-06, 2.6425e+01, 8.0626e-01, 
 2DIAGNOSTIC,    25, -5.358351469040e-01, 1.258705992768e-06, 2.7314e+01, 8.8948e-01, 
 2DIAGNOSTIC,    26, -5.358351469040e-01, 1.203675878969e-06, 2.8121e+01, 8.0622e-01, 
 2DIAGNOSTIC,    27, -5.358351469040e-01, 1.145515170720e-06, 2.8927e+01, 8.0607e-01, 
 2DIAGNOSTIC,    28, -5.358349680901e-01, 1.087753616957e-06, 2.9907e+01, 9.8053e-01, 
 2DIAGNOSTIC,    29, -5.358349680901e-01, 1.049574507306e-06, 3.0717e+01, 8.0993e-01, 
 2DIAGNOSTIC,    30, -5.358348488808e-01, 1.020463059831e-06, 3.1540e+01, 8.2287e-01, 
DIAGNOSTIC,Iteration,metricValue,convergenceValue,ITERATION_TIME_INDEX,SINCE_LAST
 2DIAGNOSTIC,     1, -4.868752062321e-01, inf, 3.6846e+01, 5.3057e+00, 
 2DIAGNOSTIC,     2, -4.871564507484e-01, inf, 4.1153e+01, 4.3071e+00, 
 2DIAGNOSTIC,     3, -4.875935018063e-01, inf, 4.5474e+01, 4.3210e+00, 
 2DIAGNOSTIC,     4, -4.882327616215e-01, inf, 4.9769e+01, 4.2952e+00, 
 2DIAGNOSTIC,     5, -4.891532063484e-01, inf, 5.4061e+01, 4.2919e+00, 
 2DIAGNOSTIC,     6, -4.932680428028e-01, inf, 5.9344e+01, 5.2834e+00, 
 2DIAGNOSTIC,     7, -4.968315362930e-01, inf, 6.5109e+01, 5.7645e+00, 
 2DIAGNOSTIC,     8, -4.972394704819e-01, inf, 6.9318e+01, 4.2089e+00, 
 2DIAGNOSTIC,     9, -4.981820583344e-01, inf, 7.3535e+01, 4.2176e+00, 
 2DIAGNOSTIC,    10, -4.992531239986e-01, 1.935512409545e-03, 7.7754e+01, 4.2187e+00, 
 2DIAGNOSTIC,    11, -4.998211264610e-01, 1.795054296963e-03, 8.2498e+01, 4.7439e+00, 
 2DIAGNOSTIC,    12, -5.000345110893e-01, 1.538836979307e-03, 9.0349e+01, 7.8505e+00, 
 2DIAGNOSTIC,    13, -5.000370740891e-01, 1.205795910209e-03, 9.4570e+01, 4.2211e+00, 
 2DIAGNOSTIC,    14, -5.000786185265e-01, 8.425390115008e-04, 9.8798e+01, 4.2281e+00, 
 2DIAGNOSTIC,    15, -5.001216530800e-01, 4.850127152167e-04, 1.0302e+02, 4.2228e+00, 
 2DIAGNOSTIC,    16, -5.001714229584e-01, 2.742567157838e-04, 1.0724e+02, 4.2195e+00, 
 2DIAGNOSTIC,    17, -5.002540946007e-01, 1.868646795629e-04, 1.1146e+02, 4.2237e+00, 
 2DIAGNOSTIC,    18, -5.003767609596e-01, 1.088660792448e-04, 1.1569e+02, 4.2245e+00, 
 2DIAGNOSTIC,    19, -5.005268454552e-01, 6.148680404294e-05, 1.1991e+02, 4.2189e+00, 
 2DIAGNOSTIC,    20, -5.008654594421e-01, 5.322962533683e-05, 1.2618e+02, 6.2750e+00, 
 2DIAGNOSTIC,    21, -5.008962750435e-01, 5.693707498722e-05, 1.3040e+02, 4.2206e+00, 
 2DIAGNOSTIC,    22, -5.009318590164e-01, 6.173107976792e-05, 1.3565e+02, 5.2480e+00, 
 2DIAGNOSTIC,    23, -5.009384155273e-01, 6.074575139792e-05, 1.3986e+02, 4.2132e+00, 
 2DIAGNOSTIC,    24, -5.009522438049e-01, 5.553359369515e-05, 1.4460e+02, 4.7328e+00, 
 2DIAGNOSTIC,    25, -5.009571909904e-01, 4.664661537390e-05, 1.4933e+02, 4.7330e+00, 
 2DIAGNOSTIC,    26, -5.009632110596e-01, 3.540357283782e-05, 1.5509e+02, 5.7627e+00, 
 2DIAGNOSTIC,    27, -5.009654760361e-01, 2.364584361203e-05, 1.5983e+02, 4.7352e+00, 
 2DIAGNOSTIC,    28, -5.009662508965e-01, 1.313505526923e-05, 1.6515e+02, 5.3214e+00, 
 2DIAGNOSTIC,    29, -5.009661316872e-01, 4.998468739359e-06, 1.7201e+02, 6.8632e+00, 
 2DIAGNOSTIC,    30, -5.009662508965e-01, 3.476656729617e-06, 1.7679e+02, 4.7777e+00, 
 2DIAGNOSTIC,    31, -5.009660720825e-01, 2.374228188273e-06, 1.8101e+02, 4.2210e+00, 
 2DIAGNOSTIC,    32, -5.009660124779e-01, 1.847477278716e-06, 1.8574e+02, 4.7318e+00, 
 2DIAGNOSTIC,    33, -5.009658336639e-01, 1.378250090056e-06, 1.9099e+02, 5.2505e+00, 
 2DIAGNOSTIC,    34, -5.009657144547e-01, 1.127439759330e-06, 1.9572e+02, 4.7286e+00, 
  Elapsed time (stage 1): 1.9841e+02


Stage 2
  iterations = 100x70x50x20
  convergence threshold = 1.0000e-06
  convergence window size = 10
  number of levels = 4
  using the CC metric (radius = 4, weight = 1.0000e+00, use gradient filter = 0)
  preprocessing:  winsorizing the image intensities
  Shrink factors (level 1 out of 4): [8, 8, 8]
  Shrink factors (level 2 out of 4): [4, 4, 4]
  Shrink factors (level 3 out of 4): [2, 2, 2]
  Shrink factors (level 4 out of 4): [1, 1, 1]
  smoothing sigmas per level: [3, 2, 1, 0]
  Using default NONE metricSamplingStrategy 

*** Running SyN registration (varianceForUpdateField = 3.0000e+00, varianceForTotalField = 0.0000e+00) ***

XXDIAGNOSTIC,Iteration,metricValue,convergenceValue,ITERATION_TIME_INDEX,SINCE_LAST
 1DIAGNOSTIC,     1, -8.804171085358e-01, inf, 1.8851e+00, 1.8851e+00, 
 1DIAGNOSTIC,     2, -8.927372097969e-01, inf, 2.6412e+00, 7.5615e-01, 
 1DIAGNOSTIC,     3, -9.062036275864e-01, inf, 3.3980e+00, 7.5676e-01, 
 1DIAGNOSTIC,     4, -9.166832566261e-01, inf, 4.1421e+00, 7.4417e-01, 
 1DIAGNOSTIC,     5, -9.248340129852e-01, inf, 4.8820e+00, 7.3989e-01, 
 1DIAGNOSTIC,     6, -9.310043454170e-01, inf, 5.6328e+00, 7.5077e-01, 
 1DIAGNOSTIC,     7, -9.360105991364e-01, inf, 6.3731e+00, 7.4034e-01, 
 1DIAGNOSTIC,     8, -9.401172399521e-01, inf, 7.1122e+00, 7.3910e-01, 
 1DIAGNOSTIC,     9, -9.433137178421e-01, inf, 7.8645e+00, 7.5223e-01, 
 1DIAGNOSTIC,    10, -9.460502266884e-01, 4.433149471879e-03, 8.6044e+00, 7.3998e-01, 
 1DIAGNOSTIC,    11, -9.482108354568e-01, 3.272423287854e-03, 9.3602e+00, 7.5572e-01, 
 1DIAGNOSTIC,    12, -9.499773383141e-01, 2.371297450736e-03, 1.0126e+01, 7.6592e-01, 
 1DIAGNOSTIC,    13, -9.514461755753e-01, 1.745944726281e-03, 1.0865e+01, 7.3882e-01, 
 1DIAGNOSTIC,    14, -9.527343511581e-01, 1.307584694587e-03, 1.1629e+01, 7.6407e-01, 
 1DIAGNOSTIC,    15, -9.538867473602e-01, 9.970243554562e-04, 1.2380e+01, 7.5112e-01, 
 1DIAGNOSTIC,    16, -9.549149274826e-01, 7.703709998168e-04, 1.3136e+01, 7.5571e-01, 
 1DIAGNOSTIC,    17, -9.558539986610e-01, 6.053810939193e-04, 1.3876e+01, 7.3984e-01, 
 1DIAGNOSTIC,    18, -9.566265344620e-01, 4.848302924074e-04, 1.4641e+01, 7.6573e-01, 
 1DIAGNOSTIC,    19, -9.574344158173e-01, 3.956719883718e-04, 1.5409e+01, 7.6747e-01, 
 1DIAGNOSTIC,    20, -9.581037163734e-01, 3.299873496871e-04, 1.6153e+01, 7.4381e-01, 
 1DIAGNOSTIC,    21, -9.588404297829e-01, 2.813966711983e-04, 1.6890e+01, 7.3751e-01, 
 1DIAGNOSTIC,    22, -9.594389796257e-01, 2.432983310428e-04, 1.7645e+01, 7.5453e-01, 
 1DIAGNOSTIC,    23, -9.601119756699e-01, 2.137994742952e-04, 1.8425e+01, 7.7984e-01, 
 1DIAGNOSTIC,    24, -9.606494307518e-01, 1.895671302918e-04, 1.9185e+01, 7.6022e-01, 
 1DIAGNOSTIC,    25, -9.611781239510e-01, 1.696868130239e-04, 1.9926e+01, 7.4133e-01, 
