---------------------
Profiling information

Pipeline: ants registrationSyN-fp
NTHREAD: 1

DATASET: ds004513
SUBJECT_ID: s020

SIF_IMG: /mnt/lustre/mathdugre/containers/ants-debug.simg
DATA_DIR: /mnt/lustre/mathdugre/mri-bottleneck/datasets/ds004513

PROJECT_DIR: /mnt/lustre/mathdugre/mri-bottleneck
PROFILING_DIR: /mnt/lustre/mathdugre/mri-bottleneck/vtune_output/1-threads/ants/registrationSyN-fp/ds004513/sub-s020/SGwZryzNtZouQbvLGVNLC5wLEtC5HCxU
---------------------

Command to profile: bash tmp-scripts/SGwZryzNtZouQbvLGVNLC5wLEtC5HCxU.sh

--------------------------------------------------------------------------------------
 Mapping parameters
--------------------------------------------------------------------------------------
 ANTSPATH is /opt/ants/bin

 Dimensionality:           3
 Output name prefix:       /data/derivatives/ants/registrationSyN-fp/sub-s020/ses-open/anat/
 Fixed images:             /templateflow/tpl-MNI152NLin2009cAsym//tpl-MNI152NLin2009cAsym_res-01_desc-brain_T1w.nii.gz
 Moving images:            /data/derivatives/fsl/fast/sub-s020/ses-open/anat/BrainExtractionBrain_seg.nii.gz
 Mask images:              
 Initial transforms:       
 Number of threads:        1
 Spline distance:          26
 SyN gradient step:        0.1
 Transform type:           s
 CC radius:                4
 Precision:                f
 Use histogram matching    0
 Repro                     0
======================================================================================
 antsRegistration call:
--------------------------------------------------------------------------------------
/opt/ants/bin/antsRegistration --verbose 1 --dimensionality 3 --float 1 --collapse-output-transforms 1 --output [ /data/derivatives/ants/registrationSyN-fp/sub-s020/ses-open/anat/,/data/derivatives/ants/registrationSyN-fp/sub-s020/ses-open/anat/Warped.nii.gz,/data/derivatives/ants/registrationSyN-fp/sub-s020/ses-open/anat/InverseWarped.nii.gz ] --interpolation Linear --use-histogram-matching 0 --winsorize-image-intensities [ 0.005,0.995 ] --initial-moving-transform [ /templateflow/tpl-MNI152NLin2009cAsym//tpl-MNI152NLin2009cAsym_res-01_desc-brain_T1w.nii.gz,/data/derivatives/fsl/fast/sub-s020/ses-open/anat/BrainExtractionBrain_seg.nii.gz,1 ] --transform Rigid[ 0.1 ] --metric MI[ /templateflow/tpl-MNI152NLin2009cAsym//tpl-MNI152NLin2009cAsym_res-01_desc-brain_T1w.nii.gz,/data/derivatives/fsl/fast/sub-s020/ses-open/anat/BrainExtractionBrain_seg.nii.gz,1,32,Regular,0.25 ] --convergence [ 1000x500x250x100,1e-6,10 ] --shrink-factors 8x4x2x1 --smoothing-sigmas 3x2x1x0vox --transform Affine[ 0.1 ] --metric MI[ /templateflow/tpl-MNI152NLin2009cAsym//tpl-MNI152NLin2009cAsym_res-01_desc-brain_T1w.nii.gz,/data/derivatives/fsl/fast/sub-s020/ses-open/anat/BrainExtractionBrain_seg.nii.gz,1,32,Regular,0.25 ] --convergence [ 1000x500x250x100,1e-6,10 ] --shrink-factors 8x4x2x1 --smoothing-sigmas 3x2x1x0vox --transform SyN[ 0.1,3,0 ] --metric CC[ /templateflow/tpl-MNI152NLin2009cAsym//tpl-MNI152NLin2009cAsym_res-01_desc-brain_T1w.nii.gz,/data/derivatives/fsl/fast/sub-s020/ses-open/anat/BrainExtractionBrain_seg.nii.gz,1,4 ] --convergence [ 100x70x50x20,1e-6,10 ] --shrink-factors 8x4x2x1 --smoothing-sigmas 3x2x1x0vox
--------------------------------------------------------------------------------------
All_Command_lines_OK
Using single precision for computations.
=============================================================================
The composite transform comprises the following transforms (in order): 
  1. Center of mass alignment using fixed image: /templateflow/tpl-MNI152NLin2009cAsym//tpl-MNI152NLin2009cAsym_res-01_desc-brain_T1w.nii.gz and moving image: /data/derivatives/fsl/fast/sub-s020/ses-open/anat/BrainExtractionBrain_seg.nii.gz (type = Euler3DTransform)
=============================================================================
  number of levels = 4
  number of levels = 4
  number of levels = 4
  fixed image: /templateflow/tpl-MNI152NLin2009cAsym//tpl-MNI152NLin2009cAsym_res-01_desc-brain_T1w.nii.gz
  moving image: /data/derivatives/fsl/fast/sub-s020/ses-open/anat/BrainExtractionBrain_seg.nii.gz
  fixed image: /templateflow/tpl-MNI152NLin2009cAsym//tpl-MNI152NLin2009cAsym_res-01_desc-brain_T1w.nii.gz
  moving image: /data/derivatives/fsl/fast/sub-s020/ses-open/anat/BrainExtractionBrain_seg.nii.gz
  fixed image: /templateflow/tpl-MNI152NLin2009cAsym//tpl-MNI152NLin2009cAsym_res-01_desc-brain_T1w.nii.gz
  moving image: /data/derivatives/fsl/fast/sub-s020/ses-open/anat/BrainExtractionBrain_seg.nii.gz
Dimension = 3
Number of stages = 3
Use histogram matching = false
Winsorize image intensities = true
  Lower quantile = 0.005
  Upper quantile = 0.995


Stage 1 State
   Image metric = Mattes
     Fixed image = Image (0x55aea49df8b0)
  RTTI typeinfo:   itk::Image<float, 3u>
  Reference Count: 2
  Modified Time: 1721
  Debug: Off
  Object Name: 
  Observers: 
    none
  Source: (none)
  Source output name: (none)
  Release Data: Off
  Data Released: False
  Global Release Data: Off
  PipelineMTime: 0
  UpdateMTime: 1504
  RealTimeStamp: 0 seconds 
  LargestPossibleRegion: 
    Dimension: 3
    Index: [0, 0, 0]
    Size: [193, 229, 193]
  BufferedRegion: 
    Dimension: 3
    Index: [0, 0, 0]
    Size: [193, 229, 193]
  RequestedRegion: 
    Dimension: 3
    Index: [0, 0, 0]
    Size: [193, 229, 193]
  Spacing: [1, 1, 1]
  Origin: [96, 132, -78]
  Direction: 
-1 0 0
0 -1 0
0 0 1

  IndexToPointMatrix: 
-1 0 0
0 -1 0
0 0 1

  PointToIndexMatrix: 
-1 0 0
0 -1 0
0 0 1

  Inverse Direction: 
-1 0 0
0 -1 0
0 0 1

  PixelContainer: 
    ImportImageContainer (0x55aea49e8330)
      RTTI typeinfo:   itk::ImportImageContainer<unsigned long, float>
      Reference Count: 1
      Modified Time: 1501
      Debug: Off
      Object Name: 
      Observers: 
        none
      Pointer: 0x7f6e030d8010
      Container manages memory: true
      Size: 8530021
      Capacity: 8530021

     Moving image = Image (0x55aea49e9220)
  RTTI typeinfo:   itk::Image<float, 3u>
  Reference Count: 2
  Modified Time: 1722
  Debug: Off
  Object Name: 
  Observers: 
    none
  Source: (none)
  Source output name: (none)
  Release Data: Off
  Data Released: False
  Global Release Data: Off
  PipelineMTime: 0
  UpdateMTime: 1719
  RealTimeStamp: 0 seconds 
  LargestPossibleRegion: 
    Dimension: 3
    Index: [0, 0, 0]
    Size: [160, 240, 256]
  BufferedRegion: 
    Dimension: 3
    Index: [0, 0, 0]
    Size: [160, 240, 256]
  RequestedRegion: 
    Dimension: 3
    Index: [0, 0, 0]
    Size: [160, 240, 256]
  Spacing: [0.999995, 1, 1]
  Origin: [87.0906, 98.7205, -152.377]
  Direction: 
-0.996975 0.0261379 -0.0731913
-0.0260677 -0.999658 -0.00191374
-0.0732163 -2.46403e-08 0.997316

  IndexToPointMatrix: 
-0.996971 0.0261379 -0.0731913
-0.0260676 -0.999658 -0.00191374
-0.0732159 -2.46403e-08 0.997316

  PointToIndexMatrix: 
-0.99698 -0.0260679 -0.0732166
0.0261379 -0.999658 -2.46993e-08
-0.0731913 -0.00191374 0.997316

  Inverse Direction: 
-0.996975 -0.0260677 -0.0732163
0.0261379 -0.999658 -2.46993e-08
-0.0731913 -0.00191374 0.997316

  PixelContainer: 
    ImportImageContainer (0x55aea4a6aed0)
      RTTI typeinfo:   itk::ImportImageContainer<unsigned long, float>
      Reference Count: 1
      Modified Time: 1716
      Debug: Off
      Object Name: 
      Observers: 
        none
      Pointer: 0x7f6e00b57010
      Container manages memory: true
      Size: 9830400
      Capacity: 9830400

     Weighting = 1
     Sampling strategy = regular
     Number of bins = 32
     Radius = 4
     Sampling percentage  = 0.25
   Transform = Rigid
     Gradient step = 0.1
     Update field sigma (voxel space) = 0
     Total field sigma (voxel space) = 0
     Update field time sigma = 0
     Total field time sigma  = 0
     Number of time indices = 0
     Number of time point samples = 0
Stage 2 State
   Image metric = Mattes
     Fixed image = Image (0x55aea4a36d00)
  RTTI typeinfo:   itk::Image<float, 3u>
  Reference Count: 2
  Modified Time: 2151
  Debug: Off
  Object Name: 
  Observers: 
    none
  Source: (none)
  Source output name: (none)
  Release Data: Off
  Data Released: False
  Global Release Data: Off
  PipelineMTime: 0
  UpdateMTime: 1934
  RealTimeStamp: 0 seconds 
  LargestPossibleRegion: 
    Dimension: 3
    Index: [0, 0, 0]
    Size: [193, 229, 193]
  BufferedRegion: 
    Dimension: 3
    Index: [0, 0, 0]
    Size: [193, 229, 193]
  RequestedRegion: 
    Dimension: 3
    Index: [0, 0, 0]
    Size: [193, 229, 193]
  Spacing: [1, 1, 1]
  Origin: [96, 132, -78]
  Direction: 
-1 0 0
0 -1 0
0 0 1

  IndexToPointMatrix: 
-1 0 0
0 -1 0
0 0 1

  PointToIndexMatrix: 
-1 0 0
0 -1 0
0 0 1

  Inverse Direction: 
-1 0 0
0 -1 0
0 0 1

  PixelContainer: 
    ImportImageContainer (0x55aea4a37400)
      RTTI typeinfo:   itk::ImportImageContainer<unsigned long, float>
      Reference Count: 1
      Modified Time: 1931
      Debug: Off
      Object Name: 
      Observers: 
        none
      Pointer: 0x7f6dfeacc010
      Container manages memory: true
      Size: 8530021
      Capacity: 8530021

     Moving image = Image (0x55aea4a389b0)
  RTTI typeinfo:   itk::Image<float, 3u>
  Reference Count: 2
  Modified Time: 2152
  Debug: Off
  Object Name: 
  Observers: 
    none
  Source: (none)
  Source output name: (none)
  Release Data: Off
  Data Released: False
  Global Release Data: Off
  PipelineMTime: 0
  UpdateMTime: 2149
  RealTimeStamp: 0 seconds 
  LargestPossibleRegion: 
    Dimension: 3
    Index: [0, 0, 0]
    Size: [160, 240, 256]
  BufferedRegion: 
    Dimension: 3
    Index: [0, 0, 0]
    Size: [160, 240, 256]
  RequestedRegion: 
    Dimension: 3
    Index: [0, 0, 0]
    Size: [160, 240, 256]
  Spacing: [0.999995, 1, 1]
  Origin: [87.0906, 98.7205, -152.377]
  Direction: 
-0.996975 0.0261379 -0.0731913
-0.0260677 -0.999658 -0.00191374
-0.0732163 -2.46403e-08 0.997316

  IndexToPointMatrix: 
-0.996971 0.0261379 -0.0731913
-0.0260676 -0.999658 -0.00191374
-0.0732159 -2.46403e-08 0.997316

  PointToIndexMatrix: 
-0.99698 -0.0260679 -0.0732166
0.0261379 -0.999658 -2.46993e-08
-0.0731913 -0.00191374 0.997316

  Inverse Direction: 
-0.996975 -0.0260677 -0.0732163
0.0261379 -0.999658 -2.46993e-08
-0.0731913 -0.00191374 0.997316

  PixelContainer: 
    ImportImageContainer (0x55aea4aaaf90)
      RTTI typeinfo:   itk::ImportImageContainer<unsigned long, float>
      Reference Count: 1
      Modified Time: 2146
      Debug: Off
      Object Name: 
      Observers: 
        none
      Pointer: 0x7f6dfc54b010
      Container manages memory: true
      Size: 9830400
      Capacity: 9830400

     Weighting = 1
     Sampling strategy = regular
     Number of bins = 32
     Radius = 4
     Sampling percentage  = 0.25
   Transform = Affine
     Gradient step = 0.1
     Update field sigma (voxel space) = 0
     Total field sigma (voxel space) = 0
     Update field time sigma = 0
     Total field time sigma  = 0
     Number of time indices = 0
     Number of time point samples = 0
Stage 3 State
   Image metric = CC
     Fixed image = Image (0x55aea4a32880)
  RTTI typeinfo:   itk::Image<float, 3u>
  Reference Count: 2
  Modified Time: 2581
  Debug: Off
  Object Name: 
  Observers: 
    none
  Source: (none)
  Source output name: (none)
  Release Data: Off
  Data Released: False
  Global Release Data: Off
  PipelineMTime: 0
  UpdateMTime: 2364
  RealTimeStamp: 0 seconds 
  LargestPossibleRegion: 
    Dimension: 3
    Index: [0, 0, 0]
    Size: [193, 229, 193]
  BufferedRegion: 
    Dimension: 3
    Index: [0, 0, 0]
    Size: [193, 229, 193]
  RequestedRegion: 
    Dimension: 3
    Index: [0, 0, 0]
    Size: [193, 229, 193]
  Spacing: [1, 1, 1]
  Origin: [96, 132, -78]
  Direction: 
-1 0 0
0 -1 0
0 0 1

  IndexToPointMatrix: 
-1 0 0
0 -1 0
0 0 1

  PointToIndexMatrix: 
-1 0 0
0 -1 0
0 0 1

  Inverse Direction: 
-1 0 0
0 -1 0
0 0 1

  PixelContainer: 
    ImportImageContainer (0x55aea4b6b150)
      RTTI typeinfo:   itk::ImportImageContainer<unsigned long, float>
      Reference Count: 1
      Modified Time: 2361
      Debug: Off
      Object Name: 
      Observers: 
        none
      Pointer: 0x7f6dfa4c0010
      Container manages memory: true
      Size: 8530021
      Capacity: 8530021

     Moving image = Image (0x55aea4a46400)
  RTTI typeinfo:   itk::Image<float, 3u>
  Reference Count: 2
  Modified Time: 2582
  Debug: Off
  Object Name: 
  Observers: 
    none
  Source: (none)
  Source output name: (none)
  Release Data: Off
  Data Released: False
  Global Release Data: Off
  PipelineMTime: 0
  UpdateMTime: 2579
  RealTimeStamp: 0 seconds 
  LargestPossibleRegion: 
    Dimension: 3
    Index: [0, 0, 0]
    Size: [160, 240, 256]
  BufferedRegion: 
    Dimension: 3
    Index: [0, 0, 0]
    Size: [160, 240, 256]
  RequestedRegion: 
    Dimension: 3
    Index: [0, 0, 0]
    Size: [160, 240, 256]
  Spacing: [0.999995, 1, 1]
  Origin: [87.0906, 98.7205, -152.377]
  Direction: 
-0.996975 0.0261379 -0.0731913
-0.0260677 -0.999658 -0.00191374
-0.0732163 -2.46403e-08 0.997316

  IndexToPointMatrix: 
-0.996971 0.0261379 -0.0731913
-0.0260676 -0.999658 -0.00191374
-0.0732159 -2.46403e-08 0.997316

  PointToIndexMatrix: 
-0.99698 -0.0260679 -0.0732166
0.0261379 -0.999658 -2.46993e-08
-0.0731913 -0.00191374 0.997316

  Inverse Direction: 
-0.996975 -0.0260677 -0.0732163
0.0261379 -0.999658 -2.46993e-08
-0.0731913 -0.00191374 0.997316

  PixelContainer: 
    ImportImageContainer (0x55aea4a31100)
      RTTI typeinfo:   itk::ImportImageContainer<unsigned long, float>
      Reference Count: 1
      Modified Time: 2576
      Debug: Off
      Object Name: 
      Observers: 
        none
      Pointer: 0x7f6df7f3f010
      Container manages memory: true
      Size: 9830400
      Capacity: 9830400

     Weighting = 1
     Sampling strategy = none
     Number of bins = 32
     Radius = 4
     Sampling percentage  = 1
   Transform = SyN
     Gradient step = 0.1
     Update field sigma (voxel space) = 3
     Total field sigma (voxel space) = 0
     Update field time sigma = 0
     Total field time sigma  = 0
     Number of time indices = 0
     Number of time point samples = 0
Registration using 3 total stages.

Stage 0
  iterations = 1000x500x250x100
  convergence threshold = 1e-06
  convergence window size = 10
  number of levels = 4
  using the Mattes MI metric (number of bins = 32, weight = 1, use gradient filter = 0)
  preprocessing:  winsorizing the image intensities
  Shrink factors (level 1 out of 4): [8, 8, 8]
  Shrink factors (level 2 out of 4): [4, 4, 4]
  Shrink factors (level 3 out of 4): [2, 2, 2]
  Shrink factors (level 4 out of 4): [1, 1, 1]
  smoothing sigmas per level: [3, 2, 1, 0]
  regular sampling (percentage = 0.25)

*** Running Euler3DTransform registration ***

DIAGNOSTIC,Iteration,metricValue,convergenceValue,ITERATION_TIME_INDEX,SINCE_LAST
 2DIAGNOSTIC,     1, -4.088753461838e-01, inf, 1.3912e+00, 1.3912e+00, 
 2DIAGNOSTIC,     2, -4.099760651588e-01, inf, 1.3992e+00, 7.9761e-03, 
 2DIAGNOSTIC,     3, -4.125758111477e-01, inf, 1.4067e+00, 7.5021e-03, 
 2DIAGNOSTIC,     4, -4.150069355965e-01, inf, 1.4142e+00, 7.5319e-03, 
 2DIAGNOSTIC,     5, -4.181576073170e-01, inf, 1.4223e+00, 8.0550e-03, 
 2DIAGNOSTIC,     6, -4.344320595264e-01, inf, 1.4313e+00, 9.0220e-03, 
 2DIAGNOSTIC,     7, -4.358244836330e-01, inf, 1.4402e+00, 8.8840e-03, 
 2DIAGNOSTIC,     8, -4.359951913357e-01, inf, 1.4500e+00, 9.7730e-03, 
 2DIAGNOSTIC,     9, -4.362062513828e-01, inf, 1.4585e+00, 8.5390e-03, 
 2DIAGNOSTIC,    10, -4.363484382629e-01, 5.310382694006e-03, 1.4901e+00, 3.1564e-02, 
 2DIAGNOSTIC,    11, -4.366044104099e-01, 4.304774571210e-03, 1.5138e+00, 2.3697e-02, 
 2DIAGNOSTIC,    12, -4.374355375767e-01, 3.188177244738e-03, 1.5343e+00, 2.0519e-02, 
 2DIAGNOSTIC,    13, -4.384068250656e-01, 2.153282519430e-03, 1.5430e+00, 8.7020e-03, 
 2DIAGNOSTIC,    14, -4.387454092503e-01, 1.211256836541e-03, 1.5505e+00, 7.5500e-03, 
 2DIAGNOSTIC,    15, -4.387896656990e-01, 4.094239848200e-04, 1.5580e+00, 7.4840e-03, 
 2DIAGNOSTIC,    16, -4.389613568783e-01, 3.518597513903e-04, 1.5656e+00, 7.5619e-03, 
 2DIAGNOSTIC,    17, -4.391004741192e-01, 3.278909134679e-04, 1.5730e+00, 7.4511e-03, 
 2DIAGNOSTIC,    18, -4.394463300705e-01, 2.946754393633e-04, 1.5850e+00, 1.1940e-02, 
 2DIAGNOSTIC,    19, -4.396325051785e-01, 2.516095992178e-04, 1.5926e+00, 7.5920e-03, 
 2DIAGNOSTIC,    20, -4.396660029888e-01, 1.960759109352e-04, 1.6000e+00, 7.4480e-03, 
 2DIAGNOSTIC,    21, -4.397119581699e-01, 1.371855614707e-04, 1.6085e+00, 8.4879e-03, 
 2DIAGNOSTIC,    22, -4.397445321083e-01, 9.614563168725e-05, 1.6170e+00, 8.5242e-03, 
 2DIAGNOSTIC,    23, -4.398089051247e-01, 7.908689440228e-05, 1.6332e+00, 1.6144e-02, 
 2DIAGNOSTIC,    24, -4.399949908257e-01, 7.048714905977e-05, 1.6450e+00, 1.1879e-02, 
 2DIAGNOSTIC,    25, -4.400019049644e-01, 5.736061211792e-05, 1.6540e+00, 8.9760e-03, 
 2DIAGNOSTIC,    26, -4.400150179863e-01, 4.478280970943e-05, 1.6615e+00, 7.5171e-03, 
 2DIAGNOSTIC,    27, -4.400258958340e-01, 3.256209674873e-05, 1.6690e+00, 7.5140e-03, 
 2DIAGNOSTIC,    28, -4.400938749313e-01, 2.780654540402e-05, 1.6799e+00, 1.0812e-02, 
 2DIAGNOSTIC,    29, -4.400396049023e-01, 2.373511597398e-05, 1.6874e+00, 7.5321e-03, 
 2DIAGNOSTIC,    30, -4.401028454304e-01, 1.994989179366e-05, 1.6952e+00, 7.7820e-03, 
 2DIAGNOSTIC,    31, -4.401096403599e-01, 1.576509203005e-05, 1.7037e+00, 8.5580e-03, 
 2DIAGNOSTIC,    32, -4.401139318943e-01, 1.119746411860e-05, 1.7123e+00, 8.5518e-03, 
 2DIAGNOSTIC,    33, -4.402295053005e-01, 9.407832294528e-06, 1.7240e+00, 1.1754e-02, 
 2DIAGNOSTIC,    34, -4.401852190495e-01, 9.599702934793e-06, 1.7327e+00, 8.6520e-03, 
 2DIAGNOSTIC,    35, -4.401281177998e-01, 8.072567652562e-06, 1.7406e+00, 7.9300e-03, 
 2DIAGNOSTIC,    36, -4.401294291019e-01, 6.253348146856e-06, 1.7567e+00, 1.6052e-02, 
 2DIAGNOSTIC,    37, -4.401324689388e-01, 4.206411631458e-06, 1.7690e+00, 1.2311e-02, 
 2DIAGNOSTIC,    38, -4.401345252991e-01, 3.146862354697e-06, 1.7769e+00, 7.9210e-03, 
DIAGNOSTIC,Iteration,metricValue,convergenceValue,ITERATION_TIME_INDEX,SINCE_LAST
 2DIAGNOSTIC,     1, -3.599108755589e-01, inf, 3.0893e+00, 1.3124e+00, 
 2DIAGNOSTIC,     2, -3.605736494064e-01, inf, 3.1586e+00, 6.9257e-02, 
 2DIAGNOSTIC,     3, -3.616185486317e-01, inf, 3.2273e+00, 6.8693e-02, 
 2DIAGNOSTIC,     4, -3.630894422531e-01, inf, 3.2973e+00, 6.9996e-02, 
 2DIAGNOSTIC,     5, -3.641854822636e-01, inf, 3.3677e+00, 7.0366e-02, 
 2DIAGNOSTIC,     6, -3.653306066990e-01, inf, 3.4386e+00, 7.0912e-02, 
 2DIAGNOSTIC,     7, -3.666869699955e-01, inf, 3.5120e+00, 7.3420e-02, 
 2DIAGNOSTIC,     8, -3.742517232895e-01, inf, 3.5988e+00, 8.6817e-02, 
 2DIAGNOSTIC,     9, -3.772067725658e-01, inf, 3.6727e+00, 7.3863e-02, 
 2DIAGNOSTIC,    10, -3.794774413109e-01, 3.473171498626e-03, 3.7621e+00, 8.9405e-02, 
 2DIAGNOSTIC,    11, -3.829509019852e-01, 3.704303177074e-03, 3.8498e+00, 8.7761e-02, 
 2DIAGNOSTIC,    12, -3.887734115124e-01, 3.970084711909e-03, 3.9257e+00, 7.5822e-02, 
 2DIAGNOSTIC,    13, -4.272581338882e-01, 6.098052021116e-03, 4.0101e+00, 8.4487e-02, 
 2DIAGNOSTIC,    14, -4.359719753265e-01, 7.811471354216e-03, 4.0821e+00, 7.1931e-02, 
 2DIAGNOSTIC,    15, -4.407573342323e-01, 8.860058151186e-03, 4.1730e+00, 9.0927e-02, 
 2DIAGNOSTIC,    16, -4.419753551483e-01, 9.089175611734e-03, 4.2560e+00, 8.2977e-02, 
 2DIAGNOSTIC,    17, -4.469746947289e-01, 8.713838644326e-03, 4.3491e+00, 9.3143e-02, 
 2DIAGNOSTIC,    18, -4.502474963665e-01, 7.988324388862e-03, 4.4278e+00, 7.8670e-02, 
 2DIAGNOSTIC,    19, -4.506634175777e-01, 6.732217036188e-03, 4.4992e+00, 7.1365e-02, 
 2DIAGNOSTIC,    20, -4.523915052414e-01, 5.158753134310e-03, 4.6289e+00, 1.2977e-01, 
 2DIAGNOSTIC,    21, -4.525145590305e-01, 3.410689067096e-03, 4.6983e+00, 6.9381e-02, 
 2DIAGNOSTIC,    22, -4.529225528240e-01, 1.691099139862e-03, 4.7866e+00, 8.8252e-02, 
 2DIAGNOSTIC,    23, -4.529460072517e-01, 1.144581940025e-03, 4.8597e+00, 7.3100e-02, 
 2DIAGNOSTIC,    24, -4.531257152557e-01, 7.980429218151e-04, 4.9405e+00, 8.0824e-02, 
 2DIAGNOSTIC,    25, -4.532111287117e-01, 5.440085660666e-04, 5.0074e+00, 6.6897e-02, 
 2DIAGNOSTIC,    26, -4.534245133400e-01, 2.957905526273e-04, 5.0848e+00, 7.7385e-02, 
 2DIAGNOSTIC,    27, -4.535450041294e-01, 1.686819014139e-04, 5.1908e+00, 1.0606e-01, 
 2DIAGNOSTIC,    28, -4.535803794861e-01, 1.169260722236e-04, 5.2803e+00, 8.9503e-02, 
 2DIAGNOSTIC,    29, -4.535782635212e-01, 6.695026240777e-05, 5.3651e+00, 8.4755e-02, 
 2DIAGNOSTIC,    30, -4.535534679890e-01, 5.308279287419e-05, 5.4447e+00, 7.9590e-02, 
 2DIAGNOSTIC,    31, -4.535361826420e-01, 3.734522033483e-05, 5.5211e+00, 7.6462e-02, 
 2DIAGNOSTIC,    32, -4.535322785378e-01, 2.779947317322e-05, 5.5875e+00, 6.6339e-02, 
 2DIAGNOSTIC,    33, -4.535382986069e-01, 1.690728095127e-05, 5.6645e+00, 7.7039e-02, 
 2DIAGNOSTIC,    34, -4.535337388515e-01, 8.704689207661e-06, 5.7337e+00, 6.9215e-02, 
 2DIAGNOSTIC,    35, -4.535401165485e-01, 1.972583959287e-06, 5.8102e+00, 7.6468e-02, 
DIAGNOSTIC,Iteration,metricValue,convergenceValue,ITERATION_TIME_INDEX,SINCE_LAST
 2DIAGNOSTIC,     1, -3.959614038467e-01, inf, 7.6212e+00, 1.8110e+00, 
 2DIAGNOSTIC,     2, -3.961992859840e-01, inf, 8.1544e+00, 5.3324e-01, 
 2DIAGNOSTIC,     3, -3.964248001575e-01, inf, 8.6901e+00, 5.3570e-01, 
 2DIAGNOSTIC,     4, -3.966763317585e-01, inf, 9.2269e+00, 5.3680e-01, 
 2DIAGNOSTIC,     5, -3.968642652035e-01, inf, 9.7706e+00, 5.4368e-01, 
 2DIAGNOSTIC,     6, -3.974062502384e-01, inf, 1.0328e+01, 5.5718e-01, 
 2DIAGNOSTIC,     7, -3.976503908634e-01, inf, 1.1052e+01, 7.2449e-01, 
 2DIAGNOSTIC,     8, -3.980539739132e-01, inf, 1.1903e+01, 8.5054e-01, 
 2DIAGNOSTIC,     9, -3.982306420803e-01, inf, 1.2454e+01, 5.5103e-01, 
 2DIAGNOSTIC,    10, -3.986027538776e-01, 4.399445315357e-04, 1.3004e+01, 5.5051e-01, 
 2DIAGNOSTIC,    11, -3.988557457924e-01, 4.090335278306e-04, 1.3551e+01, 5.4661e-01, 
 2DIAGNOSTIC,    12, -3.989861905575e-01, 3.683528047986e-04, 1.4203e+01, 6.5187e-01, 
 2DIAGNOSTIC,    13, -3.990187644958e-01, 3.151805431116e-04, 1.4762e+01, 5.5956e-01, 
 2DIAGNOSTIC,    14, -3.990422785282e-01, 2.554741222411e-04, 1.5306e+01, 5.4348e-01, 
 2DIAGNOSTIC,    15, -3.990913629532e-01, 1.913562591653e-04, 1.5995e+01, 6.8895e-01, 
 2DIAGNOSTIC,    16, -3.991234302521e-01, 1.432876015315e-04, 1.6591e+01, 5.9570e-01, 
 2DIAGNOSTIC,    17, -3.991290926933e-01, 9.810252959142e-05, 1.7115e+01, 5.2474e-01, 
 2DIAGNOSTIC,    18, -3.991526365280e-01, 6.614418816753e-05, 1.7712e+01, 5.9680e-01, 
 2DIAGNOSTIC,    19, -3.991633951664e-01, 3.840129647870e-05, 1.8234e+01, 5.2192e-01, 
 2DIAGNOSTIC,    20, -3.992400169373e-01, 2.582536762930e-05, 1.9190e+01, 9.5599e-01, 
 2DIAGNOSTIC,    21, -3.992387354374e-01, 2.056525045191e-05, 1.9797e+01, 6.0668e-01, 
 2DIAGNOSTIC,    22, -3.992402255535e-01, 1.831800182117e-05, 2.0773e+01, 9.7658e-01, 
 2DIAGNOSTIC,    23, -3.992406725883e-01, 1.574940688442e-05, 2.1379e+01, 6.0576e-01, 
 2DIAGNOSTIC,    24, -3.992407619953e-01, 1.270613302040e-05, 2.1984e+01, 6.0517e-01, 
 2DIAGNOSTIC,    25, -3.992401063442e-01, 1.017015893012e-05, 2.2579e+01, 5.9473e-01, 
 2DIAGNOSTIC,    26, -3.992404341698e-01, 7.883424586907e-06, 2.3199e+01, 6.2029e-01, 
 2DIAGNOSTIC,    27, -3.992407321930e-01, 5.314477675711e-06, 2.3794e+01, 5.9489e-01, 
 2DIAGNOSTIC,    28, -3.992395997047e-01, 3.124820750600e-06, 2.4458e+01, 6.6348e-01, 
 2DIAGNOSTIC,    29, -3.992398381233e-01, 1.116494445341e-06, 2.4978e+01, 5.2049e-01, 
 2DIAGNOSTIC,    30, -3.992401659489e-01, 1.071282554221e-06, 2.5573e+01, 5.9511e-01, 
DIAGNOSTIC,Iteration,metricValue,convergenceValue,ITERATION_TIME_INDEX,SINCE_LAST
 2DIAGNOSTIC,     1, -3.672904074192e-01, inf, 2.9654e+01, 4.0812e+00, 
 2DIAGNOSTIC,     2, -3.673818409443e-01, inf, 3.2899e+01, 3.2446e+00, 
 2DIAGNOSTIC,     3, -3.674524128437e-01, inf, 3.6600e+01, 3.7009e+00, 
 2DIAGNOSTIC,     4, -3.675667941570e-01, inf, 4.0754e+01, 4.1540e+00, 
 2DIAGNOSTIC,     5, -3.675775229931e-01, inf, 4.3994e+01, 3.2398e+00, 
 2DIAGNOSTIC,     6, -3.676014244556e-01, inf, 4.7236e+01, 3.2427e+00, 
 2DIAGNOSTIC,     7, -3.676123619080e-01, inf, 5.2791e+01, 5.5545e+00, 
 2DIAGNOSTIC,     8, -3.676149547100e-01, inf, 5.7431e+01, 4.6398e+00, 
 2DIAGNOSTIC,     9, -3.676151633263e-01, inf, 6.1133e+01, 3.7022e+00, 
 2DIAGNOSTIC,    10, -3.676145076752e-01, 5.478181992657e-05, 6.4830e+01, 3.6969e+00, 
 2DIAGNOSTIC,    11, -3.676151633263e-01, 3.299107265775e-05, 6.8527e+01, 3.6969e+00, 
 2DIAGNOSTIC,    12, -3.676147460938e-01, 1.794896706997e-05, 7.1765e+01, 3.2385e+00, 
 2DIAGNOSTIC,    13, -3.676142990589e-01, 7.842515515222e-06, 7.5467e+01, 3.7017e+00, 
 2DIAGNOSTIC,    14, -3.676145672798e-01, 5.031527507526e-06, 7.9194e+01, 3.7272e+00, 
 2DIAGNOSTIC,    15, -3.676141500473e-01, 2.848087433449e-06, 8.2941e+01, 3.7464e+00, 
 2DIAGNOSTIC,    16, -3.676142394543e-01, 2.016896587520e-06, 8.6643e+01, 3.7024e+00, 
 2DIAGNOSTIC,    17, -3.676144480705e-01, 1.784229652912e-06, 9.0345e+01, 3.7018e+00, 
 2DIAGNOSTIC,    18, -3.676138222218e-01, 1.669675270932e-06, 9.3589e+01, 3.2444e+00, 
 2DIAGNOSTIC,    19, -3.676142096519e-01, 1.602143470336e-06, 9.7287e+01, 3.6980e+00, 
 2DIAGNOSTIC,    20, -3.676142692566e-01, 1.523464788988e-06, 1.0099e+02, 3.7045e+00, 
 2DIAGNOSTIC,    21, -3.676138818264e-01, 1.468527329962e-06, 1.0469e+02, 3.7007e+00, 
 2DIAGNOSTIC,    22, -3.676145970821e-01, 1.434298155800e-06, 1.0885e+02, 4.1565e+00, 
 2DIAGNOSTIC,    23, -3.676143288612e-01, 1.379189598083e-06, 1.1302e+02, 4.1741e+00, 
 2DIAGNOSTIC,    24, -3.676144480705e-01, 1.342237851532e-06, 1.1673e+02, 3.7060e+00, 
 2DIAGNOSTIC,    25, -3.676143288612e-01, 1.289890519729e-06, 1.2043e+02, 3.7011e+00, 
 2DIAGNOSTIC,    26, -3.676145076752e-01, 1.247818772754e-06, 1.2413e+02, 3.6963e+00, 
 2DIAGNOSTIC,    27, -3.676144778728e-01, 1.211968651660e-06, 1.2783e+02, 3.7071e+00, 
 2DIAGNOSTIC,    28, -3.676145672798e-01, 1.160291162705e-06, 1.3248e+02, 4.6495e+00, 
 2DIAGNOSTIC,    29, -3.676145374775e-01, 1.119560010920e-06, 1.3624e+02, 3.7611e+00, 
 2DIAGNOSTIC,    30, -3.676144182682e-01, 1.078329091797e-06, 1.3995e+02, 3.7049e+00, 
 2DIAGNOSTIC,    31, -3.676143288612e-01, 1.025676851896e-06, 1.4365e+02, 3.7012e+00, 
  Elapsed time (stage 0): 1.4574e+02


Stage 1
  iterations = 1000x500x250x100
  convergence threshold = 1.0000e-06
  convergence window size = 10
  number of levels = 4
  using the Mattes MI metric (number of bins = 32, weight = 1.0000e+00, use gradient filter = 0)
  preprocessing:  winsorizing the image intensities
  Shrink factors (level 1 out of 4): [8, 8, 8]
  Shrink factors (level 2 out of 4): [4, 4, 4]
  Shrink factors (level 3 out of 4): [2, 2, 2]
  Shrink factors (level 4 out of 4): [1, 1, 1]
  smoothing sigmas per level: [3, 2, 1, 0]
  regular sampling (percentage = 2.5000e-01)

*** Running AffineTransform registration ***

DIAGNOSTIC,Iteration,metricValue,convergenceValue,ITERATION_TIME_INDEX,SINCE_LAST
 2DIAGNOSTIC,     1, -5.514754056931e-01, inf, 1.1745e+00, 1.1745e+00, 
 2DIAGNOSTIC,     2, -5.536257624626e-01, inf, 1.1830e+00, 8.4898e-03, 
 2DIAGNOSTIC,     3, -5.581041574478e-01, inf, 1.1914e+00, 8.3320e-03, 
 2DIAGNOSTIC,     4, -5.674222111702e-01, inf, 1.1999e+00, 8.5492e-03, 
 2DIAGNOSTIC,     5, -5.799596905708e-01, inf, 1.2084e+00, 8.5139e-03, 
 2DIAGNOSTIC,     6, -6.027000546455e-01, inf, 1.2177e+00, 9.2418e-03, 
 2DIAGNOSTIC,     7, -6.622486710548e-01, inf, 1.2308e+00, 1.3114e-02, 
 2DIAGNOSTIC,     8, -6.888228654861e-01, inf, 1.2492e+00, 1.8374e-02, 
 2DIAGNOSTIC,     9, -6.884380578995e-01, inf, 1.2590e+00, 9.8350e-03, 
 2DIAGNOSTIC,    10, -6.884517073631e-01, 1.826280727983e-02, 1.2689e+00, 9.9559e-03, 
 2DIAGNOSTIC,    11, -6.883167028427e-01, 1.640712097287e-02, 1.2789e+00, 9.9418e-03, 
 2DIAGNOSTIC,    12, -6.884662508965e-01, 1.348232664168e-02, 1.2878e+00, 8.9009e-03, 
 2DIAGNOSTIC,    13, -6.886868476868e-01, 9.988263249397e-03, 1.2966e+00, 8.8370e-03, 
 2DIAGNOSTIC,    14, -6.890941262245e-01, 6.469634827226e-03, 1.3073e+00, 1.0683e-02, 
 2DIAGNOSTIC,    15, -6.892356276512e-01, 3.260400611907e-03, 1.3172e+00, 9.9208e-03, 
 2DIAGNOSTIC,    16, -6.893522739410e-01, 7.783107575960e-04, 1.3272e+00, 1.0021e-02, 
 2DIAGNOSTIC,    17, -6.897067427635e-01, 7.023193029454e-05, 1.3360e+00, 8.7779e-03, 
 2DIAGNOSTIC,    18, -6.899528503418e-01, 9.369233885081e-05, 1.3460e+00, 1.0010e-02, 
 2DIAGNOSTIC,    19, -6.905274987221e-01, 1.102171081584e-04, 1.3571e+00, 1.1034e-02, 
 2DIAGNOSTIC,    20, -6.905905008316e-01, 1.165561552625e-04, 1.3670e+00, 9.9120e-03, 
 2DIAGNOSTIC,    21, -6.905218362808e-01, 1.075832842616e-04, 1.3771e+00, 1.0103e-02, 
 2DIAGNOSTIC,    22, -6.905745267868e-01, 9.369759209221e-05, 1.3870e+00, 9.9030e-03, 
 2DIAGNOSTIC,    23, -6.905727386475e-01, 7.627372542629e-05, 1.3975e+00, 1.0549e-02, 
 2DIAGNOSTIC,    24, -6.906148195267e-01, 6.131207192084e-05, 1.4087e+00, 1.1121e-02, 
 2DIAGNOSTIC,    25, -6.905909180641e-01, 4.404303035699e-05, 1.4188e+00, 1.0105e-02, 
 2DIAGNOSTIC,    26, -6.905376911163e-01, 2.526911157474e-05, 1.4276e+00, 8.7979e-03, 
 2DIAGNOSTIC,    27, -6.905209422112e-01, 1.109666573029e-05, 1.4375e+00, 9.9490e-03, 
 2DIAGNOSTIC,    28, -6.905782818794e-01, 1.424945708095e-06, 1.4463e+00, 8.8370e-03, 
DIAGNOSTIC,Iteration,metricValue,convergenceValue,ITERATION_TIME_INDEX,SINCE_LAST
 2DIAGNOSTIC,     1, -5.711029767990e-01, inf, 2.7155e+00, 1.2692e+00, 
 2DIAGNOSTIC,     2, -5.721897482872e-01, inf, 2.7990e+00, 8.3455e-02, 
 2DIAGNOSTIC,     3, -5.739176869392e-01, inf, 2.8824e+00, 8.3428e-02, 
 2DIAGNOSTIC,     4, -5.767061114311e-01, inf, 2.9660e+00, 8.3571e-02, 
 2DIAGNOSTIC,     5, -5.810194015503e-01, inf, 3.0507e+00, 8.4704e-02, 
 2DIAGNOSTIC,     6, -5.865826606750e-01, inf, 3.1359e+00, 8.5161e-02, 
 2DIAGNOSTIC,     7, -5.966694951057e-01, inf, 3.2226e+00, 8.6707e-02, 
 2DIAGNOSTIC,     8, -6.085718274117e-01, inf, 3.3093e+00, 8.6779e-02, 
 2DIAGNOSTIC,     9, -6.228604316711e-01, inf, 3.4115e+00, 1.0216e-01, 
 2DIAGNOSTIC,    10, -6.409038305283e-01, 7.126289885491e-03, 3.5592e+00, 1.4775e-01, 
 2DIAGNOSTIC,    11, -6.472256183624e-01, 7.801454048604e-03, 3.6458e+00, 8.6589e-02, 
 2DIAGNOSTIC,    12, -6.533554792404e-01, 7.941779680550e-03, 3.7324e+00, 8.6513e-02, 
 2DIAGNOSTIC,    13, -6.605504155159e-01, 7.660035975277e-03, 3.8322e+00, 9.9800e-02, 
 2DIAGNOSTIC,    14, -6.998510360718e-01, 8.083046413958e-03, 3.9543e+00, 1.2212e-01, 
 2DIAGNOSTIC,    15, -7.048263549805e-01, 7.955753244460e-03, 4.0855e+00, 1.3122e-01, 
 2DIAGNOSTIC,    16, -7.048298716545e-01, 7.291064597666e-03, 4.2049e+00, 1.1941e-01, 
 2DIAGNOSTIC,    17, -7.048066854477e-01, 6.332866847515e-03, 4.3011e+00, 9.6231e-02, 
 2DIAGNOSTIC,    18, -7.048236131668e-01, 5.201441235840e-03, 4.3974e+00, 9.6236e-02, 
 2DIAGNOSTIC,    19, -7.048072218895e-01, 4.032817203552e-03, 4.5050e+00, 1.0760e-01, 
 2DIAGNOSTIC,    20, -7.048026323318e-01, 3.015057649463e-03, 4.6015e+00, 9.6568e-02, 
 2DIAGNOSTIC,    21, -7.047963738441e-01, 1.967903925106e-03, 4.6866e+00, 8.5062e-02, 
 2DIAGNOSTIC,    22, -7.047948241234e-01, 9.710424346849e-04, 4.7828e+00, 9.6237e-02, 
 2DIAGNOSTIC,    23, -7.047773003578e-01, 9.418921399629e-05, 4.8704e+00, 8.7516e-02, 
DIAGNOSTIC,Iteration,metricValue,convergenceValue,ITERATION_TIME_INDEX,SINCE_LAST
 2DIAGNOSTIC,     1, -5.860033631325e-01, inf, 6.8603e+00, 1.9899e+00, 
 2DIAGNOSTIC,     2, -5.865262150764e-01, inf, 7.5514e+00, 6.9111e-01, 
 2DIAGNOSTIC,     3, -5.870509147644e-01, inf, 8.2449e+00, 6.9349e-01, 
 2DIAGNOSTIC,     4, -5.875758528709e-01, inf, 8.9509e+00, 7.0600e-01, 
 2DIAGNOSTIC,     5, -5.882337689400e-01, inf, 9.7440e+00, 7.9312e-01, 
 2DIAGNOSTIC,     6, -5.888983011246e-01, inf, 1.0791e+01, 1.0470e+00, 
 2DIAGNOSTIC,     7, -5.889040231705e-01, inf, 1.1564e+01, 7.7262e-01, 
 2DIAGNOSTIC,     8, -5.889012217522e-01, inf, 1.2570e+01, 1.0061e+00, 
 2DIAGNOSTIC,     9, -5.889008641243e-01, inf, 1.3340e+01, 7.7024e-01, 
 2DIAGNOSTIC,    10, -5.889003276825e-01, 3.415555693209e-04, 1.4113e+01, 7.7277e-01, 
 2DIAGNOSTIC,    11, -5.888996124268e-01, 2.327605325263e-04, 1.4900e+01, 7.8734e-01, 
 2DIAGNOSTIC,    12, -5.888990759850e-01, 1.425239315722e-04, 1.5934e+01, 1.0339e+00, 
 2DIAGNOSTIC,    13, -5.888991951942e-01, 7.320436998270e-05, 1.6796e+01, 8.6156e-01, 
 2DIAGNOSTIC,    14, -5.888991355896e-01, 2.511482125556e-05, 1.7568e+01, 7.7220e-01, 
 2DIAGNOSTIC,    15, -5.888988971710e-01, 1.928018491526e-06, 1.8339e+01, 7.7099e-01, 
 2DIAGNOSTIC,    16, -5.888981223106e-01, 1.695288005976e-06, 1.9128e+01, 7.8939e-01, 
 2DIAGNOSTIC,    17, -5.888982415199e-01, 1.685827328402e-06, 1.9922e+01, 7.9407e-01, 
 2DIAGNOSTIC,    18, -5.888981223106e-01, 1.615671294530e-06, 2.0695e+01, 7.7268e-01, 
 2DIAGNOSTIC,    19, -5.888971090317e-01, 1.532028818474e-06, 2.1468e+01, 7.7329e-01, 
 2DIAGNOSTIC,    20, -5.888973474503e-01, 1.464168349230e-06, 2.2266e+01, 7.9818e-01, 
 2DIAGNOSTIC,    21, -5.888973474503e-01, 1.398401082042e-06, 2.3115e+01, 8.4833e-01, 
 2DIAGNOSTIC,    22, -5.888974070549e-01, 1.338670585938e-06, 2.3899e+01, 7.8439e-01, 
 2DIAGNOSTIC,    23, -5.888963341713e-01, 1.274110559280e-06, 2.4672e+01, 7.7311e-01, 
 2DIAGNOSTIC,    24, -5.888963937759e-01, 1.226186668646e-06, 2.5489e+01, 8.1648e-01, 
 2DIAGNOSTIC,    25, -5.888963937759e-01, 1.187042585116e-06, 2.6262e+01, 7.7363e-01, 
 2DIAGNOSTIC,    26, -5.888963341713e-01, 1.142784526564e-06, 2.7091e+01, 8.2835e-01, 
 2DIAGNOSTIC,    27, -5.888963937759e-01, 1.112685936278e-06, 2.7863e+01, 7.7219e-01, 
 2DIAGNOSTIC,    28, -5.888966321945e-01, 1.093844844036e-06, 2.8646e+01, 7.8316e-01, 
 2DIAGNOSTIC,    29, -5.888964533806e-01, 1.060336217051e-06, 2.9436e+01, 7.9042e-01, 
 2DIAGNOSTIC,    30, -5.888966321945e-01, 1.039163748828e-06, 3.0221e+01, 7.8447e-01, 
 2DIAGNOSTIC,    31, -5.888966321945e-01, 1.021159505399e-06, 3.1004e+01, 7.8336e-01, 
 2DIAGNOSTIC,    32, -5.888965725899e-01, 1.005238345897e-06, 3.1803e+01, 7.9886e-01, 
DIAGNOSTIC,Iteration,metricValue,convergenceValue,ITERATION_TIME_INDEX,SINCE_LAST
 2DIAGNOSTIC,     1, -5.205508470535e-01, inf, 3.7094e+01, 5.2905e+00, 
 2DIAGNOSTIC,     2, -5.208501219749e-01, inf, 4.1396e+01, 4.3021e+00, 
 2DIAGNOSTIC,     3, -5.210782289505e-01, inf, 4.5702e+01, 4.3060e+00, 
 2DIAGNOSTIC,     4, -5.213937759399e-01, inf, 5.0005e+01, 4.3037e+00, 
 2DIAGNOSTIC,     5, -5.224907398224e-01, inf, 5.7416e+01, 7.4102e+00, 
 2DIAGNOSTIC,     6, -5.224993228912e-01, inf, 6.5345e+01, 7.9290e+00, 
 2DIAGNOSTIC,     7, -5.224993228912e-01, inf, 7.0157e+01, 4.8123e+00, 
 2DIAGNOSTIC,     8, -5.224990844727e-01, inf, 7.5488e+01, 5.3310e+00, 
 2DIAGNOSTIC,     9, -5.224985480309e-01, inf, 8.0300e+01, 4.8124e+00, 
 2DIAGNOSTIC,    10, -5.224986076355e-01, 2.701874764170e-04, 8.5175e+01, 4.8745e+00, 
 2DIAGNOSTIC,    11, -5.224990844727e-01, 1.845412189141e-04, 8.9984e+01, 4.8092e+00, 
 2DIAGNOSTIC,    12, -5.224984884262e-01, 1.111348465201e-04, 9.4790e+01, 4.8061e+00, 
 2DIAGNOSTIC,    13, -5.224984884262e-01, 4.897291728412e-05, 9.9597e+01, 4.8072e+00, 
 2DIAGNOSTIC,    14, -5.224989056587e-01, 2.540826699260e-06, 1.0440e+02, 4.8024e+00, 
 2DIAGNOSTIC,    15, -5.224984884262e-01, 2.065470425805e-06, 1.0921e+02, 4.8085e+00, 
 2DIAGNOSTIC,    16, -5.224983096123e-01, 1.940692527569e-06, 1.1458e+02, 5.3758e+00, 
 2DIAGNOSTIC,    17, -5.224984884262e-01, 1.841357970989e-06, 1.1940e+02, 4.8196e+00, 
 2DIAGNOSTIC,    18, -5.224985480309e-01, 1.750850856297e-06, 1.2421e+02, 4.8042e+00, 
 2DIAGNOSTIC,    19, -5.224983692169e-01, 1.650621015870e-06, 1.2901e+02, 4.8021e+00, 
 2DIAGNOSTIC,    20, -5.224984288216e-01, 1.565788920743e-06, 1.3381e+02, 4.8003e+00, 
 2DIAGNOSTIC,    21, -5.224988460541e-01, 1.515245799055e-06, 1.3862e+02, 4.8055e+00, 
 2DIAGNOSTIC,    22, -5.224987268448e-01, 1.451182811252e-06, 1.4347e+02, 4.8575e+00, 
 2DIAGNOSTIC,    23, -5.224985480309e-01, 1.387768406858e-06, 1.4880e+02, 5.3295e+00, 
 2DIAGNOSTIC,    24, -5.224987268448e-01, 1.343363919659e-06, 1.5415e+02, 5.3514e+00, 
 2DIAGNOSTIC,    25, -5.224986672401e-01, 1.290446789426e-06, 1.5899e+02, 4.8342e+00, 
 2DIAGNOSTIC,    26, -5.224986076355e-01, 1.234694309460e-06, 1.6327e+02, 4.2840e+00, 
 2DIAGNOSTIC,    27, -5.224984288216e-01, 1.182110167974e-06, 1.6860e+02, 5.3249e+00, 
 2DIAGNOSTIC,    28, -5.224983096123e-01, 1.132166175921e-06, 1.7342e+02, 4.8276e+00, 
 2DIAGNOSTIC,    29, -5.224983692169e-01, 1.083835968529e-06, 1.7826e+02, 4.8365e+00, 
 2DIAGNOSTIC,    30, -5.224982500076e-01, 1.038528921526e-06, 1.8308e+02, 4.8176e+00, 
 2DIAGNOSTIC,    31, -5.224982500076e-01, 1.005717763292e-06, 1.8791e+02, 4.8275e+00, 
  Elapsed time (stage 1): 1.9061e+02


Stage 2
  iterations = 100x70x50x20
  convergence threshold = 1.0000e-06
  convergence window size = 10
  number of levels = 4
  using the CC metric (radius = 4, weight = 1.0000e+00, use gradient filter = 0)
  preprocessing:  winsorizing the image intensities
  Shrink factors (level 1 out of 4): [8, 8, 8]
  Shrink factors (level 2 out of 4): [4, 4, 4]
  Shrink factors (level 3 out of 4): [2, 2, 2]
  Shrink factors (level 4 out of 4): [1, 1, 1]
  smoothing sigmas per level: [3, 2, 1, 0]
  Using default NONE metricSamplingStrategy 

*** Running SyN registration (varianceForUpdateField = 3.0000e+00, varianceForTotalField = 0.0000e+00) ***

XXDIAGNOSTIC,Iteration,metricValue,convergenceValue,ITERATION_TIME_INDEX,SINCE_LAST
 1DIAGNOSTIC,     1, -9.071778655052e-01, inf, 1.8707e+00, 1.8707e+00, 
 1DIAGNOSTIC,     2, -9.128235578537e-01, inf, 2.6435e+00, 7.7280e-01, 
 1DIAGNOSTIC,     3, -9.182802438736e-01, inf, 3.3809e+00, 7.3744e-01, 
 1DIAGNOSTIC,     4, -9.219996333122e-01, inf, 4.1157e+00, 7.3479e-01, 
 1DIAGNOSTIC,     5, -9.247964620590e-01, inf, 4.8888e+00, 7.7308e-01, 
 1DIAGNOSTIC,     6, -9.269250631332e-01, inf, 5.6234e+00, 7.3457e-01, 
 1DIAGNOSTIC,     7, -9.288288354874e-01, inf, 6.3608e+00, 7.3741e-01, 
 1DIAGNOSTIC,     8, -9.304519891739e-01, inf, 7.1141e+00, 7.5334e-01, 
 1DIAGNOSTIC,     9, -9.317624568939e-01, inf, 7.8538e+00, 7.3962e-01, 
 1DIAGNOSTIC,    10, -9.328764081001e-01, 1.675021252595e-03, 8.5905e+00, 7.3671e-01, 
 1DIAGNOSTIC,    11, -9.337785243988e-01, 1.219019643031e-03, 9.3296e+00, 7.3909e-01, 
 1DIAGNOSTIC,    12, -9.347310066223e-01, 8.969347109087e-04, 1.0071e+01, 7.4193e-01, 
 1DIAGNOSTIC,    13, -9.354104399681e-01, 6.872075609863e-04, 1.0811e+01, 7.3962e-01, 
 1DIAGNOSTIC,    14, -9.360092282295e-01, 5.390538717620e-04, 1.1552e+01, 7.4078e-01, 
 1DIAGNOSTIC,    15, -9.365586042404e-01, 4.295519320294e-04, 1.2290e+01, 7.3792e-01, 
 1DIAGNOSTIC,    16, -9.370570182800e-01, 3.443097230047e-04, 1.3031e+01, 7.4138e-01, 
 1DIAGNOSTIC,    17, -9.375059604645e-01, 2.794559404720e-04, 1.3770e+01, 7.3908e-01, 
 1DIAGNOSTIC,    18, -9.379183053970e-01, 2.304109220859e-04, 1.4536e+01, 7.6601e-01, 
 1DIAGNOSTIC,    19, -9.382992982864e-01, 1.923135423567e-04, 1.5300e+01, 7.6351e-01, 
 1DIAGNOSTIC,    20, -9.386489987373e-01, 1.624799333513e-04, 1.6040e+01, 7.3977e-01, 
 1DIAGNOSTIC,    21, -9.389740824699e-01, 1.380851026624e-04, 1.6779e+01, 7.3938e-01, 
 1DIAGNOSTIC,    22, -9.392763376236e-01, 1.204101645271e-04, 1.7522e+01, 7.4295e-01, 
 1DIAGNOSTIC,    23, -9.395613670349e-01, 1.058031266439e-04, 1.8276e+01, 7.5416e-01, 
 1DIAGNOSTIC,    24, -9.397949576378e-01, 9.308056905866e-05, 1.9043e+01, 7.6687e-01, 
 1DIAGNOSTIC,    25, -9.400487542152e-01, 8.245849312516e-05, 1.9801e+01, 7.5764e-01, 
 1DIAGNOSTIC,    26, -9.402902126312e-01, 7.359174924204e-05, 2.0552e+01, 7.5135e-01, 
 1DIAGNOSTIC,    27, -9.405070543289e-01, 6.598672916880e-05, 2.1315e+01, 7.6265e-01, 
 1DIAGNOSTIC,    28, -9.407150745392e-01, 5.948826219537e-05, 2.2069e+01, 7.5467e-01, 
 1DIAGNOSTIC,    29, -9.409109354019e-01, 5.392218008637e-05, 2.2819e+01, 7.4998e-01, 
 1DIAGNOSTIC,    30, -9.410911202431e-01, 4.904749221168e-05, 2.3560e+01, 7.4071e-01, 
 1DIAGNOSTIC,    31, -9.413191080093e-01, 4.531417289400e-05, 2.4298e+01, 7.3794e-01, 
 1DIAGNOSTIC,    32, -9.414843916893e-01, 4.199370960123e-05, 2.5039e+01, 7.4128e-01, 
