---------------------
Profiling information

Pipeline: ants registrationSyN-fp
NTHREAD: 1

DATASET: ds004513
SUBJECT_ID: s037

SIF_IMG: /mnt/lustre/mathdugre/containers/ants-debug.simg
DATA_DIR: /mnt/lustre/mathdugre/mri-bottleneck/datasets/ds004513

PROJECT_DIR: /mnt/lustre/mathdugre/mri-bottleneck
PROFILING_DIR: /mnt/lustre/mathdugre/mri-bottleneck/vtune_output/1-threads/ants/registrationSyN-fp/ds004513/sub-s037/NamjEOLWnrNieniTud2Y0C97q5To47za
---------------------

Command to profile: bash tmp-scripts/NamjEOLWnrNieniTud2Y0C97q5To47za.sh

--------------------------------------------------------------------------------------
 Mapping parameters
--------------------------------------------------------------------------------------
 ANTSPATH is /opt/ants/bin

 Dimensionality:           3
 Output name prefix:       /data/derivatives/ants/registrationSyN-fp/sub-s037/ses-open/anat/
 Fixed images:             /templateflow/tpl-MNI152NLin2009cAsym//tpl-MNI152NLin2009cAsym_res-01_desc-brain_T1w.nii.gz
 Moving images:            /data/derivatives/fsl/fast/sub-s037/ses-open/anat/BrainExtractionBrain_seg.nii.gz
 Mask images:              
 Initial transforms:       
 Number of threads:        1
 Spline distance:          26
 SyN gradient step:        0.1
 Transform type:           s
 CC radius:                4
 Precision:                f
 Use histogram matching    0
 Repro                     0
======================================================================================
 antsRegistration call:
--------------------------------------------------------------------------------------
/opt/ants/bin/antsRegistration --verbose 1 --dimensionality 3 --float 1 --collapse-output-transforms 1 --output [ /data/derivatives/ants/registrationSyN-fp/sub-s037/ses-open/anat/,/data/derivatives/ants/registrationSyN-fp/sub-s037/ses-open/anat/Warped.nii.gz,/data/derivatives/ants/registrationSyN-fp/sub-s037/ses-open/anat/InverseWarped.nii.gz ] --interpolation Linear --use-histogram-matching 0 --winsorize-image-intensities [ 0.005,0.995 ] --initial-moving-transform [ /templateflow/tpl-MNI152NLin2009cAsym//tpl-MNI152NLin2009cAsym_res-01_desc-brain_T1w.nii.gz,/data/derivatives/fsl/fast/sub-s037/ses-open/anat/BrainExtractionBrain_seg.nii.gz,1 ] --transform Rigid[ 0.1 ] --metric MI[ /templateflow/tpl-MNI152NLin2009cAsym//tpl-MNI152NLin2009cAsym_res-01_desc-brain_T1w.nii.gz,/data/derivatives/fsl/fast/sub-s037/ses-open/anat/BrainExtractionBrain_seg.nii.gz,1,32,Regular,0.25 ] --convergence [ 1000x500x250x100,1e-6,10 ] --shrink-factors 8x4x2x1 --smoothing-sigmas 3x2x1x0vox --transform Affine[ 0.1 ] --metric MI[ /templateflow/tpl-MNI152NLin2009cAsym//tpl-MNI152NLin2009cAsym_res-01_desc-brain_T1w.nii.gz,/data/derivatives/fsl/fast/sub-s037/ses-open/anat/BrainExtractionBrain_seg.nii.gz,1,32,Regular,0.25 ] --convergence [ 1000x500x250x100,1e-6,10 ] --shrink-factors 8x4x2x1 --smoothing-sigmas 3x2x1x0vox --transform SyN[ 0.1,3,0 ] --metric CC[ /templateflow/tpl-MNI152NLin2009cAsym//tpl-MNI152NLin2009cAsym_res-01_desc-brain_T1w.nii.gz,/data/derivatives/fsl/fast/sub-s037/ses-open/anat/BrainExtractionBrain_seg.nii.gz,1,4 ] --convergence [ 100x70x50x20,1e-6,10 ] --shrink-factors 8x4x2x1 --smoothing-sigmas 3x2x1x0vox
--------------------------------------------------------------------------------------
All_Command_lines_OK
Using single precision for computations.
=============================================================================
The composite transform comprises the following transforms (in order): 
  1. Center of mass alignment using fixed image: /templateflow/tpl-MNI152NLin2009cAsym//tpl-MNI152NLin2009cAsym_res-01_desc-brain_T1w.nii.gz and moving image: /data/derivatives/fsl/fast/sub-s037/ses-open/anat/BrainExtractionBrain_seg.nii.gz (type = Euler3DTransform)
=============================================================================
  number of levels = 4
  number of levels = 4
  number of levels = 4
  fixed image: /templateflow/tpl-MNI152NLin2009cAsym//tpl-MNI152NLin2009cAsym_res-01_desc-brain_T1w.nii.gz
  moving image: /data/derivatives/fsl/fast/sub-s037/ses-open/anat/BrainExtractionBrain_seg.nii.gz
  fixed image: /templateflow/tpl-MNI152NLin2009cAsym//tpl-MNI152NLin2009cAsym_res-01_desc-brain_T1w.nii.gz
  moving image: /data/derivatives/fsl/fast/sub-s037/ses-open/anat/BrainExtractionBrain_seg.nii.gz
  fixed image: /templateflow/tpl-MNI152NLin2009cAsym//tpl-MNI152NLin2009cAsym_res-01_desc-brain_T1w.nii.gz
  moving image: /data/derivatives/fsl/fast/sub-s037/ses-open/anat/BrainExtractionBrain_seg.nii.gz
Dimension = 3
Number of stages = 3
Use histogram matching = false
Winsorize image intensities = true
  Lower quantile = 0.005
  Upper quantile = 0.995


Stage 1 State
   Image metric = Mattes
     Fixed image = Image (0x5601b819d8b0)
  RTTI typeinfo:   itk::Image<float, 3u>
  Reference Count: 2
  Modified Time: 1717
  Debug: Off
  Object Name: 
  Observers: 
    none
  Source: (none)
  Source output name: (none)
  Release Data: Off
  Data Released: False
  Global Release Data: Off
  PipelineMTime: 0
  UpdateMTime: 1502
  RealTimeStamp: 0 seconds 
  LargestPossibleRegion: 
    Dimension: 3
    Index: [0, 0, 0]
    Size: [193, 229, 193]
  BufferedRegion: 
    Dimension: 3
    Index: [0, 0, 0]
    Size: [193, 229, 193]
  RequestedRegion: 
    Dimension: 3
    Index: [0, 0, 0]
    Size: [193, 229, 193]
  Spacing: [1, 1, 1]
  Origin: [96, 132, -78]
  Direction: 
-1 0 0
0 -1 0
0 0 1

  IndexToPointMatrix: 
-1 0 0
0 -1 0
0 0 1

  PointToIndexMatrix: 
-1 0 0
0 -1 0
0 0 1

  Inverse Direction: 
-1 0 0
0 -1 0
0 0 1

  PixelContainer: 
    ImportImageContainer (0x5601b81a6330)
      RTTI typeinfo:   itk::ImportImageContainer<unsigned long, float>
      Reference Count: 1
      Modified Time: 1499
      Debug: Off
      Object Name: 
      Observers: 
        none
      Pointer: 0x7f2b9f201010
      Container manages memory: true
      Size: 8530021
      Capacity: 8530021

     Moving image = Image (0x5601b81a7220)
  RTTI typeinfo:   itk::Image<float, 3u>
  Reference Count: 2
  Modified Time: 1718
  Debug: Off
  Object Name: 
  Observers: 
    none
  Source: (none)
  Source output name: (none)
  Release Data: Off
  Data Released: False
  Global Release Data: Off
  PipelineMTime: 0
  UpdateMTime: 1715
  RealTimeStamp: 0 seconds 
  LargestPossibleRegion: 
    Dimension: 3
    Index: [0, 0, 0]
    Size: [160, 240, 256]
  BufferedRegion: 
    Dimension: 3
    Index: [0, 0, 0]
    Size: [160, 240, 256]
  RequestedRegion: 
    Dimension: 3
    Index: [0, 0, 0]
    Size: [160, 240, 256]
  Spacing: [1, 1, 1]
  Origin: [87.9508, 102.562, -147.639]
  Direction: 
-0.998659 -0.0436121 -0.0279129
0.043595 -0.999049 0.00121847
-0.0279395 -2.65543e-08 0.99961

  IndexToPointMatrix: 
-0.998659 -0.0436121 -0.0279129
0.043595 -0.999049 0.00121847
-0.0279395 -2.65543e-08 0.99961

  PointToIndexMatrix: 
-0.998659 0.043595 -0.0279395
-0.0436121 -0.999049 -2.65517e-08
-0.0279129 0.00121847 0.99961

  Inverse Direction: 
-0.998659 0.043595 -0.0279395
-0.0436121 -0.999049 -2.65517e-08
-0.0279129 0.00121847 0.99961

  PixelContainer: 
    ImportImageContainer (0x5601b8268fd0)
      RTTI typeinfo:   itk::ImportImageContainer<unsigned long, float>
      Reference Count: 1
      Modified Time: 1712
      Debug: Off
      Object Name: 
      Observers: 
        none
      Pointer: 0x7f2b9cc80010
      Container manages memory: true
      Size: 9830400
      Capacity: 9830400

     Weighting = 1
     Sampling strategy = regular
     Number of bins = 32
     Radius = 4
     Sampling percentage  = 0.25
   Transform = Rigid
     Gradient step = 0.1
     Update field sigma (voxel space) = 0
     Total field sigma (voxel space) = 0
     Update field time sigma = 0
     Total field time sigma  = 0
     Number of time indices = 0
     Number of time point samples = 0
Stage 2 State
   Image metric = Mattes
     Fixed image = Image (0x5601b81f0ba0)
  RTTI typeinfo:   itk::Image<float, 3u>
  Reference Count: 2
  Modified Time: 2145
  Debug: Off
  Object Name: 
  Observers: 
    none
  Source: (none)
  Source output name: (none)
  Release Data: Off
  Data Released: False
  Global Release Data: Off
  PipelineMTime: 0
  UpdateMTime: 1930
  RealTimeStamp: 0 seconds 
  LargestPossibleRegion: 
    Dimension: 3
    Index: [0, 0, 0]
    Size: [193, 229, 193]
  BufferedRegion: 
    Dimension: 3
    Index: [0, 0, 0]
    Size: [193, 229, 193]
  RequestedRegion: 
    Dimension: 3
    Index: [0, 0, 0]
    Size: [193, 229, 193]
  Spacing: [1, 1, 1]
  Origin: [96, 132, -78]
  Direction: 
-1 0 0
0 -1 0
0 0 1

  IndexToPointMatrix: 
-1 0 0
0 -1 0
0 0 1

  PointToIndexMatrix: 
-1 0 0
0 -1 0
0 0 1

  Inverse Direction: 
-1 0 0
0 -1 0
0 0 1

  PixelContainer: 
    ImportImageContainer (0x5601b81f1d40)
      RTTI typeinfo:   itk::ImportImageContainer<unsigned long, float>
      Reference Count: 1
      Modified Time: 1927
      Debug: Off
      Object Name: 
      Observers: 
        none
      Pointer: 0x7f2b9abf5010
      Container manages memory: true
      Size: 8530021
      Capacity: 8530021

     Moving image = Image (0x5601b81ff490)
  RTTI typeinfo:   itk::Image<float, 3u>
  Reference Count: 2
  Modified Time: 2146
  Debug: Off
  Object Name: 
  Observers: 
    none
  Source: (none)
  Source output name: (none)
  Release Data: Off
  Data Released: False
  Global Release Data: Off
  PipelineMTime: 0
  UpdateMTime: 2143
  RealTimeStamp: 0 seconds 
  LargestPossibleRegion: 
    Dimension: 3
    Index: [0, 0, 0]
    Size: [160, 240, 256]
  BufferedRegion: 
    Dimension: 3
    Index: [0, 0, 0]
    Size: [160, 240, 256]
  RequestedRegion: 
    Dimension: 3
    Index: [0, 0, 0]
    Size: [160, 240, 256]
  Spacing: [1, 1, 1]
  Origin: [87.9508, 102.562, -147.639]
  Direction: 
-0.998659 -0.0436121 -0.0279129
0.043595 -0.999049 0.00121847
-0.0279395 -2.65543e-08 0.99961

  IndexToPointMatrix: 
-0.998659 -0.0436121 -0.0279129
0.043595 -0.999049 0.00121847
-0.0279395 -2.65543e-08 0.99961

  PointToIndexMatrix: 
-0.998659 0.043595 -0.0279395
-0.0436121 -0.999049 -2.65517e-08
-0.0279129 0.00121847 0.99961

  Inverse Direction: 
-0.998659 0.043595 -0.0279395
-0.0436121 -0.999049 -2.65517e-08
-0.0279129 0.00121847 0.99961

  PixelContainer: 
    ImportImageContainer (0x5601b8329150)
      RTTI typeinfo:   itk::ImportImageContainer<unsigned long, float>
      Reference Count: 1
      Modified Time: 2140
      Debug: Off
      Object Name: 
      Observers: 
        none
      Pointer: 0x7f2b98674010
      Container manages memory: true
      Size: 9830400
      Capacity: 9830400

     Weighting = 1
     Sampling strategy = regular
     Number of bins = 32
     Radius = 4
     Sampling percentage  = 0.25
   Transform = Affine
     Gradient step = 0.1
     Update field sigma (voxel space) = 0
     Total field sigma (voxel space) = 0
     Update field time sigma = 0
     Total field time sigma  = 0
     Number of time indices = 0
     Number of time point samples = 0
Stage 3 State
   Image metric = CC
     Fixed image = Image (0x5601b81ef8d0)
  RTTI typeinfo:   itk::Image<float, 3u>
  Reference Count: 2
  Modified Time: 2573
  Debug: Off
  Object Name: 
  Observers: 
    none
  Source: (none)
  Source output name: (none)
  Release Data: Off
  Data Released: False
  Global Release Data: Off
  PipelineMTime: 0
  UpdateMTime: 2358
  RealTimeStamp: 0 seconds 
  LargestPossibleRegion: 
    Dimension: 3
    Index: [0, 0, 0]
    Size: [193, 229, 193]
  BufferedRegion: 
    Dimension: 3
    Index: [0, 0, 0]
    Size: [193, 229, 193]
  RequestedRegion: 
    Dimension: 3
    Index: [0, 0, 0]
    Size: [193, 229, 193]
  Spacing: [1, 1, 1]
  Origin: [96, 132, -78]
  Direction: 
-1 0 0
0 -1 0
0 0 1

  IndexToPointMatrix: 
-1 0 0
0 -1 0
0 0 1

  PointToIndexMatrix: 
-1 0 0
0 -1 0
0 0 1

  Inverse Direction: 
-1 0 0
0 -1 0
0 0 1

  PixelContainer: 
    ImportImageContainer (0x5601b8202400)
      RTTI typeinfo:   itk::ImportImageContainer<unsigned long, float>
      Reference Count: 1
      Modified Time: 2355
      Debug: Off
      Object Name: 
      Observers: 
        none
      Pointer: 0x7f2b965e9010
      Container manages memory: true
      Size: 8530021
      Capacity: 8530021

     Moving image = Image (0x5601b8201a00)
  RTTI typeinfo:   itk::Image<float, 3u>
  Reference Count: 2
  Modified Time: 2574
  Debug: Off
  Object Name: 
  Observers: 
    none
  Source: (none)
  Source output name: (none)
  Release Data: Off
  Data Released: False
  Global Release Data: Off
  PipelineMTime: 0
  UpdateMTime: 2571
  RealTimeStamp: 0 seconds 
  LargestPossibleRegion: 
    Dimension: 3
    Index: [0, 0, 0]
    Size: [160, 240, 256]
  BufferedRegion: 
    Dimension: 3
    Index: [0, 0, 0]
    Size: [160, 240, 256]
  RequestedRegion: 
    Dimension: 3
    Index: [0, 0, 0]
    Size: [160, 240, 256]
  Spacing: [1, 1, 1]
  Origin: [87.9508, 102.562, -147.639]
  Direction: 
-0.998659 -0.0436121 -0.0279129
0.043595 -0.999049 0.00121847
-0.0279395 -2.65543e-08 0.99961

  IndexToPointMatrix: 
-0.998659 -0.0436121 -0.0279129
0.043595 -0.999049 0.00121847
-0.0279395 -2.65543e-08 0.99961

  PointToIndexMatrix: 
-0.998659 0.043595 -0.0279395
-0.0436121 -0.999049 -2.65517e-08
-0.0279129 0.00121847 0.99961

  Inverse Direction: 
-0.998659 0.043595 -0.0279395
-0.0436121 -0.999049 -2.65517e-08
-0.0279129 0.00121847 0.99961

  PixelContainer: 
    ImportImageContainer (0x5601b83090d0)
      RTTI typeinfo:   itk::ImportImageContainer<unsigned long, float>
      Reference Count: 1
      Modified Time: 2568
      Debug: Off
      Object Name: 
      Observers: 
        none
      Pointer: 0x7f2b94068010
      Container manages memory: true
      Size: 9830400
      Capacity: 9830400

     Weighting = 1
     Sampling strategy = none
     Number of bins = 32
     Radius = 4
     Sampling percentage  = 1
   Transform = SyN
     Gradient step = 0.1
     Update field sigma (voxel space) = 3
     Total field sigma (voxel space) = 0
     Update field time sigma = 0
     Total field time sigma  = 0
     Number of time indices = 0
     Number of time point samples = 0
Registration using 3 total stages.

Stage 0
  iterations = 1000x500x250x100
  convergence threshold = 1e-06
  convergence window size = 10
  number of levels = 4
  using the Mattes MI metric (number of bins = 32, weight = 1, use gradient filter = 0)
  preprocessing:  winsorizing the image intensities
  Shrink factors (level 1 out of 4): [8, 8, 8]
  Shrink factors (level 2 out of 4): [4, 4, 4]
  Shrink factors (level 3 out of 4): [2, 2, 2]
  Shrink factors (level 4 out of 4): [1, 1, 1]
  smoothing sigmas per level: [3, 2, 1, 0]
  regular sampling (percentage = 0.25)

*** Running Euler3DTransform registration ***

DIAGNOSTIC,Iteration,metricValue,convergenceValue,ITERATION_TIME_INDEX,SINCE_LAST
 2DIAGNOSTIC,     1, -4.521498382092e-01, inf, 1.2665e+00, 1.2665e+00, 
 2DIAGNOSTIC,     2, -4.528517425060e-01, inf, 1.2748e+00, 8.3680e-03, 
 2DIAGNOSTIC,     3, -4.553170204163e-01, inf, 1.2844e+00, 9.5532e-03, 
 2DIAGNOSTIC,     4, -4.563697278500e-01, inf, 1.2919e+00, 7.5428e-03, 
 2DIAGNOSTIC,     5, -4.567128121853e-01, inf, 1.2995e+00, 7.5362e-03, 
 2DIAGNOSTIC,     6, -4.573048949242e-01, inf, 1.3158e+00, 1.6320e-02, 
 2DIAGNOSTIC,     7, -4.610534310341e-01, inf, 1.3254e+00, 9.6200e-03, 
 2DIAGNOSTIC,     8, -4.716221094131e-01, inf, 1.3337e+00, 8.2462e-03, 
 2DIAGNOSTIC,     9, -4.768433570862e-01, inf, 1.3435e+00, 9.8438e-03, 
 2DIAGNOSTIC,    10, -4.930178821087e-01, 4.638093058020e-03, 1.3744e+00, 3.0947e-02, 
 2DIAGNOSTIC,    11, -4.952602982521e-01, 5.394878797233e-03, 1.3851e+00, 1.0686e-02, 
 2DIAGNOSTIC,    12, -4.972347617149e-01, 5.673607811332e-03, 1.3928e+00, 7.6909e-03, 
 2DIAGNOSTIC,    13, -4.981822967529e-01, 5.555238574743e-03, 1.4006e+00, 7.7870e-03, 
 2DIAGNOSTIC,    14, -5.003920793533e-01, 5.086557939649e-03, 1.4125e+00, 1.1899e-02, 
 2DIAGNOSTIC,    15, -5.008672475815e-01, 4.248906392604e-03, 1.4213e+00, 8.7941e-03, 
 2DIAGNOSTIC,    16, -5.014067292213e-01, 3.176148748025e-03, 1.4293e+00, 7.9508e-03, 
 2DIAGNOSTIC,    17, -5.033664703369e-01, 2.143671037629e-03, 1.4376e+00, 8.3060e-03, 
 2DIAGNOSTIC,    18, -5.139769315720e-01, 1.729668350890e-03, 1.4480e+00, 1.0456e-02, 
 2DIAGNOSTIC,    19, -5.200594067574e-01, 1.530104898848e-03, 1.4627e+00, 1.4714e-02, 
 2DIAGNOSTIC,    20, -5.204160213470e-01, 1.693917787634e-03, 1.4704e+00, 7.6499e-03, 
 2DIAGNOSTIC,    21, -5.223485231400e-01, 1.805677427910e-03, 1.4782e+00, 7.7729e-03, 
 2DIAGNOSTIC,    22, -5.263886451721e-01, 1.896766363643e-03, 1.4859e+00, 7.7372e-03, 
 2DIAGNOSTIC,    23, -5.316861867905e-01, 1.950641162694e-03, 1.4970e+00, 1.1061e-02, 
 2DIAGNOSTIC,    24, -5.319717526436e-01, 1.873084809631e-03, 1.5053e+00, 8.3621e-03, 
 2DIAGNOSTIC,    25, -5.320678353310e-01, 1.646344666369e-03, 1.5129e+00, 7.6149e-03, 
 2DIAGNOSTIC,    26, -5.322812795639e-01, 1.305350218900e-03, 1.5205e+00, 7.5712e-03, 
 2DIAGNOSTIC,    27, -5.331352949142e-01, 9.218153427355e-04, 1.5304e+00, 9.9020e-03, 
 2DIAGNOSTIC,    28, -5.334598422050e-01, 6.987777887844e-04, 1.5414e+00, 1.1039e-02, 
 2DIAGNOSTIC,    29, -5.335895419121e-01, 5.497121019289e-04, 1.5502e+00, 8.8031e-03, 
 2DIAGNOSTIC,    30, -5.336630344391e-01, 3.693713224493e-04, 1.5579e+00, 7.6129e-03, 
 2DIAGNOSTIC,    31, -5.337269306183e-01, 2.022713306360e-04, 1.5654e+00, 7.5850e-03, 
 2DIAGNOSTIC,    32, -5.337983369827e-01, 9.713141480461e-05, 1.5730e+00, 7.5979e-03, 
 2DIAGNOSTIC,    33, -5.338699817657e-01, 8.138685370795e-05, 1.5818e+00, 8.7769e-03, 
 2DIAGNOSTIC,    34, -5.338906049728e-01, 6.425228639273e-05, 1.5965e+00, 1.4727e-02, 
 2DIAGNOSTIC,    35, -5.338957905769e-01, 4.392581467982e-05, 1.6129e+00, 1.6342e-02, 
 2DIAGNOSTIC,    36, -5.339179039001e-01, 2.409762055322e-05, 1.6210e+00, 8.1010e-03, 
 2DIAGNOSTIC,    37, -5.340338945389e-01, 1.778681507858e-05, 1.6297e+00, 8.7399e-03, 
 2DIAGNOSTIC,    38, -5.340363383293e-01, 1.495109154348e-05, 1.6374e+00, 7.6611e-03, 
 2DIAGNOSTIC,    39, -5.340419411659e-01, 1.288396742893e-05, 1.6450e+00, 7.5719e-03, 
 2DIAGNOSTIC,    40, -5.340477228165e-01, 1.091186732083e-05, 1.6526e+00, 7.6849e-03, 
 2DIAGNOSTIC,    41, -5.340597629547e-01, 9.090849744098e-06, 1.6679e+00, 1.5209e-02, 
 2DIAGNOSTIC,    42, -5.340608358383e-01, 7.481300599466e-06, 1.6766e+00, 8.7049e-03, 
 2DIAGNOSTIC,    43, -5.340606570244e-01, 6.231887709873e-06, 1.6852e+00, 8.6689e-03, 
 2DIAGNOSTIC,    44, -5.340608954430e-01, 4.811135568161e-06, 1.6961e+00, 1.0843e-02, 
 2DIAGNOSTIC,    45, -5.340595841408e-01, 3.124789827780e-06, 1.7130e+00, 1.6965e-02, 
 2DIAGNOSTIC,    46, -5.340599417686e-01, 1.517145278740e-06, 1.7254e+00, 1.2374e-02, 
 2DIAGNOSTIC,    47, -5.340597629547e-01, 1.272152189813e-06, 1.7351e+00, 9.7179e-03, 
 2DIAGNOSTIC,    48, -5.340601205826e-01, 1.017003569359e-06, 1.7439e+00, 8.7621e-03, 
DIAGNOSTIC,Iteration,metricValue,convergenceValue,ITERATION_TIME_INDEX,SINCE_LAST
 2DIAGNOSTIC,     1, -4.254646897316e-01, inf, 3.1290e+00, 1.3851e+00, 
 2DIAGNOSTIC,     2, -4.260161519051e-01, inf, 3.2014e+00, 7.2341e-02, 
 2DIAGNOSTIC,     3, -4.271660447121e-01, inf, 3.2735e+00, 7.2106e-02, 
 2DIAGNOSTIC,     4, -4.287804663181e-01, inf, 3.3448e+00, 7.1324e-02, 
 2DIAGNOSTIC,     5, -4.304183721542e-01, inf, 3.4181e+00, 7.3278e-02, 
 2DIAGNOSTIC,     6, -4.324914515018e-01, inf, 3.4911e+00, 7.3086e-02, 
 2DIAGNOSTIC,     7, -4.343272149563e-01, inf, 3.5645e+00, 7.3334e-02, 
 2DIAGNOSTIC,     8, -4.363229572773e-01, inf, 3.6613e+00, 9.6810e-02, 
 2DIAGNOSTIC,     9, -4.396706819534e-01, inf, 3.7456e+00, 8.4287e-02, 
 2DIAGNOSTIC,    10, -4.448730647564e-01, 2.677243901417e-03, 3.8200e+00, 7.4436e-02, 
 2DIAGNOSTIC,    11, -4.487200081348e-01, 2.912616590038e-03, 3.8957e+00, 7.5668e-02, 
 2DIAGNOSTIC,    12, -4.536885917187e-01, 3.143355948851e-03, 3.9949e+00, 9.9183e-02, 
 2DIAGNOSTIC,    13, -4.656477868557e-01, 3.699668915942e-03, 4.1046e+00, 1.0972e-01, 
 2DIAGNOSTIC,    14, -4.827550649643e-01, 4.674828611314e-03, 4.1878e+00, 8.3172e-02, 
 2DIAGNOSTIC,    15, -4.852513968945e-01, 5.242797546089e-03, 4.2707e+00, 8.2972e-02, 
 2DIAGNOSTIC,    16, -4.857597947121e-01, 5.368154495955e-03, 4.3425e+00, 7.1811e-02, 
 2DIAGNOSTIC,    17, -4.878180623055e-01, 5.137837026268e-03, 4.4273e+00, 8.4739e-02, 
 2DIAGNOSTIC,    18, -4.930953681469e-01, 4.705042112619e-03, 4.5220e+00, 9.4709e-02, 
 2DIAGNOSTIC,    19, -4.947576820850e-01, 4.036501981318e-03, 4.5954e+00, 7.3433e-02, 
 2DIAGNOSTIC,    20, -4.971850514412e-01, 3.306897124276e-03, 4.6869e+00, 9.1457e-02, 
 2DIAGNOSTIC,    21, -4.979534745216e-01, 2.490955637768e-03, 4.7560e+00, 6.9114e-02, 
 2DIAGNOSTIC,    22, -4.982309043407e-01, 1.667854841799e-03, 4.8350e+00, 7.8993e-02, 
 2DIAGNOSTIC,    23, -4.983579218388e-01, 1.076512737200e-03, 4.9061e+00, 7.1102e-02, 
 2DIAGNOSTIC,    24, -4.988727867603e-01, 8.864412084222e-04, 5.0048e+00, 9.8682e-02, 
 2DIAGNOSTIC,    25, -4.990505874157e-01, 6.962083280087e-04, 5.0937e+00, 8.8961e-02, 
 2DIAGNOSTIC,    26, -4.990512728691e-01, 4.687086038757e-04, 5.1726e+00, 7.8917e-02, 
 2DIAGNOSTIC,    27, -4.990962147713e-01, 2.606931666378e-04, 5.2501e+00, 7.7424e-02, 
 2DIAGNOSTIC,    28, -4.990904629230e-01, 1.581845717737e-04, 5.3286e+00, 7.8565e-02, 
 2DIAGNOSTIC,    29, -4.990832805634e-01, 8.161297591869e-05, 5.3975e+00, 6.8819e-02, 
 2DIAGNOSTIC,    30, -4.990780353546e-01, 5.124587187311e-05, 5.4678e+00, 7.0332e-02, 
 2DIAGNOSTIC,    31, -4.990949928761e-01, 3.352112253197e-05, 5.5456e+00, 7.7846e-02, 
 2DIAGNOSTIC,    32, -4.991186261177e-01, 1.964043258340e-05, 5.6242e+00, 7.8619e-02, 
 2DIAGNOSTIC,    33, -4.991452991962e-01, 7.445855771948e-06, 5.7024e+00, 7.8131e-02, 
 2DIAGNOSTIC,    34, -4.991569221020e-01, 4.611625627149e-06, 5.7897e+00, 8.7316e-02, 
 2DIAGNOSTIC,    35, -4.991738796234e-01, 4.952143171977e-06, 5.8676e+00, 7.7930e-02, 
 2DIAGNOSTIC,    36, -4.991745650768e-01, 4.887186150881e-06, 5.9480e+00, 8.0380e-02, 
 2DIAGNOSTIC,    37, -4.991592168808e-01, 4.924348104396e-06, 6.0264e+00, 7.8401e-02, 
 2DIAGNOSTIC,    38, -4.991681873798e-01, 4.636196990759e-06, 6.1047e+00, 7.8245e-02, 
 2DIAGNOSTIC,    39, -4.991698861122e-01, 3.921138159058e-06, 6.1832e+00, 7.8567e-02, 
 2DIAGNOSTIC,    40, -4.991703331470e-01, 2.875547352232e-06, 6.2613e+00, 7.8037e-02, 
 2DIAGNOSTIC,    41, -4.991629123688e-01, 1.826221023293e-06, 6.3383e+00, 7.7046e-02, 
 2DIAGNOSTIC,    42, -4.991709291935e-01, 1.181358243230e-06, 6.4174e+00, 7.9145e-02, 
DIAGNOSTIC,Iteration,metricValue,convergenceValue,ITERATION_TIME_INDEX,SINCE_LAST
 2DIAGNOSTIC,     1, -4.367372691631e-01, inf, 8.2356e+00, 1.8181e+00, 
 2DIAGNOSTIC,     2, -4.368188083172e-01, inf, 8.7758e+00, 5.4021e-01, 
 2DIAGNOSTIC,     3, -4.368342459202e-01, inf, 9.3280e+00, 5.5225e-01, 
 2DIAGNOSTIC,     4, -4.368663430214e-01, inf, 9.8682e+00, 5.4017e-01, 
 2DIAGNOSTIC,     5, -4.368925094604e-01, inf, 1.0481e+01, 6.1240e-01, 
 2DIAGNOSTIC,     6, -4.369309246540e-01, inf, 1.1097e+01, 6.1640e-01, 
 2DIAGNOSTIC,     7, -4.369590878487e-01, inf, 1.1636e+01, 5.3883e-01, 
 2DIAGNOSTIC,     8, -4.370766580105e-01, inf, 1.2423e+01, 7.8757e-01, 
 2DIAGNOSTIC,     9, -4.370928406715e-01, inf, 1.3330e+01, 9.0661e-01, 
 2DIAGNOSTIC,    10, -4.370920360088e-01, 5.613076427835e-05, 1.3872e+01, 5.4210e-01, 
 2DIAGNOSTIC,    11, -4.370915591717e-01, 4.709901986644e-05, 1.4482e+01, 6.0982e-01, 
 2DIAGNOSTIC,    12, -4.370926916599e-01, 4.006747258245e-05, 1.5097e+01, 6.1534e-01, 
 2DIAGNOSTIC,    13, -4.370914399624e-01, 3.134051075904e-05, 1.5712e+01, 6.1475e-01, 
 2DIAGNOSTIC,    14, -4.370909929276e-01, 2.268357275170e-05, 1.6402e+01, 6.9028e-01, 
 2DIAGNOSTIC,    15, -4.370904266834e-01, 1.447666090826e-05, 1.7021e+01, 6.1847e-01, 
 2DIAGNOSTIC,    16, -4.370898008347e-01, 7.734350219835e-06, 1.7633e+01, 6.1258e-01, 
 2DIAGNOSTIC,    17, -4.370883405209e-01, 2.155670244974e-06, 1.8170e+01, 5.3704e-01, 
 2DIAGNOSTIC,    18, -4.370876252651e-01, 1.377027047056e-06, 1.8787e+01, 6.1659e-01, 
 2DIAGNOSTIC,    19, -4.370881021023e-01, 1.288262296839e-06, 1.9545e+01, 7.5804e-01, 
 2DIAGNOSTIC,    20, -4.370874762535e-01, 1.196921630253e-06, 2.0157e+01, 6.1196e-01, 
 2DIAGNOSTIC,    21, -4.370878338814e-01, 1.146514932771e-06, 2.0776e+01, 6.1863e-01, 
 2DIAGNOSTIC,    22, -4.370869696140e-01, 1.144238353845e-06, 2.1386e+01, 6.1048e-01, 
 2DIAGNOSTIC,    23, -4.370863735676e-01, 1.119019543694e-06, 2.2024e+01, 6.3777e-01, 
 2DIAGNOSTIC,    24, -4.370864927769e-01, 1.111634901463e-06, 2.2649e+01, 6.2469e-01, 
 2DIAGNOSTIC,    25, -4.370867013931e-01, 1.114886686082e-06, 2.3285e+01, 6.3693e-01, 
 2DIAGNOSTIC,    26, -4.370867013931e-01, 1.117724877986e-06, 2.3899e+01, 6.1339e-01, 
 2DIAGNOSTIC,    27, -4.370863139629e-01, 1.086689962904e-06, 2.4509e+01, 6.0968e-01, 
 2DIAGNOSTIC,    28, -4.370860457420e-01, 1.043948486767e-06, 2.5122e+01, 6.1319e-01, 
 2DIAGNOSTIC,    29, -4.370867311954e-01, 1.039169774231e-06, 2.5733e+01, 6.1092e-01, 
 2DIAGNOSTIC,    30, -4.370866119862e-01, 1.022652782012e-06, 2.6343e+01, 6.1050e-01, 
 2DIAGNOSTIC,    31, -4.370867609978e-01, 1.021985099214e-06, 2.6984e+01, 6.4100e-01, 
 2DIAGNOSTIC,    32, -4.370866715908e-01, 1.003092165774e-06, 2.7755e+01, 7.7068e-01, 
DIAGNOSTIC,Iteration,metricValue,convergenceValue,ITERATION_TIME_INDEX,SINCE_LAST
 2DIAGNOSTIC,     1, -4.013296365738e-01, inf, 3.1937e+01, 4.1818e+00, 
 2DIAGNOSTIC,     2, -4.015158414841e-01, inf, 3.5267e+01, 3.3300e+00, 
 2DIAGNOSTIC,     3, -4.018675982952e-01, inf, 3.8596e+01, 3.3296e+00, 
 2DIAGNOSTIC,     4, -4.020085036755e-01, inf, 4.1927e+01, 3.3311e+00, 
 2DIAGNOSTIC,     5, -4.020319283009e-01, inf, 4.5722e+01, 3.7950e+00, 
 2DIAGNOSTIC,     6, -4.020474553108e-01, inf, 4.9516e+01, 3.7934e+00, 
 2DIAGNOSTIC,     7, -4.020628929138e-01, inf, 5.3311e+01, 3.7953e+00, 
 2DIAGNOSTIC,     8, -4.020687341690e-01, inf, 5.6642e+01, 3.3315e+00, 
 2DIAGNOSTIC,     9, -4.020761549473e-01, inf, 5.9983e+01, 3.3402e+00, 
 2DIAGNOSTIC,    10, -4.021303653717e-01, 1.063804229489e-04, 6.4735e+01, 4.7526e+00, 
 2DIAGNOSTIC,    11, -4.021593630314e-01, 6.333652709145e-05, 6.8064e+01, 3.3291e+00, 
 2DIAGNOSTIC,    12, -4.022012352943e-01, 3.499424929032e-05, 7.2324e+01, 4.2593e+00, 
 2DIAGNOSTIC,    13, -4.022167623043e-01, 2.787129233184e-05, 7.6130e+01, 3.8064e+00, 
 2DIAGNOSTIC,    14, -4.022253751755e-01, 2.700543700485e-05, 7.9459e+01, 3.3290e+00, 
 2DIAGNOSTIC,    15, -4.022425413132e-01, 2.588236566226e-05, 8.3722e+01, 4.2625e+00, 
 2DIAGNOSTIC,    16, -4.022592306137e-01, 2.408968430245e-05, 8.7514e+01, 3.7920e+00, 
 2DIAGNOSTIC,    17, -4.022606909275e-01, 2.116793257301e-05, 9.1306e+01, 3.7919e+00, 
 2DIAGNOSTIC,    18, -4.022612869740e-01, 1.707666888251e-05, 9.4636e+01, 3.3301e+00, 
 2DIAGNOSTIC,    19, -4.022637605667e-01, 1.234654791915e-05, 9.7960e+01, 3.3248e+00, 
 2DIAGNOSTIC,    20, -4.022633433342e-01, 8.981653991214e-06, 1.0176e+02, 3.7950e+00, 
 2DIAGNOSTIC,    21, -4.022643268108e-01, 6.218562248250e-06, 1.0601e+02, 4.2593e+00, 
 2DIAGNOSTIC,    22, -4.022638201714e-01, 4.592047389451e-06, 1.0981e+02, 3.7921e+00, 
 2DIAGNOSTIC,    23, -4.022639095783e-01, 3.299611762486e-06, 1.1360e+02, 3.7944e+00, 
 2DIAGNOSTIC,    24, -4.022639393806e-01, 2.180944647989e-06, 1.1739e+02, 3.7895e+00, 
 2DIAGNOSTIC,    25, -4.022645950317e-01, 1.562214265505e-06, 1.2165e+02, 4.2554e+00, 
 2DIAGNOSTIC,    26, -4.022638499737e-01, 1.396649167873e-06, 1.2590e+02, 4.2559e+00, 
 2DIAGNOSTIC,    27, -4.022640287876e-01, 1.271038286177e-06, 1.2969e+02, 3.7910e+00, 
 2DIAGNOSTIC,    28, -4.022637903690e-01, 1.153115590569e-06, 1.3349e+02, 3.7921e+00, 
 2DIAGNOSTIC,    29, -4.022634923458e-01, 1.094996605389e-06, 1.3681e+02, 3.3298e+00, 
 2DIAGNOSTIC,    30, -4.022638797760e-01, 1.039494577526e-06, 1.4061e+02, 3.7926e+00, 
 2DIAGNOSTIC,    31, -4.022644162178e-01, 1.024387756843e-06, 1.4440e+02, 3.7902e+00, 
  Elapsed time (stage 0): 1.4647e+02


Stage 1
  iterations = 1000x500x250x100
  convergence threshold = 1.0000e-06
  convergence window size = 10
  number of levels = 4
  using the Mattes MI metric (number of bins = 32, weight = 1.0000e+00, use gradient filter = 0)
  preprocessing:  winsorizing the image intensities
  Shrink factors (level 1 out of 4): [8, 8, 8]
  Shrink factors (level 2 out of 4): [4, 4, 4]
  Shrink factors (level 3 out of 4): [2, 2, 2]
  Shrink factors (level 4 out of 4): [1, 1, 1]
  smoothing sigmas per level: [3, 2, 1, 0]
  regular sampling (percentage = 2.5000e-01)

*** Running AffineTransform registration ***

DIAGNOSTIC,Iteration,metricValue,convergenceValue,ITERATION_TIME_INDEX,SINCE_LAST
 2DIAGNOSTIC,     1, -6.072891950607e-01, inf, 1.1675e+00, 1.1675e+00, 
 2DIAGNOSTIC,     2, -6.095833778381e-01, inf, 1.1762e+00, 8.7240e-03, 
 2DIAGNOSTIC,     3, -6.131600141525e-01, inf, 1.1847e+00, 8.4460e-03, 
 2DIAGNOSTIC,     4, -6.187379360199e-01, inf, 1.1957e+00, 1.1002e-02, 
 2DIAGNOSTIC,     5, -6.281677484512e-01, inf, 1.2047e+00, 9.0690e-03, 
 2DIAGNOSTIC,     6, -6.482115387917e-01, inf, 1.2140e+00, 9.2771e-03, 
 2DIAGNOSTIC,     7, -7.051117420197e-01, inf, 1.2323e+00, 1.8323e-02, 
 2DIAGNOSTIC,     8, -7.063590288162e-01, inf, 1.2414e+00, 9.0809e-03, 
 2DIAGNOSTIC,     9, -7.073594927788e-01, inf, 1.2513e+00, 9.9070e-03, 
 2DIAGNOSTIC,    10, -7.080927491188e-01, 1.281204260886e-02, 1.2603e+00, 8.9889e-03, 
 2DIAGNOSTIC,    11, -7.091749310493e-01, 1.137933600694e-02, 1.2693e+00, 8.9989e-03, 
 2DIAGNOSTIC,    12, -7.106516957283e-01, 9.287511929870e-03, 1.2784e+00, 9.0890e-03, 
 2DIAGNOSTIC,    13, -7.130637764931e-01, 6.899178959429e-03, 1.2882e+00, 9.8190e-03, 
 2DIAGNOSTIC,    14, -7.175639271736e-01, 4.577889107168e-03, 1.2975e+00, 9.2859e-03, 
 2DIAGNOSTIC,    15, -7.288123369217e-01, 2.748623024672e-03, 1.3097e+00, 1.2145e-02, 
 2DIAGNOSTIC,    16, -7.413869500160e-01, 1.717337989248e-03, 1.3203e+00, 1.0643e-02, 
 2DIAGNOSTIC,    17, -7.450457811356e-01, 2.137016505003e-03, 1.3308e+00, 1.0492e-02, 
 2DIAGNOSTIC,    18, -7.504651546478e-01, 2.465823199600e-03, 1.3412e+00, 1.0428e-02, 
 2DIAGNOSTIC,    19, -7.565681338310e-01, 2.682056743652e-03, 1.3549e+00, 1.3718e-02, 
 2DIAGNOSTIC,    20, -7.573044300079e-01, 2.651105169207e-03, 1.3653e+00, 1.0359e-02, 
 2DIAGNOSTIC,    21, -7.578963041306e-01, 2.408709377050e-03, 1.3751e+00, 9.7680e-03, 
 2DIAGNOSTIC,    22, -7.585716247559e-01, 2.008360344917e-03, 1.3853e+00, 1.0272e-02, 
 2DIAGNOSTIC,    23, -7.590923905373e-01, 1.511531532742e-03, 1.3956e+00, 1.0256e-02, 
 2DIAGNOSTIC,    24, -7.586135268211e-01, 9.818616090342e-04, 1.4059e+00, 1.0356e-02, 
 2DIAGNOSTIC,    25, -7.583165168762e-01, 5.782060325146e-04, 1.4163e+00, 1.0357e-02, 
 2DIAGNOSTIC,    26, -7.580514550209e-01, 3.443232562859e-04, 1.4265e+00, 1.0203e-02, 
 2DIAGNOSTIC,    27, -7.578814625740e-01, 1.470402203267e-04, 1.4356e+00, 9.1109e-03, 
 2DIAGNOSTIC,    28, -7.579541802406e-01, 2.686611333047e-05, 1.4459e+00, 1.0321e-02, 
DIAGNOSTIC,Iteration,metricValue,convergenceValue,ITERATION_TIME_INDEX,SINCE_LAST
 2DIAGNOSTIC,     1, -6.165083646774e-01, inf, 2.7171e+00, 1.2712e+00, 
 2DIAGNOSTIC,     2, -6.170123219490e-01, inf, 2.8043e+00, 8.7142e-02, 
 2DIAGNOSTIC,     3, -6.175155639648e-01, inf, 2.8902e+00, 8.5912e-02, 
 2DIAGNOSTIC,     4, -6.181108355522e-01, inf, 2.9875e+00, 9.7302e-02, 
 2DIAGNOSTIC,     5, -6.187067031860e-01, inf, 3.0742e+00, 8.6769e-02, 
 2DIAGNOSTIC,     6, -6.198595762253e-01, inf, 3.1611e+00, 8.6865e-02, 
 2DIAGNOSTIC,     7, -6.208274960518e-01, inf, 3.2706e+00, 1.0949e-01, 
 2DIAGNOSTIC,     8, -6.213554739952e-01, inf, 3.4143e+00, 1.4372e-01, 
 2DIAGNOSTIC,     9, -6.213721036911e-01, inf, 3.5002e+00, 8.5899e-02, 
 2DIAGNOSTIC,    10, -6.214359402657e-01, 5.948130856268e-04, 3.5882e+00, 8.8011e-02, 
 2DIAGNOSTIC,    11, -6.215245127678e-01, 4.876824677922e-04, 3.6827e+00, 9.4468e-02, 
 2DIAGNOSTIC,    12, -6.215888857841e-01, 3.758964885492e-04, 3.7689e+00, 8.6202e-02, 
 2DIAGNOSTIC,    13, -6.216468811035e-01, 2.673399867490e-04, 3.8660e+00, 9.7145e-02, 
 2DIAGNOSTIC,    14, -6.216590404510e-01, 1.705200847937e-04, 3.9743e+00, 1.0822e-01, 
 2DIAGNOSTIC,    15, -6.216706633568e-01, 8.945688023232e-05, 4.0591e+00, 8.4869e-02, 
 2DIAGNOSTIC,    16, -6.216704845428e-01, 4.292117591831e-05, 4.1559e+00, 9.6771e-02, 
 2DIAGNOSTIC,    17, -6.217030882835e-01, 2.466429214110e-05, 4.2533e+00, 9.7424e-02, 
 2DIAGNOSTIC,    18, -6.217254400253e-01, 2.033626878983e-05, 4.3393e+00, 8.6005e-02, 
 2DIAGNOSTIC,    19, -6.217262744904e-01, 1.515535223007e-05, 4.4363e+00, 9.7003e-02, 
 2DIAGNOSTIC,    20, -6.217463612556e-01, 1.115689883591e-05, 4.5558e+00, 1.1947e-01, 
 2DIAGNOSTIC,    21, -6.217384934425e-01, 8.380779036088e-06, 4.6521e+00, 9.6327e-02, 
 2DIAGNOSTIC,    22, -6.217369437218e-01, 6.493743057945e-06, 4.7486e+00, 9.6474e-02, 
 2DIAGNOSTIC,    23, -6.217290163040e-01, 5.287260137266e-06, 4.8451e+00, 9.6512e-02, 
 2DIAGNOSTIC,    24, -6.217249631882e-01, 3.972380909545e-06, 4.9307e+00, 8.5607e-02, 
 2DIAGNOSTIC,    25, -6.217226386070e-01, 2.692996758924e-06, 5.0164e+00, 8.5723e-02, 
 2DIAGNOSTIC,    26, -6.217809319496e-01, 2.389740984654e-06, 5.1151e+00, 9.8653e-02, 
 2DIAGNOSTIC,    27, -6.217924356461e-01, 2.713645017138e-06, 5.2001e+00, 8.4978e-02, 
 2DIAGNOSTIC,    28, -6.218327283859e-01, 3.903380729753e-06, 5.2975e+00, 9.7434e-02, 
 2DIAGNOSTIC,    29, -6.218581795692e-01, 5.154352948011e-06, 5.3944e+00, 9.6929e-02, 
 2DIAGNOSTIC,    30, -6.218907237053e-01, 6.739153377566e-06, 5.4921e+00, 9.7657e-02, 
 2DIAGNOSTIC,    31, -6.218842864037e-01, 7.456693310814e-06, 5.5891e+00, 9.7055e-02, 
 2DIAGNOSTIC,    32, -6.218830347061e-01, 7.488179107895e-06, 5.6867e+00, 9.7575e-02, 
 2DIAGNOSTIC,    33, -6.218865513802e-01, 6.850604677311e-06, 5.7945e+00, 1.0775e-01, 
 2DIAGNOSTIC,    34, -6.218805909157e-01, 5.557538770518e-06, 5.8805e+00, 8.5994e-02, 
 2DIAGNOSTIC,    35, -6.218901276588e-01, 3.976667812822e-06, 5.9661e+00, 8.5623e-02, 
 2DIAGNOSTIC,    36, -6.219097375870e-01, 3.185872174072e-06, 6.0739e+00, 1.0786e-01, 
 2DIAGNOSTIC,    37, -6.218917369843e-01, 2.128297865056e-06, 6.1593e+00, 8.5380e-02, 
 2DIAGNOSTIC,    38, -6.219042539597e-01, 1.646851956139e-06, 6.2563e+00, 9.6980e-02, 
 2DIAGNOSTIC,    39, -6.218983530998e-01, 1.327940708507e-06, 6.3418e+00, 8.5521e-02, 
 2DIAGNOSTIC,    40, -6.219332814217e-01, 1.748485829012e-06, 6.4602e+00, 1.1836e-01, 
 2DIAGNOSTIC,    41, -6.219152212143e-01, 1.771042889231e-06, 6.5462e+00, 8.6031e-02, 
 2DIAGNOSTIC,    42, -6.219297051430e-01, 1.852689138104e-06, 6.6321e+00, 8.5879e-02, 
 2DIAGNOSTIC,    43, -6.219372749329e-01, 1.948422095666e-06, 6.7180e+00, 8.5867e-02, 
 2DIAGNOSTIC,    44, -6.219274401665e-01, 1.752356752149e-06, 6.8246e+00, 1.0666e-01, 
 2DIAGNOSTIC,    45, -6.219754219055e-01, 2.046642066489e-06, 6.9675e+00, 1.4289e-01, 
 2DIAGNOSTIC,    46, -6.219721436501e-01, 2.355682227062e-06, 7.0539e+00, 8.6408e-02, 
 2DIAGNOSTIC,    47, -6.219658255577e-01, 2.259961775053e-06, 7.1399e+00, 8.5986e-02, 
 2DIAGNOSTIC,    48, -6.219703555107e-01, 2.189375436501e-06, 7.2262e+00, 8.6275e-02, 
 2DIAGNOSTIC,    49, -6.219796538353e-01, 1.995171714952e-06, 7.3333e+00, 1.0714e-01, 
 2DIAGNOSTIC,    50, -6.219938397408e-01, 2.126753770426e-06, 7.4205e+00, 8.7126e-02, 
 2DIAGNOSTIC,    51, -6.220273375511e-01, 2.241518131996e-06, 7.5393e+00, 1.1888e-01, 
 2DIAGNOSTIC,    52, -6.220347285271e-01, 2.388384245933e-06, 7.6367e+00, 9.7406e-02, 
 2DIAGNOSTIC,    53, -6.220458745956e-01, 2.530645360821e-06, 7.7560e+00, 1.1927e-01, 
 2DIAGNOSTIC,    54, -6.220408678055e-01, 2.344546601307e-06, 7.8635e+00, 1.0748e-01, 
 2DIAGNOSTIC,    55, -6.220257878304e-01, 2.271058974657e-06, 7.9497e+00, 8.6217e-02, 
 2DIAGNOSTIC,    56, -6.220333576202e-01, 2.075094471365e-06, 8.0468e+00, 9.7078e-02, 
 2DIAGNOSTIC,    57, -6.220256686211e-01, 1.624371293474e-06, 8.1325e+00, 8.5761e-02, 
 2DIAGNOSTIC,    58, -6.220359802246e-01, 1.206305569212e-06, 8.2186e+00, 8.6110e-02, 
DIAGNOSTIC,Iteration,metricValue,convergenceValue,ITERATION_TIME_INDEX,SINCE_LAST
 2DIAGNOSTIC,     1, -5.432707071304e-01, inf, 1.0198e+01, 1.9793e+00, 
 2DIAGNOSTIC,     2, -5.434820652008e-01, inf, 1.0897e+01, 6.9885e-01, 
 2DIAGNOSTIC,     3, -5.436636209488e-01, inf, 1.1610e+01, 7.1345e-01, 
 2DIAGNOSTIC,     4, -5.438538789749e-01, inf, 1.2323e+01, 7.1270e-01, 
 2DIAGNOSTIC,     5, -5.439893007278e-01, inf, 1.3180e+01, 8.5716e-01, 
 2DIAGNOSTIC,     6, -5.440006256104e-01, inf, 1.3881e+01, 7.0093e-01, 
 2DIAGNOSTIC,     7, -5.440182685852e-01, inf, 1.4582e+01, 7.0061e-01, 
 2DIAGNOSTIC,     8, -5.440450906754e-01, inf, 1.5292e+01, 7.1043e-01, 
 2DIAGNOSTIC,     9, -5.440918803215e-01, inf, 1.6652e+01, 1.3602e+00, 
 2DIAGNOSTIC,    10, -5.440917611122e-01, 9.203394438373e-05, 1.7545e+01, 8.9309e-01, 
 2DIAGNOSTIC,    11, -5.440911650658e-01, 5.891131513636e-05, 1.8324e+01, 7.7853e-01, 
 2DIAGNOSTIC,    12, -5.440900325775e-01, 3.542698323145e-05, 1.9272e+01, 9.4795e-01, 
 2DIAGNOSTIC,    13, -5.440892577171e-01, 1.969085860765e-05, 2.0073e+01, 8.0154e-01, 
 2DIAGNOSTIC,    14, -5.440881848335e-01, 1.153594439529e-05, 2.0851e+01, 7.7792e-01, 
 2DIAGNOSTIC,    15, -5.440878272057e-01, 8.333323421539e-06, 2.1631e+01, 7.7964e-01, 
 2DIAGNOSTIC,    16, -5.440884828568e-01, 5.371676707000e-06, 2.2425e+01, 7.9386e-01, 
 2DIAGNOSTIC,    17, -5.440886616707e-01, 2.987997049786e-06, 2.3215e+01, 7.9031e-01, 
 2DIAGNOSTIC,    18, -5.440886020660e-01, 1.504199303781e-06, 2.4175e+01, 9.6007e-01, 
 2DIAGNOSTIC,    19, -5.440884232521e-01, 1.483193386775e-06, 2.5043e+01, 8.6793e-01, 
 2DIAGNOSTIC,    20, -5.440883040428e-01, 1.475994736211e-06, 2.5819e+01, 7.7622e-01, 
 2DIAGNOSTIC,    21, -5.440884232521e-01, 1.468205823585e-06, 2.6617e+01, 7.9809e-01, 
 2DIAGNOSTIC,    22, -5.440884828568e-01, 1.439794687030e-06, 2.7498e+01, 8.8056e-01, 
 2DIAGNOSTIC,    23, -5.440884232521e-01, 1.396314360136e-06, 2.8275e+01, 7.7692e-01, 
 2DIAGNOSTIC,    24, -5.440883636475e-01, 1.331219436906e-06, 2.9052e+01, 7.7708e-01, 
 2DIAGNOSTIC,    25, -5.440883040428e-01, 1.261810439246e-06, 2.9829e+01, 7.7712e-01, 
 2DIAGNOSTIC,    26, -5.440882444382e-01, 1.210523578266e-06, 3.0623e+01, 7.9386e-01, 
 2DIAGNOSTIC,    27, -5.440881848335e-01, 1.166510969597e-06, 3.1568e+01, 9.4524e-01, 
 2DIAGNOSTIC,    28, -5.440883040428e-01, 1.127994096350e-06, 3.2351e+01, 7.8289e-01, 
 2DIAGNOSTIC,    29, -5.440881252289e-01, 1.086509996640e-06, 3.3133e+01, 7.8161e-01, 
 2DIAGNOSTIC,    30, -5.440880060196e-01, 1.044695977725e-06, 3.3924e+01, 7.9091e-01, 
 2DIAGNOSTIC,    31, -5.440882444382e-01, 1.013122414406e-06, 3.4728e+01, 8.0417e-01, 
DIAGNOSTIC,Iteration,metricValue,convergenceValue,ITERATION_TIME_INDEX,SINCE_LAST
 2DIAGNOSTIC,     1, -4.954724907875e-01, inf, 4.0071e+01, 5.3430e+00, 
 2DIAGNOSTIC,     2, -4.956860542297e-01, inf, 4.4354e+01, 4.2835e+00, 
 2DIAGNOSTIC,     3, -4.959850907326e-01, inf, 4.8639e+01, 4.2844e+00, 
 2DIAGNOSTIC,     4, -4.968166351318e-01, inf, 5.3424e+01, 4.7849e+00, 
 2DIAGNOSTIC,     5, -4.978879988194e-01, inf, 5.9741e+01, 6.3175e+00, 
 2DIAGNOSTIC,     6, -4.979846477509e-01, inf, 6.4001e+01, 4.2598e+00, 
 2DIAGNOSTIC,     7, -4.981777966022e-01, inf, 6.8267e+01, 4.2660e+00, 
 2DIAGNOSTIC,     8, -4.982418417931e-01, inf, 7.3034e+01, 4.7671e+00, 
 2DIAGNOSTIC,     9, -4.982713460922e-01, inf, 7.9330e+01, 6.2962e+00, 
 2DIAGNOSTIC,    10, -4.982716441154e-01, 4.200339026283e-04, 8.5143e+01, 5.8130e+00, 
 2DIAGNOSTIC,    11, -4.982734322548e-01, 3.043710894417e-04, 9.0393e+01, 5.2494e+00, 
 2DIAGNOSTIC,    12, -4.982723891735e-01, 1.918465568451e-04, 9.6158e+01, 5.7658e+00, 
 2DIAGNOSTIC,    13, -4.982725977898e-01, 9.223704546457e-05, 1.0203e+02, 5.8681e+00, 
 2DIAGNOSTIC,    14, -4.982727468014e-01, 3.154952719342e-05, 1.0676e+02, 4.7338e+00, 
 2DIAGNOSTIC,    15, -4.982726573944e-01, 1.710024662316e-05, 1.1150e+02, 4.7368e+00, 
 2DIAGNOSTIC,    16, -4.982725679874e-01, 6.379000751622e-06, 1.1679e+02, 5.2919e+00, 
 2DIAGNOSTIC,    17, -4.982724785805e-01, 2.952685917990e-06, 1.2256e+02, 5.7736e+00, 
 2DIAGNOSTIC,    18, -4.982724189758e-01, 1.811832817111e-06, 1.2729e+02, 4.7319e+00, 
