---------------------
Profiling information

Pipeline: ants registrationSyN
NTHREAD: 1

DATASET: ds004513
SUBJECT_ID: s035

SIF_IMG: /mnt/lustre/mathdugre/containers/ants-debug.simg
DATA_DIR: /mnt/lustre/mathdugre/mri-bottleneck/datasets/ds004513

PROJECT_DIR: /mnt/lustre/mathdugre/mri-bottleneck
PROFILING_DIR: /mnt/lustre/mathdugre/mri-bottleneck/vtune_output/1-threads/ants/registrationSyN/ds004513/sub-s035/9zwPvRtYHH0YD1wR2etPsucANz5SuNEU
---------------------

Command to profile: bash tmp-scripts/9zwPvRtYHH0YD1wR2etPsucANz5SuNEU.sh

--------------------------------------------------------------------------------------
 Mapping parameters
--------------------------------------------------------------------------------------
 ANTSPATH is /opt/ants/bin

 Dimensionality:           3
 Output name prefix:       /data/derivatives/ants/registrationSyN/sub-s035/ses-open/anat/
 Fixed images:             /templateflow/tpl-MNI152NLin2009cAsym//tpl-MNI152NLin2009cAsym_res-01_desc-brain_T1w.nii.gz
 Moving images:            /data/derivatives/fsl/fast/sub-s035/ses-open/anat/BrainExtractionBrain_seg.nii.gz
 Mask images:              
 Initial transforms:       
 Number of threads:        1
 Spline distance:          26
 SyN gradient step:        0.1
 Transform type:           s
 CC radius:                4
 Precision:                d
 Use histogram matching    0
 Repro                     0
======================================================================================
 antsRegistration call:
--------------------------------------------------------------------------------------
/opt/ants/bin/antsRegistration --verbose 1 --dimensionality 3 --float 0 --collapse-output-transforms 1 --output [ /data/derivatives/ants/registrationSyN/sub-s035/ses-open/anat/,/data/derivatives/ants/registrationSyN/sub-s035/ses-open/anat/Warped.nii.gz,/data/derivatives/ants/registrationSyN/sub-s035/ses-open/anat/InverseWarped.nii.gz ] --interpolation Linear --use-histogram-matching 0 --winsorize-image-intensities [ 0.005,0.995 ] --initial-moving-transform [ /templateflow/tpl-MNI152NLin2009cAsym//tpl-MNI152NLin2009cAsym_res-01_desc-brain_T1w.nii.gz,/data/derivatives/fsl/fast/sub-s035/ses-open/anat/BrainExtractionBrain_seg.nii.gz,1 ] --transform Rigid[ 0.1 ] --metric MI[ /templateflow/tpl-MNI152NLin2009cAsym//tpl-MNI152NLin2009cAsym_res-01_desc-brain_T1w.nii.gz,/data/derivatives/fsl/fast/sub-s035/ses-open/anat/BrainExtractionBrain_seg.nii.gz,1,32,Regular,0.25 ] --convergence [ 1000x500x250x100,1e-6,10 ] --shrink-factors 8x4x2x1 --smoothing-sigmas 3x2x1x0vox --transform Affine[ 0.1 ] --metric MI[ /templateflow/tpl-MNI152NLin2009cAsym//tpl-MNI152NLin2009cAsym_res-01_desc-brain_T1w.nii.gz,/data/derivatives/fsl/fast/sub-s035/ses-open/anat/BrainExtractionBrain_seg.nii.gz,1,32,Regular,0.25 ] --convergence [ 1000x500x250x100,1e-6,10 ] --shrink-factors 8x4x2x1 --smoothing-sigmas 3x2x1x0vox --transform SyN[ 0.1,3,0 ] --metric CC[ /templateflow/tpl-MNI152NLin2009cAsym//tpl-MNI152NLin2009cAsym_res-01_desc-brain_T1w.nii.gz,/data/derivatives/fsl/fast/sub-s035/ses-open/anat/BrainExtractionBrain_seg.nii.gz,1,4 ] --convergence [ 100x70x50x20,1e-6,10 ] --shrink-factors 8x4x2x1 --smoothing-sigmas 3x2x1x0vox
--------------------------------------------------------------------------------------
All_Command_lines_OK
Using double precision for computations.
=============================================================================
The composite transform comprises the following transforms (in order): 
  1. Center of mass alignment using fixed image: /templateflow/tpl-MNI152NLin2009cAsym//tpl-MNI152NLin2009cAsym_res-01_desc-brain_T1w.nii.gz and moving image: /data/derivatives/fsl/fast/sub-s035/ses-open/anat/BrainExtractionBrain_seg.nii.gz (type = Euler3DTransform)
=============================================================================
  number of levels = 4
  number of levels = 4
  number of levels = 4
  fixed image: /templateflow/tpl-MNI152NLin2009cAsym//tpl-MNI152NLin2009cAsym_res-01_desc-brain_T1w.nii.gz
  moving image: /data/derivatives/fsl/fast/sub-s035/ses-open/anat/BrainExtractionBrain_seg.nii.gz
  fixed image: /templateflow/tpl-MNI152NLin2009cAsym//tpl-MNI152NLin2009cAsym_res-01_desc-brain_T1w.nii.gz
  moving image: /data/derivatives/fsl/fast/sub-s035/ses-open/anat/BrainExtractionBrain_seg.nii.gz
  fixed image: /templateflow/tpl-MNI152NLin2009cAsym//tpl-MNI152NLin2009cAsym_res-01_desc-brain_T1w.nii.gz
  moving image: /data/derivatives/fsl/fast/sub-s035/ses-open/anat/BrainExtractionBrain_seg.nii.gz
Dimension = 3
Number of stages = 3
Use histogram matching = false
Winsorize image intensities = true
  Lower quantile = 0.005
  Upper quantile = 0.995


Stage 1 State
   Image metric = Mattes
     Fixed image = Image (0x55f43a9235b0)
  RTTI typeinfo:   itk::Image<double, 3u>
  Reference Count: 2
  Modified Time: 1717
  Debug: Off
  Object Name: 
  Observers: 
    none
  Source: (none)
  Source output name: (none)
  Release Data: Off
  Data Released: False
  Global Release Data: Off
  PipelineMTime: 0
  UpdateMTime: 1502
  RealTimeStamp: 0 seconds 
  LargestPossibleRegion: 
    Dimension: 3
    Index: [0, 0, 0]
    Size: [193, 229, 193]
  BufferedRegion: 
    Dimension: 3
    Index: [0, 0, 0]
    Size: [193, 229, 193]
  RequestedRegion: 
    Dimension: 3
    Index: [0, 0, 0]
    Size: [193, 229, 193]
  Spacing: [1, 1, 1]
  Origin: [96, 132, -78]
  Direction: 
-1 0 0
0 -1 0
0 0 1

  IndexToPointMatrix: 
-1 0 0
0 -1 0
0 0 1

  PointToIndexMatrix: 
-1 0 0
0 -1 0
0 0 1

  Inverse Direction: 
-1 0 0
0 -1 0
0 0 1

  PixelContainer: 
    ImportImageContainer (0x55f43a92c160)
      RTTI typeinfo:   itk::ImportImageContainer<unsigned long, double>
      Reference Count: 1
      Modified Time: 1499
      Debug: Off
      Object Name: 
      Observers: 
        none
      Pointer: 0x7f75407ca010
      Container manages memory: true
      Size: 8530021
      Capacity: 8530021

     Moving image = Image (0x55f43a92f0a0)
  RTTI typeinfo:   itk::Image<double, 3u>
  Reference Count: 2
  Modified Time: 1718
  Debug: Off
  Object Name: 
  Observers: 
    none
  Source: (none)
  Source output name: (none)
  Release Data: Off
  Data Released: False
  Global Release Data: Off
  PipelineMTime: 0
  UpdateMTime: 1715
  RealTimeStamp: 0 seconds 
  LargestPossibleRegion: 
    Dimension: 3
    Index: [0, 0, 0]
    Size: [160, 240, 256]
  BufferedRegion: 
    Dimension: 3
    Index: [0, 0, 0]
    Size: [160, 240, 256]
  RequestedRegion: 
    Dimension: 3
    Index: [0, 0, 0]
    Size: [160, 240, 256]
  Spacing: [1, 1, 1]
  Origin: [98.6438, 87.6358, -117.989]
  Direction: 
-0.993515 -0.100993 -0.0522355
0.100854 -0.994887 0.00530255
-0.0525039 1.93537e-08 0.998621

  IndexToPointMatrix: 
-0.993515 -0.100993 -0.0522355
0.100854 -0.994887 0.00530255
-0.0525039 1.93537e-08 0.998621

  PointToIndexMatrix: 
-0.993515 0.100854 -0.0525039
-0.100993 -0.994887 1.93006e-08
-0.0522355 0.00530255 0.998621

  Inverse Direction: 
-0.993515 0.100854 -0.0525039
-0.100993 -0.994887 1.93006e-08
-0.0522355 0.00530255 0.998621

  PixelContainer: 
    ImportImageContainer (0x55f43a9e6fd0)
      RTTI typeinfo:   itk::ImportImageContainer<unsigned long, double>
      Reference Count: 1
      Modified Time: 1712
      Debug: Off
      Object Name: 
      Observers: 
        none
      Pointer: 0x7f753bcc9010
      Container manages memory: true
      Size: 9830400
      Capacity: 9830400

     Weighting = 1
     Sampling strategy = regular
     Number of bins = 32
     Radius = 4
     Sampling percentage  = 0.25
   Transform = Rigid
     Gradient step = 0.1
     Update field sigma (voxel space) = 0
     Total field sigma (voxel space) = 0
     Update field time sigma = 0
     Total field time sigma  = 0
     Number of time indices = 0
     Number of time point samples = 0
Stage 2 State
   Image metric = Mattes
     Fixed image = Image (0x55f43a9864d0)
  RTTI typeinfo:   itk::Image<double, 3u>
  Reference Count: 2
  Modified Time: 2145
  Debug: Off
  Object Name: 
  Observers: 
    none
  Source: (none)
  Source output name: (none)
  Release Data: Off
  Data Released: False
  Global Release Data: Off
  PipelineMTime: 0
  UpdateMTime: 1930
  RealTimeStamp: 0 seconds 
  LargestPossibleRegion: 
    Dimension: 3
    Index: [0, 0, 0]
    Size: [193, 229, 193]
  BufferedRegion: 
    Dimension: 3
    Index: [0, 0, 0]
    Size: [193, 229, 193]
  RequestedRegion: 
    Dimension: 3
    Index: [0, 0, 0]
    Size: [193, 229, 193]
  Spacing: [1, 1, 1]
  Origin: [96, 132, -78]
  Direction: 
-1 0 0
0 -1 0
0 0 1

  IndexToPointMatrix: 
-1 0 0
0 -1 0
0 0 1

  PointToIndexMatrix: 
-1 0 0
0 -1 0
0 0 1

  Inverse Direction: 
-1 0 0
0 -1 0
0 0 1

  PixelContainer: 
    ImportImageContainer (0x55f43aa07050)
      RTTI typeinfo:   itk::ImportImageContainer<unsigned long, double>
      Reference Count: 1
      Modified Time: 1927
      Debug: Off
      Object Name: 
      Observers: 
        none
      Pointer: 0x7f7537bb4010
      Container manages memory: true
      Size: 8530021
      Capacity: 8530021

     Moving image = Image (0x55f43a9844e0)
  RTTI typeinfo:   itk::Image<double, 3u>
  Reference Count: 2
  Modified Time: 2146
  Debug: Off
  Object Name: 
  Observers: 
    none
  Source: (none)
  Source output name: (none)
  Release Data: Off
  Data Released: False
  Global Release Data: Off
  PipelineMTime: 0
  UpdateMTime: 2143
  RealTimeStamp: 0 seconds 
  LargestPossibleRegion: 
    Dimension: 3
    Index: [0, 0, 0]
    Size: [160, 240, 256]
  BufferedRegion: 
    Dimension: 3
    Index: [0, 0, 0]
    Size: [160, 240, 256]
  RequestedRegion: 
    Dimension: 3
    Index: [0, 0, 0]
    Size: [160, 240, 256]
  Spacing: [1, 1, 1]
  Origin: [98.6438, 87.6358, -117.989]
  Direction: 
-0.993515 -0.100993 -0.0522355
0.100854 -0.994887 0.00530255
-0.0525039 1.93537e-08 0.998621

  IndexToPointMatrix: 
-0.993515 -0.100993 -0.0522355
0.100854 -0.994887 0.00530255
-0.0525039 1.93537e-08 0.998621

  PointToIndexMatrix: 
-0.993515 0.100854 -0.0525039
-0.100993 -0.994887 1.93006e-08
-0.0522355 0.00530255 0.998621

  Inverse Direction: 
-0.993515 0.100854 -0.0525039
-0.100993 -0.994887 1.93006e-08
-0.0522355 0.00530255 0.998621

  PixelContainer: 
    ImportImageContainer (0x55f43aa270d0)
      RTTI typeinfo:   itk::ImportImageContainer<unsigned long, double>
      Reference Count: 1
      Modified Time: 2140
      Debug: Off
      Object Name: 
      Observers: 
        none
      Pointer: 0x7f75330b3010
      Container manages memory: true
      Size: 9830400
      Capacity: 9830400

     Weighting = 1
     Sampling strategy = regular
     Number of bins = 32
     Radius = 4
     Sampling percentage  = 0.25
   Transform = Affine
     Gradient step = 0.1
     Update field sigma (voxel space) = 0
     Total field sigma (voxel space) = 0
     Update field time sigma = 0
     Total field time sigma  = 0
     Number of time indices = 0
     Number of time point samples = 0
Stage 3 State
   Image metric = CC
     Fixed image = Image (0x55f43a985ed0)
  RTTI typeinfo:   itk::Image<double, 3u>
  Reference Count: 2
  Modified Time: 2573
  Debug: Off
  Object Name: 
  Observers: 
    none
  Source: (none)
  Source output name: (none)
  Release Data: Off
  Data Released: False
  Global Release Data: Off
  PipelineMTime: 0
  UpdateMTime: 2358
  RealTimeStamp: 0 seconds 
  LargestPossibleRegion: 
    Dimension: 3
    Index: [0, 0, 0]
    Size: [193, 229, 193]
  BufferedRegion: 
    Dimension: 3
    Index: [0, 0, 0]
    Size: [193, 229, 193]
  RequestedRegion: 
    Dimension: 3
    Index: [0, 0, 0]
    Size: [193, 229, 193]
  Spacing: [1, 1, 1]
  Origin: [96, 132, -78]
  Direction: 
-1 0 0
0 -1 0
0 0 1

  IndexToPointMatrix: 
-1 0 0
0 -1 0
0 0 1

  PointToIndexMatrix: 
-1 0 0
0 -1 0
0 0 1

  Inverse Direction: 
-1 0 0
0 -1 0
0 0 1

  PixelContainer: 
    ImportImageContainer (0x55f43a9c6fd0)
      RTTI typeinfo:   itk::ImportImageContainer<unsigned long, double>
      Reference Count: 1
      Modified Time: 2355
      Debug: Off
      Object Name: 
      Observers: 
        none
      Pointer: 0x7f752ef9e010
      Container manages memory: true
      Size: 8530021
      Capacity: 8530021

     Moving image = Image (0x55f43a9ea340)
  RTTI typeinfo:   itk::Image<double, 3u>
  Reference Count: 2
  Modified Time: 2574
  Debug: Off
  Object Name: 
  Observers: 
    none
  Source: (none)
  Source output name: (none)
  Release Data: Off
  Data Released: False
  Global Release Data: Off
  PipelineMTime: 0
  UpdateMTime: 2571
  RealTimeStamp: 0 seconds 
  LargestPossibleRegion: 
    Dimension: 3
    Index: [0, 0, 0]
    Size: [160, 240, 256]
  BufferedRegion: 
    Dimension: 3
    Index: [0, 0, 0]
    Size: [160, 240, 256]
  RequestedRegion: 
    Dimension: 3
    Index: [0, 0, 0]
    Size: [160, 240, 256]
  Spacing: [1, 1, 1]
  Origin: [98.6438, 87.6358, -117.989]
  Direction: 
-0.993515 -0.100993 -0.0522355
0.100854 -0.994887 0.00530255
-0.0525039 1.93537e-08 0.998621

  IndexToPointMatrix: 
-0.993515 -0.100993 -0.0522355
0.100854 -0.994887 0.00530255
-0.0525039 1.93537e-08 0.998621

  PointToIndexMatrix: 
-0.993515 0.100854 -0.0525039
-0.100993 -0.994887 1.93006e-08
-0.0522355 0.00530255 0.998621

  Inverse Direction: 
-0.993515 0.100854 -0.0525039
-0.100993 -0.994887 1.93006e-08
-0.0522355 0.00530255 0.998621

  PixelContainer: 
    ImportImageContainer (0x55f43a9e94c0)
      RTTI typeinfo:   itk::ImportImageContainer<unsigned long, double>
      Reference Count: 1
      Modified Time: 2568
      Debug: Off
      Object Name: 
      Observers: 
        none
      Pointer: 0x7f752a49d010
      Container manages memory: true
      Size: 9830400
      Capacity: 9830400

     Weighting = 1
     Sampling strategy = none
     Number of bins = 32
     Radius = 4
     Sampling percentage  = 1
   Transform = SyN
     Gradient step = 0.1
     Update field sigma (voxel space) = 3
     Total field sigma (voxel space) = 0
     Update field time sigma = 0
     Total field time sigma  = 0
     Number of time indices = 0
     Number of time point samples = 0
Registration using 3 total stages.

Stage 0
  iterations = 1000x500x250x100
  convergence threshold = 1e-06
  convergence window size = 10
  number of levels = 4
  using the Mattes MI metric (number of bins = 32, weight = 1, use gradient filter = 0)
  preprocessing:  winsorizing the image intensities
  Shrink factors (level 1 out of 4): [8, 8, 8]
  Shrink factors (level 2 out of 4): [4, 4, 4]
  Shrink factors (level 3 out of 4): [2, 2, 2]
  Shrink factors (level 4 out of 4): [1, 1, 1]
  smoothing sigmas per level: [3, 2, 1, 0]
  regular sampling (percentage = 0.25)

*** Running Euler3DTransform registration ***

DIAGNOSTIC,Iteration,metricValue,convergenceValue,ITERATION_TIME_INDEX,SINCE_LAST
 2DIAGNOSTIC,     1, -5.578288188872e-01, 1.797693134862e+308, 1.3742e+00, 1.3742e+00, 
 2DIAGNOSTIC,     2, -5.590225005714e-01, 1.797693134862e+308, 1.3814e+00, 7.1769e-03, 
 2DIAGNOSTIC,     3, -5.618925805673e-01, 1.797693134862e+308, 1.3883e+00, 6.9339e-03, 
 2DIAGNOSTIC,     4, -5.653611668482e-01, 1.797693134862e+308, 1.3953e+00, 6.9928e-03, 
 2DIAGNOSTIC,     5, -5.714689079825e-01, 1.797693134862e+308, 1.4028e+00, 7.4470e-03, 
 2DIAGNOSTIC,     6, -5.785800059991e-01, 1.797693134862e+308, 1.4103e+00, 7.5641e-03, 
 2DIAGNOSTIC,     7, -5.870725381708e-01, 1.797693134862e+308, 1.4208e+00, 1.0411e-02, 
 2DIAGNOSTIC,     8, -5.904676258706e-01, 1.797693134862e+308, 1.4277e+00, 6.9060e-03, 
 2DIAGNOSTIC,     9, -5.912037654736e-01, 1.797693134862e+308, 1.4345e+00, 6.8500e-03, 
 2DIAGNOSTIC,    10, -5.930629924714e-01, 4.680220926328e-03, 1.4469e+00, 1.2376e-02, 
 2DIAGNOSTIC,    11, -5.940032253653e-01, 4.059239632195e-03, 1.4628e+00, 1.5903e-02, 
 2DIAGNOSTIC,    12, -5.954269149053e-01, 3.283372304675e-03, 1.4749e+00, 1.2068e-02, 
 2DIAGNOSTIC,    13, -5.963167261565e-01, 2.475852803033e-03, 1.4827e+00, 7.8189e-03, 
 2DIAGNOSTIC,    14, -5.966037760778e-01, 1.694409442017e-03, 1.4896e+00, 6.8760e-03, 
 2DIAGNOSTIC,    15, -5.972231234353e-01, 1.082418791172e-03, 1.4965e+00, 6.9301e-03, 
 2DIAGNOSTIC,    16, -5.997916109682e-01, 7.377598484413e-04, 1.5054e+00, 8.9290e-03, 
 2DIAGNOSTIC,    17, -6.007640131110e-01, 6.334904384857e-04, 1.5133e+00, 7.8490e-03, 
 2DIAGNOSTIC,    18, -6.013405634818e-01, 5.901770641969e-04, 1.5204e+00, 7.0910e-03, 
 2DIAGNOSTIC,    19, -6.029135857951e-01, 5.561343070689e-04, 1.5273e+00, 6.9461e-03, 
 2DIAGNOSTIC,    20, -6.053610702899e-01, 5.773131411123e-04, 1.5344e+00, 7.0839e-03, 
 2DIAGNOSTIC,    21, -6.086719144723e-01, 6.378350195366e-04, 1.5428e+00, 8.3642e-03, 
 2DIAGNOSTIC,    22, -6.124769313189e-01, 7.460248055331e-04, 1.5580e+00, 1.5262e-02, 
 2DIAGNOSTIC,    23, -6.108741918597e-01, 7.599319760976e-04, 1.5800e+00, 2.1998e-02, 
 2DIAGNOSTIC,    24, -6.174292811430e-01, 8.410424640279e-04, 1.5910e+00, 1.0991e-02, 
 2DIAGNOSTIC,    25, -6.204278003780e-01, 9.009839049155e-04, 1.5995e+00, 8.4980e-03, 
 2DIAGNOSTIC,    26, -6.217573557807e-01, 9.413519732545e-04, 1.6088e+00, 9.2559e-03, 
 2DIAGNOSTIC,    27, -6.242337831484e-01, 9.524460028308e-04, 1.6171e+00, 8.3699e-03, 
 2DIAGNOSTIC,    28, -6.332955312606e-01, 1.037096315630e-03, 1.6249e+00, 7.8211e-03, 
 2DIAGNOSTIC,    29, -6.350420199521e-01, 1.067488301107e-03, 1.6347e+00, 9.7468e-03, 
 2DIAGNOSTIC,    30, -6.371917699255e-01, 1.066831438280e-03, 1.6500e+00, 1.5284e-02, 
 2DIAGNOSTIC,    31, -6.372485762807e-01, 1.017642517902e-03, 1.6580e+00, 7.9730e-03, 
 2DIAGNOSTIC,    32, -6.373955482419e-01, 9.360890115979e-04, 1.6660e+00, 8.0180e-03, 
 2DIAGNOSTIC,    33, -6.375193017734e-01, 7.462651280192e-04, 1.6738e+00, 7.8008e-03, 
 2DIAGNOSTIC,    34, -6.375362128487e-01, 5.872318648351e-04, 1.6816e+00, 7.7848e-03, 
 2DIAGNOSTIC,    35, -6.375710689984e-01, 4.242640789608e-04, 1.6885e+00, 6.9561e-03, 
 2DIAGNOSTIC,    36, -6.377831219070e-01, 2.515021350080e-04, 1.6953e+00, 6.8300e-03, 
 2DIAGNOSTIC,    37, -6.379650525666e-01, 9.574541104138e-05, 1.7024e+00, 7.0980e-03, 
 2DIAGNOSTIC,    38, -6.380608645954e-01, 5.206370983878e-05, 1.7094e+00, 6.9580e-03, 
 2DIAGNOSTIC,    39, -6.382205202755e-01, 2.803584387353e-05, 1.7163e+00, 6.8529e-03, 
 2DIAGNOSTIC,    40, -6.384442455652e-01, 3.039067683784e-05, 1.7232e+00, 6.9990e-03, 
 2DIAGNOSTIC,    41, -6.391274605842e-01, 3.811410919831e-05, 1.7350e+00, 1.1799e-02, 
 2DIAGNOSTIC,    42, -6.405865297058e-01, 5.946906949154e-05, 1.7569e+00, 2.1871e-02, 
 2DIAGNOSTIC,    43, -6.407495171032e-01, 7.696756833986e-05, 1.7642e+00, 7.2749e-03, 
 2DIAGNOSTIC,    44, -6.409487376763e-01, 8.890026352217e-05, 1.7714e+00, 7.2420e-03, 
 2DIAGNOSTIC,    45, -6.419488275905e-01, 1.026413005451e-04, 1.7793e+00, 7.8809e-03, 
 2DIAGNOSTIC,    46, -6.470865485608e-01, 1.594885079316e-04, 1.7888e+00, 9.5179e-03, 
 2DIAGNOSTIC,    47, -6.562454081086e-01, 2.890086785872e-04, 1.8023e+00, 1.3481e-02, 
 2DIAGNOSTIC,    48, -6.704210254594e-01, 5.206308438329e-04, 1.8140e+00, 1.1679e-02, 
 2DIAGNOSTIC,    49, -6.734795012270e-01, 7.206377725771e-04, 1.8215e+00, 7.4720e-03, 
 2DIAGNOSTIC,    50, -6.800013569190e-01, 9.067521749632e-04, 1.8289e+00, 7.4661e-03, 
 2DIAGNOSTIC,    51, -6.890129343121e-01, 1.084411602183e-03, 1.8378e+00, 8.8689e-03, 
 2DIAGNOSTIC,    52, -6.913595264695e-01, 1.181170380813e-03, 1.8598e+00, 2.1977e-02, 
 2DIAGNOSTIC,    53, -6.916196366566e-01, 1.164054865153e-03, 1.8727e+00, 1.2926e-02, 
 2DIAGNOSTIC,    54, -6.921072992645e-01, 1.043839938608e-03, 1.8813e+00, 8.6069e-03, 
 2DIAGNOSTIC,    55, -6.920818089624e-01, 8.371070347095e-04, 1.8893e+00, 7.9749e-03, 
 2DIAGNOSTIC,    56, -6.921273178986e-01, 5.986464259275e-04, 1.8970e+00, 7.7391e-03, 
 2DIAGNOSTIC,    57, -6.921647262153e-01, 3.826082708892e-04, 1.9049e+00, 7.9021e-03, 
 2DIAGNOSTIC,    58, -6.922331293973e-01, 2.502738112928e-04, 1.9129e+00, 7.9441e-03, 
 2DIAGNOSTIC,    59, -6.923606169442e-01, 1.229348557183e-04, 1.9246e+00, 1.1716e-02, 
 2DIAGNOSTIC,    60, -6.924061694357e-01, 3.617477414056e-05, 1.9326e+00, 7.9620e-03, 
 2DIAGNOSTIC,    61, -6.924930529610e-01, 1.589782103235e-05, 1.9394e+00, 6.8660e-03, 
 2DIAGNOSTIC,    62, -6.925525846472e-01, 1.229882188669e-05, 1.9465e+00, 7.0591e-03, 
 2DIAGNOSTIC,    63, -6.925858537695e-01, 9.679432345259e-06, 1.9548e+00, 8.3148e-03, 
 2DIAGNOSTIC,    64, -6.925484945459e-01, 9.430562111609e-06, 1.9635e+00, 8.7459e-03, 
 2DIAGNOSTIC,    65, -6.925044961459e-01, 7.864380620986e-06, 1.9704e+00, 6.8421e-03, 
 2DIAGNOSTIC,    66, -6.925358908699e-01, 6.174703065253e-06, 1.9773e+00, 6.8879e-03, 
 2DIAGNOSTIC,    67, -6.925574523971e-01, 4.368157411953e-06, 1.9841e+00, 6.8650e-03, 
 2DIAGNOSTIC,    68, -6.926031718899e-01, 2.975546097260e-06, 1.9947e+00, 1.0542e-02, 
 2DIAGNOSTIC,    69, -6.926059014535e-01, 2.235309305539e-06, 2.0014e+00, 6.7530e-03, 
 2DIAGNOSTIC,    70, -6.926140519712e-01, 1.694508169926e-06, 2.0084e+00, 6.9840e-03, 
 2DIAGNOSTIC,    71, -6.926311431202e-01, 1.693805800663e-06, 2.0155e+00, 7.0841e-03, 
 2DIAGNOSTIC,    72, -6.926448401218e-01, 2.008849358630e-06, 2.0242e+00, 8.6639e-03, 
 2DIAGNOSTIC,    73, -6.926575589768e-01, 2.447164536828e-06, 2.0346e+00, 1.0467e-02, 
 2DIAGNOSTIC,    74, -6.926587073277e-01, 2.476395454741e-06, 2.0420e+00, 7.3309e-03, 
 2DIAGNOSTIC,    75, -6.926686129653e-01, 2.111059418414e-06, 2.0499e+00, 7.9019e-03, 
 2DIAGNOSTIC,    76, -6.926732159933e-01, 1.803291051334e-06, 2.0566e+00, 6.7251e-03, 
 2DIAGNOSTIC,    77, -6.926758302145e-01, 1.503801757102e-06, 2.0636e+00, 7.0550e-03, 
 2DIAGNOSTIC,    78, -6.926840562199e-01, 1.416396908982e-06, 2.0707e+00, 7.0460e-03, 
DIAGNOSTIC,Iteration,metricValue,convergenceValue,ITERATION_TIME_INDEX,SINCE_LAST
 2DIAGNOSTIC,     1, -5.730438976348e-01, 1.797693134862e+308, 3.4316e+00, 1.3609e+00, 
 2DIAGNOSTIC,     2, -5.738593952266e-01, 1.797693134862e+308, 3.5087e+00, 7.7130e-02, 
 2DIAGNOSTIC,     3, -5.749726984826e-01, 1.797693134862e+308, 3.5765e+00, 6.7777e-02, 
 2DIAGNOSTIC,     4, -5.761800372639e-01, 1.797693134862e+308, 3.6436e+00, 6.7045e-02, 
 2DIAGNOSTIC,     5, -5.766113872170e-01, 1.797693134862e+308, 3.7108e+00, 6.7220e-02, 
 2DIAGNOSTIC,     6, -5.768825198659e-01, 1.797693134862e+308, 3.7792e+00, 6.8455e-02, 
 2DIAGNOSTIC,     7, -5.777367773323e-01, 1.797693134862e+308, 3.8605e+00, 8.1287e-02, 
 2DIAGNOSTIC,     8, -5.798018225851e-01, 1.797693134862e+308, 3.9490e+00, 8.8464e-02, 
 2DIAGNOSTIC,     9, -5.804160166981e-01, 1.797693134862e+308, 4.0343e+00, 8.5313e-02, 
 2DIAGNOSTIC,    10, -5.804409503306e-01, 8.547005741135e-04, 4.1375e+00, 1.0318e-01, 
 2DIAGNOSTIC,    11, -5.804352825807e-01, 7.170765693168e-04, 4.2257e+00, 8.8271e-02, 
 2DIAGNOSTIC,    12, -5.804185436953e-01, 5.703072515703e-04, 4.3023e+00, 7.6584e-02, 
 2DIAGNOSTIC,    13, -5.804104744800e-01, 4.343655701022e-04, 4.3701e+00, 6.7764e-02, 
 2DIAGNOSTIC,    14, -5.804032400996e-01, 3.203897247410e-04, 4.4383e+00, 6.8208e-02, 
 2DIAGNOSTIC,    15, -5.804069738587e-01, 2.079885585805e-04, 4.5066e+00, 6.8319e-02, 
 2DIAGNOSTIC,    16, -5.803941576102e-01, 9.906323076794e-05, 4.5832e+00, 7.6620e-02, 
 2DIAGNOSTIC,    17, -5.803903851998e-01, 1.717729624690e-05, 4.6592e+00, 7.5993e-02, 
DIAGNOSTIC,Iteration,metricValue,convergenceValue,ITERATION_TIME_INDEX,SINCE_LAST
 2DIAGNOSTIC,     1, -5.153844968105e-01, 1.797693134862e+308, 6.5354e+00, 1.8762e+00, 
 2DIAGNOSTIC,     2, -5.157080493681e-01, 1.797693134862e+308, 7.0808e+00, 5.4538e-01, 
 2DIAGNOSTIC,     3, -5.158739494259e-01, 1.797693134862e+308, 7.6088e+00, 5.2795e-01, 
 2DIAGNOSTIC,     4, -5.159683457541e-01, 1.797693134862e+308, 8.1632e+00, 5.5446e-01, 
 2DIAGNOSTIC,     5, -5.160214187306e-01, 1.797693134862e+308, 8.6901e+00, 5.2688e-01, 
 2DIAGNOSTIC,     6, -5.161819227202e-01, 1.797693134862e+308, 9.2229e+00, 5.3276e-01, 
 2DIAGNOSTIC,     7, -5.168814440262e-01, 1.797693134862e+308, 1.0056e+01, 8.3333e-01, 
 2DIAGNOSTIC,     8, -5.169439847793e-01, 1.797693134862e+308, 1.0575e+01, 5.1922e-01, 
 2DIAGNOSTIC,     9, -5.169731551352e-01, 1.797693134862e+308, 1.1507e+01, 9.3126e-01, 
 2DIAGNOSTIC,    10, -5.169736796706e-01, 2.177842500050e-04, 1.2047e+01, 5.4048e-01, 
 2DIAGNOSTIC,    11, -5.169714831366e-01, 1.768223069279e-04, 1.2657e+01, 6.0961e-01, 
 2DIAGNOSTIC,    12, -5.169719195746e-01, 1.412798706064e-04, 1.3272e+01, 6.1500e-01, 
 2DIAGNOSTIC,    13, -5.169702529885e-01, 1.055091536581e-04, 1.3793e+01, 5.2076e-01, 
 2DIAGNOSTIC,    14, -5.169716761132e-01, 6.969620834110e-05, 1.4315e+01, 5.2246e-01, 
 2DIAGNOSTIC,    15, -5.169723389505e-01, 3.465081656479e-05, 1.4913e+01, 5.9837e-01, 
 2DIAGNOSTIC,    16, -5.169723076328e-01, 5.877885602495e-06, 1.5511e+01, 5.9768e-01, 
 2DIAGNOSTIC,    17, -5.169732804373e-01, 2.760308077381e-06, 1.6112e+01, 6.0146e-01, 
 2DIAGNOSTIC,    18, -5.169719205466e-01, 1.750991471240e-06, 1.6790e+01, 6.7796e-01, 
 2DIAGNOSTIC,    19, -5.169702814857e-01, 1.646650231703e-06, 1.7484e+01, 6.9382e-01, 
 2DIAGNOSTIC,    20, -5.169694281028e-01, 1.548327486979e-06, 1.8106e+01, 6.2201e-01, 
 2DIAGNOSTIC,    21, -5.169685300274e-01, 1.381484262965e-06, 1.8668e+01, 5.6188e-01, 
 2DIAGNOSTIC,    22, -5.169676866917e-01, 1.233508690739e-06, 1.9202e+01, 5.3415e-01, 
 2DIAGNOSTIC,    23, -5.169679186710e-01, 1.083846111770e-06, 1.9723e+01, 5.2083e-01, 
 2DIAGNOSTIC,    24, -5.169683072888e-01, 1.016328221574e-06, 2.0321e+01, 5.9810e-01, 
DIAGNOSTIC,Iteration,metricValue,convergenceValue,ITERATION_TIME_INDEX,SINCE_LAST
 2DIAGNOSTIC,     1, -4.743655674768e-01, 1.797693134862e+308, 2.4280e+01, 3.9589e+00, 
 2DIAGNOSTIC,     2, -4.744630612666e-01, 1.797693134862e+308, 2.9075e+01, 4.7944e+00, 
 2DIAGNOSTIC,     3, -4.744640086093e-01, 1.797693134862e+308, 3.2696e+01, 3.6219e+00, 
 2DIAGNOSTIC,     4, -4.744641947458e-01, 1.797693134862e+308, 3.6210e+01, 3.5136e+00, 
 2DIAGNOSTIC,     5, -4.744636684221e-01, 1.797693134862e+308, 3.9703e+01, 3.4933e+00, 
 2DIAGNOSTIC,     6, -4.744633825687e-01, 1.797693134862e+308, 4.3236e+01, 3.5327e+00, 
 2DIAGNOSTIC,     7, -4.744633588453e-01, 1.797693134862e+308, 4.6739e+01, 3.5032e+00, 
 2DIAGNOSTIC,     8, -4.744637952434e-01, 1.797693134862e+308, 4.9838e+01, 3.0988e+00, 
 2DIAGNOSTIC,     9, -4.744639441650e-01, 1.797693134862e+308, 5.3326e+01, 3.4877e+00, 
 2DIAGNOSTIC,    10, -4.744649538577e-01, 9.145585778164e-06, 5.6837e+01, 3.5114e+00, 
 2DIAGNOSTIC,    11, -4.744649745226e-01, 3.034444386596e-06, 5.9948e+01, 3.1107e+00, 
 2DIAGNOSTIC,    12, -4.744687669216e-01, 2.984143077867e-06, 6.3936e+01, 3.9886e+00, 
 2DIAGNOSTIC,    13, -4.744702865843e-01, 3.019821420508e-06, 7.0353e+01, 6.4163e+00, 
 2DIAGNOSTIC,    14, -4.744704495798e-01, 3.013560599008e-06, 7.3857e+01, 3.5041e+00, 
 2DIAGNOSTIC,    15, -4.744703029142e-01, 2.916484559717e-06, 7.7361e+01, 3.5037e+00, 
 2DIAGNOSTIC,    16, -4.744702637368e-01, 2.747181856652e-06, 8.0483e+01, 3.1227e+00, 
 2DIAGNOSTIC,    17, -4.744701675690e-01, 2.521512453960e-06, 8.4001e+01, 3.5178e+00, 
 2DIAGNOSTIC,    18, -4.744699354473e-01, 2.266563539306e-06, 8.7531e+01, 3.5296e+00, 
 2DIAGNOSTIC,    19, -4.744697776260e-01, 1.992850145571e-06, 9.1480e+01, 3.9490e+00, 
 2DIAGNOSTIC,    20, -4.744695948821e-01, 1.743828629823e-06, 9.4622e+01, 3.1420e+00, 
 2DIAGNOSTIC,    21, -4.744694331098e-01, 1.497745310497e-06, 9.8942e+01, 4.3197e+00, 
 2DIAGNOSTIC,    22, -4.744694456604e-01, 1.378095021404e-06, 1.0245e+02, 3.5103e+00, 
 2DIAGNOSTIC,    23, -4.744693502684e-01, 1.312094574386e-06, 1.0554e+02, 3.0855e+00, 
 2DIAGNOSTIC,    24, -4.744692624707e-01, 1.260288937516e-06, 1.0866e+02, 3.1277e+00, 
 2DIAGNOSTIC,    25, -4.744690810647e-01, 1.210932865134e-06, 1.1218e+02, 3.5118e+00, 
 2DIAGNOSTIC,    26, -4.744687929384e-01, 1.163692088975e-06, 1.1526e+02, 3.0807e+00, 
 2DIAGNOSTIC,    27, -4.744689518287e-01, 1.127131654441e-06, 1.1873e+02, 3.4705e+00, 
 2DIAGNOSTIC,    28, -4.744690260955e-01, 1.094417563137e-06, 1.2220e+02, 3.4689e+00, 
 2DIAGNOSTIC,    29, -4.744693443941e-01, 1.071231845215e-06, 1.2571e+02, 3.5148e+00, 
 2DIAGNOSTIC,    30, -4.744692368427e-01, 1.046264951392e-06, 1.2963e+02, 3.9173e+00, 
 2DIAGNOSTIC,    31, -4.744691717677e-01, 1.020053586237e-06, 1.3312e+02, 3.4891e+00, 
  Elapsed time (stage 0): 1.3518e+02


Stage 1
  iterations = 1000x500x250x100
  convergence threshold = 1.0000e-06
  convergence window size = 10
  number of levels = 4
  using the Mattes MI metric (number of bins = 32, weight = 1.0000e+00, use gradient filter = 0)
  preprocessing:  winsorizing the image intensities
  Shrink factors (level 1 out of 4): [8, 8, 8]
  Shrink factors (level 2 out of 4): [4, 4, 4]
  Shrink factors (level 3 out of 4): [2, 2, 2]
  Shrink factors (level 4 out of 4): [1, 1, 1]
  smoothing sigmas per level: [3, 2, 1, 0]
  regular sampling (percentage = 2.5000e-01)

*** Running AffineTransform registration ***

DIAGNOSTIC,Iteration,metricValue,convergenceValue,ITERATION_TIME_INDEX,SINCE_LAST
 2DIAGNOSTIC,     1, -7.000128985050e-01, 1.797693134862e+308, 1.2278e+00, 1.2278e+00, 
 2DIAGNOSTIC,     2, -7.020788294952e-01, 1.797693134862e+308, 1.2361e+00, 8.2669e-03, 
 2DIAGNOSTIC,     3, -7.052317664417e-01, 1.797693134862e+308, 1.2444e+00, 8.2901e-03, 
 2DIAGNOSTIC,     4, -7.104427925957e-01, 1.797693134862e+308, 1.2522e+00, 7.8361e-03, 
 2DIAGNOSTIC,     5, -7.233838917539e-01, 1.797693134862e+308, 1.2601e+00, 7.8659e-03, 
 2DIAGNOSTIC,     6, -7.382518549144e-01, 1.797693134862e+308, 1.2682e+00, 8.1661e-03, 
 2DIAGNOSTIC,     7, -7.616415112900e-01, 1.797693134862e+308, 1.2838e+00, 1.5586e-02, 
 2DIAGNOSTIC,     8, -7.615344260890e-01, 1.797693134862e+308, 1.2917e+00, 7.8621e-03, 
 2DIAGNOSTIC,     9, -7.619169090379e-01, 1.797693134862e+308, 1.3004e+00, 8.6861e-03, 
 2DIAGNOSTIC,    10, -7.624667730478e-01, 7.009261653456e-03, 1.3103e+00, 9.9509e-03, 
 2DIAGNOSTIC,    11, -7.626544937099e-01, 5.919035803911e-03, 1.3193e+00, 8.9500e-03, 
 2DIAGNOSTIC,    12, -7.626732173641e-01, 4.546445860569e-03, 1.3311e+00, 1.1820e-02, 
 2DIAGNOSTIC,    13, -7.626730103399e-01, 3.080700037411e-03, 1.3400e+00, 8.9450e-03, 
 2DIAGNOSTIC,    14, -7.624415378678e-01, 1.692904024768e-03, 1.3489e+00, 8.9161e-03, 
 2DIAGNOSTIC,    15, -7.622832658034e-01, 6.633264287906e-04, 1.3569e+00, 7.9629e-03, 
 2DIAGNOSTIC,    16, -7.623991295760e-01, 4.691910687535e-05, 1.3649e+00, 7.9710e-03, 
 2DIAGNOSTIC,    17, -7.625874426196e-01, 2.987540030326e-05, 1.3729e+00, 7.9820e-03, 
 2DIAGNOSTIC,    18, -7.628867713552e-01, 1.610751861300e-05, 1.3808e+00, 7.9710e-03, 
 2DIAGNOSTIC,    19, -7.631107698416e-01, 1.438025894882e-05, 1.3887e+00, 7.9191e-03, 
 2DIAGNOSTIC,    20, -7.637733590411e-01, 3.466089280561e-05, 1.3967e+00, 7.9880e-03, 
 2DIAGNOSTIC,    21, -7.644116736793e-01, 6.450795280367e-05, 1.4047e+00, 7.9741e-03, 
 2DIAGNOSTIC,    22, -7.652371561006e-01, 9.997567751219e-05, 1.4252e+00, 2.0539e-02, 
 2DIAGNOSTIC,    23, -7.657480411966e-01, 1.314150337773e-04, 1.4351e+00, 9.8491e-03, 
 2DIAGNOSTIC,    24, -7.664073134916e-01, 1.548644925795e-04, 1.4464e+00, 1.1284e-02, 
 2DIAGNOSTIC,    25, -7.665935940154e-01, 1.622703619151e-04, 1.4554e+00, 9.0480e-03, 
 2DIAGNOSTIC,    26, -7.663800005290e-01, 1.524964306956e-04, 1.4643e+00, 8.9099e-03, 
 2DIAGNOSTIC,    27, -7.664248186763e-01, 1.325654250842e-04, 1.4744e+00, 1.0069e-02, 
 2DIAGNOSTIC,    28, -7.664862075094e-01, 1.065226635947e-04, 1.4835e+00, 9.1209e-03, 
 2DIAGNOSTIC,    29, -7.666395848503e-01, 7.705886420308e-05, 1.4927e+00, 9.1541e-03, 
 2DIAGNOSTIC,    30, -7.665731083250e-01, 4.981027122691e-05, 1.5008e+00, 8.1050e-03, 
 2DIAGNOSTIC,    31, -7.667882459366e-01, 3.012009030318e-05, 1.5108e+00, 1.0010e-02, 
 2DIAGNOSTIC,    32, -7.668125307527e-01, 1.882970848050e-05, 1.5198e+00, 9.0492e-03, 
 2DIAGNOSTIC,    33, -7.666876605523e-01, 1.070735894360e-05, 1.5320e+00, 1.2190e-02, 
 2DIAGNOSTIC,    34, -7.667284920593e-01, 9.867972136542e-06, 1.5502e+00, 1.8117e-02, 
 2DIAGNOSTIC,    35, -7.665650581831e-01, 8.530898930884e-06, 1.5591e+00, 8.9440e-03, 
 2DIAGNOSTIC,    36, -7.665477936694e-01, 4.151905769311e-06, 1.5671e+00, 8.0290e-03, 
DIAGNOSTIC,Iteration,metricValue,convergenceValue,ITERATION_TIME_INDEX,SINCE_LAST
 2DIAGNOSTIC,     1, -6.256823186328e-01, 1.797693134862e+308, 2.8858e+00, 1.3187e+00, 
 2DIAGNOSTIC,     2, -6.261910694978e-01, 1.797693134862e+308, 2.9649e+00, 7.9060e-02, 
 2DIAGNOSTIC,     3, -6.271912963946e-01, 1.797693134862e+308, 3.0440e+00, 7.9073e-02, 
 2DIAGNOSTIC,     4, -6.284417804305e-01, 1.797693134862e+308, 3.1232e+00, 7.9240e-02, 
 2DIAGNOSTIC,     5, -6.296480000385e-01, 1.797693134862e+308, 3.2024e+00, 7.9232e-02, 
 2DIAGNOSTIC,     6, -6.305604047890e-01, 1.797693134862e+308, 3.2914e+00, 8.8966e-02, 
 2DIAGNOSTIC,     7, -6.312429204364e-01, 1.797693134862e+308, 3.4424e+00, 1.5100e-01, 
 2DIAGNOSTIC,     8, -6.312758975402e-01, 1.797693134862e+308, 3.5207e+00, 7.8353e-02, 
 2DIAGNOSTIC,     9, -6.313377020215e-01, 1.797693134862e+308, 3.5990e+00, 7.8207e-02, 
 2DIAGNOSTIC,    10, -6.314693011258e-01, 6.629817768483e-04, 3.6774e+00, 7.8438e-02, 
 2DIAGNOSTIC,    11, -6.316595933724e-01, 5.000002717785e-04, 3.7564e+00, 7.8969e-02, 
 2DIAGNOSTIC,    12, -6.318001532523e-01, 3.436774246740e-04, 3.8353e+00, 7.8905e-02, 
 2DIAGNOSTIC,    13, -6.319341510136e-01, 2.197338991409e-04, 3.9235e+00, 8.8283e-02, 
 2DIAGNOSTIC,    14, -6.319217607399e-01, 1.332897368023e-04, 4.0117e+00, 8.8125e-02, 
 2DIAGNOSTIC,    15, -6.320027840924e-01, 8.465918959520e-05, 4.0907e+00, 7.9068e-02, 
 2DIAGNOSTIC,    16, -6.320981655522e-01, 6.231984166252e-05, 4.1801e+00, 8.9323e-02, 
 2DIAGNOSTIC,    17, -6.321453049344e-01, 5.631823534498e-05, 4.2590e+00, 7.8948e-02, 
 2DIAGNOSTIC,    18, -6.322302029880e-01, 4.894062394562e-05, 4.3670e+00, 1.0795e-01, 
 2DIAGNOSTIC,    19, -6.322655621645e-01, 4.027380136262e-05, 4.4567e+00, 8.9753e-02, 
 2DIAGNOSTIC,    20, -6.324403697330e-01, 3.573752234451e-05, 4.5379e+00, 8.1194e-02, 
 2DIAGNOSTIC,    21, -6.338789964383e-01, 6.322720011639e-05, 4.6640e+00, 1.2613e-01, 
 2DIAGNOSTIC,    22, -6.338736363172e-01, 8.434190731279e-05, 4.7901e+00, 1.2609e-01, 
 2DIAGNOSTIC,    23, -6.338776901407e-01, 9.898211658611e-05, 4.8788e+00, 8.8710e-02, 
 2DIAGNOSTIC,    24, -6.338672690868e-01, 1.032219687334e-04, 4.9861e+00, 1.0727e-01, 
 2DIAGNOSTIC,    25, -6.338514551563e-01, 9.856688348265e-05, 5.0747e+00, 8.8585e-02, 
 2DIAGNOSTIC,    26, -6.338453767518e-01, 8.624845037430e-05, 5.1632e+00, 8.8526e-02, 
 2DIAGNOSTIC,    27, -6.338288954534e-01, 6.727186860375e-05, 5.2423e+00, 7.9121e-02, 
 2DIAGNOSTIC,    28, -6.338153180342e-01, 4.496578774668e-05, 5.3211e+00, 7.8757e-02, 
 2DIAGNOSTIC,    29, -6.338271898585e-01, 2.099241162460e-05, 5.4187e+00, 9.7624e-02, 
DIAGNOSTIC,Iteration,metricValue,convergenceValue,ITERATION_TIME_INDEX,SINCE_LAST
 2DIAGNOSTIC,     1, -5.490223664802e-01, 1.797693134862e+308, 7.3857e+00, 1.9670e+00, 
 2DIAGNOSTIC,     2, -5.491997797087e-01, 1.797693134862e+308, 8.0053e+00, 6.1961e-01, 
 2DIAGNOSTIC,     3, -5.493784763972e-01, 1.797693134862e+308, 8.6232e+00, 6.1791e-01, 
 2DIAGNOSTIC,     4, -5.495362560950e-01, 1.797693134862e+308, 9.2648e+00, 6.4152e-01, 
 2DIAGNOSTIC,     5, -5.496751990236e-01, 1.797693134862e+308, 9.8932e+00, 6.2847e-01, 
 2DIAGNOSTIC,     6, -5.497973188167e-01, 1.797693134862e+308, 1.0956e+01, 1.0627e+00, 
 2DIAGNOSTIC,     7, -5.498020060849e-01, 1.797693134862e+308, 1.1579e+01, 6.2306e-01, 
 2DIAGNOSTIC,     8, -5.498091700386e-01, 1.797693134862e+308, 1.2198e+01, 6.1922e-01, 
 2DIAGNOSTIC,     9, -5.498225410363e-01, 1.797693134862e+308, 1.2819e+01, 6.2122e-01, 
 2DIAGNOSTIC,    10, -5.498389929770e-01, 9.664333875545e-05, 1.3439e+01, 6.1974e-01, 
 2DIAGNOSTIC,    11, -5.498595776287e-01, 6.524762482210e-05, 1.4056e+01, 6.1646e-01, 
 2DIAGNOSTIC,    12, -5.498784285711e-01, 4.187997557502e-05, 1.5008e+01, 9.5247e-01, 
 2DIAGNOSTIC,    13, -5.498772983254e-01, 2.558711888855e-05, 1.5988e+01, 9.7946e-01, 
 2DIAGNOSTIC,    14, -5.498777992810e-01, 1.528716420196e-05, 1.6710e+01, 7.2220e-01, 
 2DIAGNOSTIC,    15, -5.498760931598e-01, 9.784339165417e-06, 1.7336e+01, 6.2649e-01, 
 2DIAGNOSTIC,    16, -5.498746265705e-01, 8.156919582281e-06, 1.8057e+01, 7.2071e-01, 
 2DIAGNOSTIC,    17, -5.498752427232e-01, 6.310296680141e-06, 1.8754e+01, 6.9755e-01, 
 2DIAGNOSTIC,    18, -5.498745954263e-01, 4.447034043856e-06, 1.9389e+01, 6.3431e-01, 
 2DIAGNOSTIC,    19, -5.498742161280e-01, 2.887591842186e-06, 2.0113e+01, 7.2412e-01, 
 2DIAGNOSTIC,    20, -5.498746489639e-01, 1.799210110308e-06, 2.0761e+01, 6.4797e-01, 
 2DIAGNOSTIC,    21, -5.498743685720e-01, 1.281558079144e-06, 2.1481e+01, 7.2047e-01, 
 2DIAGNOSTIC,    22, -5.498749372095e-01, 1.289491023043e-06, 2.2200e+01, 7.1850e-01, 
 2DIAGNOSTIC,    23, -5.498745613444e-01, 1.276166806688e-06, 2.3009e+01, 8.0883e-01, 
 2DIAGNOSTIC,    24, -5.498738262877e-01, 1.270284085461e-06, 2.3735e+01, 7.2657e-01, 
 2DIAGNOSTIC,    25, -5.498711269446e-01, 1.180216602815e-06, 2.4415e+01, 6.8015e-01, 
 2DIAGNOSTIC,    26, -5.498707978659e-01, 1.070695958984e-06, 2.5238e+01, 8.2299e-01, 
 2DIAGNOSTIC,    27, -5.498714177536e-01, 1.006961895915e-06, 2.5949e+01, 7.1096e-01, 
DIAGNOSTIC,Iteration,metricValue,convergenceValue,ITERATION_TIME_INDEX,SINCE_LAST
 2DIAGNOSTIC,     1, -5.004573808378e-01, 1.797693134862e+308, 3.0771e+01, 4.8211e+00, 
 2DIAGNOSTIC,     2, -5.007653055025e-01, 1.797693134862e+308, 3.4644e+01, 3.8739e+00, 
 2DIAGNOSTIC,     3, -5.011474270843e-01, 1.797693134862e+308, 3.8532e+01, 3.8878e+00, 
 2DIAGNOSTIC,     4, -5.015860494647e-01, 1.797693134862e+308, 4.2423e+01, 3.8910e+00, 
 2DIAGNOSTIC,     5, -5.027981885862e-01, 1.797693134862e+308, 4.7228e+01, 4.8046e+00, 
 2DIAGNOSTIC,     6, -5.030794016151e-01, 1.797693134862e+308, 5.6014e+01, 8.7862e+00, 
 2DIAGNOSTIC,     7, -5.030800093437e-01, 1.797693134862e+308, 5.9893e+01, 3.8786e+00, 
 2DIAGNOSTIC,     8, -5.030799714931e-01, 1.797693134862e+308, 6.5182e+01, 5.2894e+00, 
 2DIAGNOSTIC,     9, -5.030799028650e-01, 1.797693134862e+308, 6.9507e+01, 4.3247e+00, 
 2DIAGNOSTIC,    10, -5.030799135377e-01, 3.849087972144e-04, 7.4804e+01, 5.2976e+00, 
 2DIAGNOSTIC,    11, -5.030798798872e-01, 2.695207679920e-04, 7.9147e+01, 4.3427e+00, 
 2DIAGNOSTIC,    12, -5.030798177967e-01, 1.646170965755e-04, 8.3024e+01, 3.8769e+00, 
 2DIAGNOSTIC,    13, -5.030795635535e-01, 7.815667021596e-05, 8.7363e+01, 4.3396e+00, 
 2DIAGNOSTIC,    14, -5.030796405767e-01, 1.364492815863e-05, 9.1228e+01, 3.8647e+00, 
 2DIAGNOSTIC,    15, -5.030795432580e-01, 2.103779303625e-06, 9.5618e+01, 4.3901e+00, 
 2DIAGNOSTIC,    16, -5.030795007887e-01, 1.946412631834e-06, 9.9980e+01, 4.3616e+00, 
 2DIAGNOSTIC,    17, -5.030795714032e-01, 1.834308250730e-06, 1.0433e+02, 4.3541e+00, 
 2DIAGNOSTIC,    18, -5.030795058282e-01, 1.735055085168e-06, 1.0822e+02, 3.8847e+00, 
 2DIAGNOSTIC,    19, -5.030793565123e-01, 1.642919734382e-06, 1.1259e+02, 4.3722e+00, 
 2DIAGNOSTIC,    20, -5.030794116513e-01, 1.564976795515e-06, 1.1694e+02, 4.3450e+00, 
 2DIAGNOSTIC,    21, -5.030793109792e-01, 1.493252800681e-06, 1.2130e+02, 4.3680e+00, 
 2DIAGNOSTIC,    22, -5.030793249557e-01, 1.429120179169e-06, 1.2610e+02, 4.7929e+00, 
 2DIAGNOSTIC,    23, -5.030793206265e-01, 1.365805363272e-06, 1.3048e+02, 4.3813e+00, 
 2DIAGNOSTIC,    24, -5.030792022812e-01, 1.308618957828e-06, 1.3483e+02, 4.3521e+00, 
 2DIAGNOSTIC,    25, -5.030789414982e-01, 1.249682511320e-06, 1.3869e+02, 3.8611e+00, 
 2DIAGNOSTIC,    26, -5.030789640195e-01, 1.197114080191e-06, 1.4302e+02, 4.3311e+00, 
 2DIAGNOSTIC,    27, -5.030790124930e-01, 1.153397087304e-06, 1.4686e+02, 3.8398e+00, 
 2DIAGNOSTIC,    28, -5.030790578872e-01, 1.114769895699e-06, 1.5117e+02, 4.3039e+00, 
 2DIAGNOSTIC,    29, -5.030792983485e-01, 1.082663437679e-06, 1.5547e+02, 4.3021e+00, 
 2DIAGNOSTIC,    30, -5.030793615768e-01, 1.056377339700e-06, 1.5981e+02, 4.3386e+00, 
 2DIAGNOSTIC,    31, -5.030794585938e-01, 1.032150513385e-06, 1.6459e+02, 4.7861e+00, 
 2DIAGNOSTIC,    32, -5.030794289921e-01, 1.008562346180e-06, 1.6889e+02, 4.3011e+00, 
  Elapsed time (stage 1): 1.7140e+02


Stage 2
  iterations = 100x70x50x20
