---------------------
Profiling information

Pipeline: ants registrationSyN
NTHREAD: 1

DATASET: ds004513
SUBJECT_ID: s032

SIF_IMG: /mnt/lustre/mathdugre/containers/ants-debug.simg
DATA_DIR: /mnt/lustre/mathdugre/mri-bottleneck/datasets/ds004513

PROJECT_DIR: /mnt/lustre/mathdugre/mri-bottleneck
PROFILING_DIR: /mnt/lustre/mathdugre/mri-bottleneck/vtune_output/1-threads/ants/registrationSyN/ds004513/sub-s032/jK9CTRZaVQTVyabrob17CylTXaXF33U3
---------------------

Command to profile: bash tmp-scripts/jK9CTRZaVQTVyabrob17CylTXaXF33U3.sh

--------------------------------------------------------------------------------------
 Mapping parameters
--------------------------------------------------------------------------------------
 ANTSPATH is /opt/ants/bin

 Dimensionality:           3
 Output name prefix:       /data/derivatives/ants/registrationSyN/sub-s032/ses-open/anat/
 Fixed images:             /templateflow/tpl-MNI152NLin2009cAsym//tpl-MNI152NLin2009cAsym_res-01_desc-brain_T1w.nii.gz
 Moving images:            /data/derivatives/fsl/fast/sub-s032/ses-open/anat/BrainExtractionBrain_seg.nii.gz
 Mask images:              
 Initial transforms:       
 Number of threads:        1
 Spline distance:          26
 SyN gradient step:        0.1
 Transform type:           s
 CC radius:                4
 Precision:                d
 Use histogram matching    0
 Repro                     0
======================================================================================
 antsRegistration call:
--------------------------------------------------------------------------------------
/opt/ants/bin/antsRegistration --verbose 1 --dimensionality 3 --float 0 --collapse-output-transforms 1 --output [ /data/derivatives/ants/registrationSyN/sub-s032/ses-open/anat/,/data/derivatives/ants/registrationSyN/sub-s032/ses-open/anat/Warped.nii.gz,/data/derivatives/ants/registrationSyN/sub-s032/ses-open/anat/InverseWarped.nii.gz ] --interpolation Linear --use-histogram-matching 0 --winsorize-image-intensities [ 0.005,0.995 ] --initial-moving-transform [ /templateflow/tpl-MNI152NLin2009cAsym//tpl-MNI152NLin2009cAsym_res-01_desc-brain_T1w.nii.gz,/data/derivatives/fsl/fast/sub-s032/ses-open/anat/BrainExtractionBrain_seg.nii.gz,1 ] --transform Rigid[ 0.1 ] --metric MI[ /templateflow/tpl-MNI152NLin2009cAsym//tpl-MNI152NLin2009cAsym_res-01_desc-brain_T1w.nii.gz,/data/derivatives/fsl/fast/sub-s032/ses-open/anat/BrainExtractionBrain_seg.nii.gz,1,32,Regular,0.25 ] --convergence [ 1000x500x250x100,1e-6,10 ] --shrink-factors 8x4x2x1 --smoothing-sigmas 3x2x1x0vox --transform Affine[ 0.1 ] --metric MI[ /templateflow/tpl-MNI152NLin2009cAsym//tpl-MNI152NLin2009cAsym_res-01_desc-brain_T1w.nii.gz,/data/derivatives/fsl/fast/sub-s032/ses-open/anat/BrainExtractionBrain_seg.nii.gz,1,32,Regular,0.25 ] --convergence [ 1000x500x250x100,1e-6,10 ] --shrink-factors 8x4x2x1 --smoothing-sigmas 3x2x1x0vox --transform SyN[ 0.1,3,0 ] --metric CC[ /templateflow/tpl-MNI152NLin2009cAsym//tpl-MNI152NLin2009cAsym_res-01_desc-brain_T1w.nii.gz,/data/derivatives/fsl/fast/sub-s032/ses-open/anat/BrainExtractionBrain_seg.nii.gz,1,4 ] --convergence [ 100x70x50x20,1e-6,10 ] --shrink-factors 8x4x2x1 --smoothing-sigmas 3x2x1x0vox
--------------------------------------------------------------------------------------
All_Command_lines_OK
Using double precision for computations.
=============================================================================
The composite transform comprises the following transforms (in order): 
  1. Center of mass alignment using fixed image: /templateflow/tpl-MNI152NLin2009cAsym//tpl-MNI152NLin2009cAsym_res-01_desc-brain_T1w.nii.gz and moving image: /data/derivatives/fsl/fast/sub-s032/ses-open/anat/BrainExtractionBrain_seg.nii.gz (type = Euler3DTransform)
=============================================================================
  number of levels = 4
  number of levels = 4
  number of levels = 4
  fixed image: /templateflow/tpl-MNI152NLin2009cAsym//tpl-MNI152NLin2009cAsym_res-01_desc-brain_T1w.nii.gz
  moving image: /data/derivatives/fsl/fast/sub-s032/ses-open/anat/BrainExtractionBrain_seg.nii.gz
  fixed image: /templateflow/tpl-MNI152NLin2009cAsym//tpl-MNI152NLin2009cAsym_res-01_desc-brain_T1w.nii.gz
  moving image: /data/derivatives/fsl/fast/sub-s032/ses-open/anat/BrainExtractionBrain_seg.nii.gz
  fixed image: /templateflow/tpl-MNI152NLin2009cAsym//tpl-MNI152NLin2009cAsym_res-01_desc-brain_T1w.nii.gz
  moving image: /data/derivatives/fsl/fast/sub-s032/ses-open/anat/BrainExtractionBrain_seg.nii.gz
Dimension = 3
Number of stages = 3
Use histogram matching = false
Winsorize image intensities = true
  Lower quantile = 0.005
  Upper quantile = 0.995


Stage 1 State
   Image metric = Mattes
     Fixed image = Image (0x5626e840e5b0)
  RTTI typeinfo:   itk::Image<double, 3u>
  Reference Count: 2
  Modified Time: 1717
  Debug: Off
  Object Name: 
  Observers: 
    none
  Source: (none)
  Source output name: (none)
  Release Data: Off
  Data Released: False
  Global Release Data: Off
  PipelineMTime: 0
  UpdateMTime: 1502
  RealTimeStamp: 0 seconds 
  LargestPossibleRegion: 
    Dimension: 3
    Index: [0, 0, 0]
    Size: [193, 229, 193]
  BufferedRegion: 
    Dimension: 3
    Index: [0, 0, 0]
    Size: [193, 229, 193]
  RequestedRegion: 
    Dimension: 3
    Index: [0, 0, 0]
    Size: [193, 229, 193]
  Spacing: [1, 1, 1]
  Origin: [96, 132, -78]
  Direction: 
-1 0 0
0 -1 0
0 0 1

  IndexToPointMatrix: 
-1 0 0
0 -1 0
0 0 1

  PointToIndexMatrix: 
-1 0 0
0 -1 0
0 0 1

  Inverse Direction: 
-1 0 0
0 -1 0
0 0 1

  PixelContainer: 
    ImportImageContainer (0x5626e8417160)
      RTTI typeinfo:   itk::ImportImageContainer<unsigned long, double>
      Reference Count: 1
      Modified Time: 1499
      Debug: Off
      Object Name: 
      Observers: 
        none
      Pointer: 0x7f9dca64d010
      Container manages memory: true
      Size: 8530021
      Capacity: 8530021

     Moving image = Image (0x5626e841a0a0)
  RTTI typeinfo:   itk::Image<double, 3u>
  Reference Count: 2
  Modified Time: 1718
  Debug: Off
  Object Name: 
  Observers: 
    none
  Source: (none)
  Source output name: (none)
  Release Data: Off
  Data Released: False
  Global Release Data: Off
  PipelineMTime: 0
  UpdateMTime: 1715
  RealTimeStamp: 0 seconds 
  LargestPossibleRegion: 
    Dimension: 3
    Index: [0, 0, 0]
    Size: [160, 240, 256]
  BufferedRegion: 
    Dimension: 3
    Index: [0, 0, 0]
    Size: [160, 240, 256]
  RequestedRegion: 
    Dimension: 3
    Index: [0, 0, 0]
    Size: [160, 240, 256]
  Spacing: [1, 1, 1]
  Origin: [73.279, 104.707, -131.187]
  Direction: 
-0.997527 0.0645574 -0.0278053
-0.0645323 -0.997914 -0.00179875
-0.0278634 4.01097e-08 0.999612

  IndexToPointMatrix: 
-0.997527 0.0645574 -0.0278053
-0.0645323 -0.997914 -0.00179875
-0.0278634 4.01097e-08 0.999612

  PointToIndexMatrix: 
-0.997527 -0.0645323 -0.0278634
0.0645574 -0.997914 4.01049e-08
-0.0278053 -0.00179875 0.999612

  Inverse Direction: 
-0.997527 -0.0645323 -0.0278634
0.0645574 -0.997914 4.01049e-08
-0.0278053 -0.00179875 0.999612

  PixelContainer: 
    ImportImageContainer (0x5626e84d1fd0)
      RTTI typeinfo:   itk::ImportImageContainer<unsigned long, double>
      Reference Count: 1
      Modified Time: 1712
      Debug: Off
      Object Name: 
      Observers: 
        none
      Pointer: 0x7f9dc5b4c010
      Container manages memory: true
      Size: 9830400
      Capacity: 9830400

     Weighting = 1
     Sampling strategy = regular
     Number of bins = 32
     Radius = 4
     Sampling percentage  = 0.25
   Transform = Rigid
     Gradient step = 0.1
     Update field sigma (voxel space) = 0
     Total field sigma (voxel space) = 0
     Update field time sigma = 0
     Total field time sigma  = 0
     Number of time indices = 0
     Number of time point samples = 0
Stage 2 State
   Image metric = Mattes
     Fixed image = Image (0x5626e84714d0)
  RTTI typeinfo:   itk::Image<double, 3u>
  Reference Count: 2
  Modified Time: 2145
  Debug: Off
  Object Name: 
  Observers: 
    none
  Source: (none)
  Source output name: (none)
  Release Data: Off
  Data Released: False
  Global Release Data: Off
  PipelineMTime: 0
  UpdateMTime: 1930
  RealTimeStamp: 0 seconds 
  LargestPossibleRegion: 
    Dimension: 3
    Index: [0, 0, 0]
    Size: [193, 229, 193]
  BufferedRegion: 
    Dimension: 3
    Index: [0, 0, 0]
    Size: [193, 229, 193]
  RequestedRegion: 
    Dimension: 3
    Index: [0, 0, 0]
    Size: [193, 229, 193]
  Spacing: [1, 1, 1]
  Origin: [96, 132, -78]
  Direction: 
-1 0 0
0 -1 0
0 0 1

  IndexToPointMatrix: 
-1 0 0
0 -1 0
0 0 1

  PointToIndexMatrix: 
-1 0 0
0 -1 0
0 0 1

  Inverse Direction: 
-1 0 0
0 -1 0
0 0 1

  PixelContainer: 
    ImportImageContainer (0x5626e84f2050)
      RTTI typeinfo:   itk::ImportImageContainer<unsigned long, double>
      Reference Count: 1
      Modified Time: 1927
      Debug: Off
      Object Name: 
      Observers: 
        none
      Pointer: 0x7f9dc1a37010
      Container manages memory: true
      Size: 8530021
      Capacity: 8530021

     Moving image = Image (0x5626e846f4e0)
  RTTI typeinfo:   itk::Image<double, 3u>
  Reference Count: 2
  Modified Time: 2146
  Debug: Off
  Object Name: 
  Observers: 
    none
  Source: (none)
  Source output name: (none)
  Release Data: Off
  Data Released: False
  Global Release Data: Off
  PipelineMTime: 0
  UpdateMTime: 2143
  RealTimeStamp: 0 seconds 
  LargestPossibleRegion: 
    Dimension: 3
    Index: [0, 0, 0]
    Size: [160, 240, 256]
  BufferedRegion: 
    Dimension: 3
    Index: [0, 0, 0]
    Size: [160, 240, 256]
  RequestedRegion: 
    Dimension: 3
    Index: [0, 0, 0]
    Size: [160, 240, 256]
  Spacing: [1, 1, 1]
  Origin: [73.279, 104.707, -131.187]
  Direction: 
-0.997527 0.0645574 -0.0278053
-0.0645323 -0.997914 -0.00179875
-0.0278634 4.01097e-08 0.999612

  IndexToPointMatrix: 
-0.997527 0.0645574 -0.0278053
-0.0645323 -0.997914 -0.00179875
-0.0278634 4.01097e-08 0.999612

  PointToIndexMatrix: 
-0.997527 -0.0645323 -0.0278634
0.0645574 -0.997914 4.01049e-08
-0.0278053 -0.00179875 0.999612

  Inverse Direction: 
-0.997527 -0.0645323 -0.0278634
0.0645574 -0.997914 4.01049e-08
-0.0278053 -0.00179875 0.999612

  PixelContainer: 
    ImportImageContainer (0x5626e85120d0)
      RTTI typeinfo:   itk::ImportImageContainer<unsigned long, double>
      Reference Count: 1
      Modified Time: 2140
      Debug: Off
      Object Name: 
      Observers: 
        none
      Pointer: 0x7f9dbcf36010
      Container manages memory: true
      Size: 9830400
      Capacity: 9830400

     Weighting = 1
     Sampling strategy = regular
     Number of bins = 32
     Radius = 4
     Sampling percentage  = 0.25
   Transform = Affine
     Gradient step = 0.1
     Update field sigma (voxel space) = 0
     Total field sigma (voxel space) = 0
     Update field time sigma = 0
     Total field time sigma  = 0
     Number of time indices = 0
     Number of time point samples = 0
Stage 3 State
   Image metric = CC
     Fixed image = Image (0x5626e8470ed0)
  RTTI typeinfo:   itk::Image<double, 3u>
  Reference Count: 2
  Modified Time: 2573
  Debug: Off
  Object Name: 
  Observers: 
    none
  Source: (none)
  Source output name: (none)
  Release Data: Off
  Data Released: False
  Global Release Data: Off
  PipelineMTime: 0
  UpdateMTime: 2358
  RealTimeStamp: 0 seconds 
  LargestPossibleRegion: 
    Dimension: 3
    Index: [0, 0, 0]
    Size: [193, 229, 193]
  BufferedRegion: 
    Dimension: 3
    Index: [0, 0, 0]
    Size: [193, 229, 193]
  RequestedRegion: 
    Dimension: 3
    Index: [0, 0, 0]
    Size: [193, 229, 193]
  Spacing: [1, 1, 1]
  Origin: [96, 132, -78]
  Direction: 
-1 0 0
0 -1 0
0 0 1

  IndexToPointMatrix: 
-1 0 0
0 -1 0
0 0 1

  PointToIndexMatrix: 
-1 0 0
0 -1 0
0 0 1

  Inverse Direction: 
-1 0 0
0 -1 0
0 0 1

  PixelContainer: 
    ImportImageContainer (0x5626e84b1fd0)
      RTTI typeinfo:   itk::ImportImageContainer<unsigned long, double>
      Reference Count: 1
      Modified Time: 2355
      Debug: Off
      Object Name: 
      Observers: 
        none
      Pointer: 0x7f9db8e21010
      Container manages memory: true
      Size: 8530021
      Capacity: 8530021

     Moving image = Image (0x5626e84d5340)
  RTTI typeinfo:   itk::Image<double, 3u>
  Reference Count: 2
  Modified Time: 2574
  Debug: Off
  Object Name: 
  Observers: 
    none
  Source: (none)
  Source output name: (none)
  Release Data: Off
  Data Released: False
  Global Release Data: Off
  PipelineMTime: 0
  UpdateMTime: 2571
  RealTimeStamp: 0 seconds 
  LargestPossibleRegion: 
    Dimension: 3
    Index: [0, 0, 0]
    Size: [160, 240, 256]
  BufferedRegion: 
    Dimension: 3
    Index: [0, 0, 0]
    Size: [160, 240, 256]
  RequestedRegion: 
    Dimension: 3
    Index: [0, 0, 0]
    Size: [160, 240, 256]
  Spacing: [1, 1, 1]
  Origin: [73.279, 104.707, -131.187]
  Direction: 
-0.997527 0.0645574 -0.0278053
-0.0645323 -0.997914 -0.00179875
-0.0278634 4.01097e-08 0.999612

  IndexToPointMatrix: 
-0.997527 0.0645574 -0.0278053
-0.0645323 -0.997914 -0.00179875
-0.0278634 4.01097e-08 0.999612

  PointToIndexMatrix: 
-0.997527 -0.0645323 -0.0278634
0.0645574 -0.997914 4.01049e-08
-0.0278053 -0.00179875 0.999612

  Inverse Direction: 
-0.997527 -0.0645323 -0.0278634
0.0645574 -0.997914 4.01049e-08
-0.0278053 -0.00179875 0.999612

  PixelContainer: 
    ImportImageContainer (0x5626e84d44c0)
      RTTI typeinfo:   itk::ImportImageContainer<unsigned long, double>
      Reference Count: 1
      Modified Time: 2568
      Debug: Off
      Object Name: 
      Observers: 
        none
      Pointer: 0x7f9db4320010
      Container manages memory: true
      Size: 9830400
      Capacity: 9830400

     Weighting = 1
     Sampling strategy = none
     Number of bins = 32
     Radius = 4
     Sampling percentage  = 1
   Transform = SyN
     Gradient step = 0.1
     Update field sigma (voxel space) = 3
     Total field sigma (voxel space) = 0
     Update field time sigma = 0
     Total field time sigma  = 0
     Number of time indices = 0
     Number of time point samples = 0
Registration using 3 total stages.

Stage 0
  iterations = 1000x500x250x100
  convergence threshold = 1e-06
  convergence window size = 10
  number of levels = 4
  using the Mattes MI metric (number of bins = 32, weight = 1, use gradient filter = 0)
  preprocessing:  winsorizing the image intensities
  Shrink factors (level 1 out of 4): [8, 8, 8]
  Shrink factors (level 2 out of 4): [4, 4, 4]
  Shrink factors (level 3 out of 4): [2, 2, 2]
  Shrink factors (level 4 out of 4): [1, 1, 1]
  smoothing sigmas per level: [3, 2, 1, 0]
  regular sampling (percentage = 0.25)

*** Running Euler3DTransform registration ***

DIAGNOSTIC,Iteration,metricValue,convergenceValue,ITERATION_TIME_INDEX,SINCE_LAST
 2DIAGNOSTIC,     1, -5.741187274716e-01, 1.797693134862e+308, 1.5986e+00, 1.5986e+00, 
 2DIAGNOSTIC,     2, -5.771394758888e-01, 1.797693134862e+308, 1.6065e+00, 7.8781e-03, 
 2DIAGNOSTIC,     3, -5.814660768065e-01, 1.797693134862e+308, 1.6132e+00, 6.7251e-03, 
 2DIAGNOSTIC,     4, -5.874670805672e-01, 1.797693134862e+308, 1.6202e+00, 7.0078e-03, 
 2DIAGNOSTIC,     5, -5.968922637628e-01, 1.797693134862e+308, 1.6274e+00, 7.1440e-03, 
 2DIAGNOSTIC,     6, -6.117008680882e-01, 1.797693134862e+308, 1.6350e+00, 7.5970e-03, 
 2DIAGNOSTIC,     7, -6.497105204970e-01, 1.797693134862e+308, 1.6433e+00, 8.2939e-03, 
 2DIAGNOSTIC,     8, -6.562506187812e-01, 1.797693134862e+308, 1.6527e+00, 9.4471e-03, 
 2DIAGNOSTIC,     9, -6.563731221573e-01, 1.797693134862e+308, 1.6596e+00, 6.8300e-03, 
 2DIAGNOSTIC,    10, -6.572646249496e-01, 1.092972212643e-02, 1.6716e+00, 1.2066e-02, 
 2DIAGNOSTIC,    11, -6.576280712384e-01, 9.568962154374e-03, 1.6823e+00, 1.0668e-02, 
 2DIAGNOSTIC,    12, -6.577147262150e-01, 7.689496825376e-03, 1.6900e+00, 7.7291e-03, 
 2DIAGNOSTIC,    13, -6.579373502625e-01, 5.580614163756e-03, 1.6977e+00, 7.6299e-03, 
 2DIAGNOSTIC,    14, -6.580519227999e-01, 3.497151799216e-03, 1.7045e+00, 6.8469e-03, 
 2DIAGNOSTIC,    15, -6.580775370932e-01, 1.674563025566e-03, 1.7114e+00, 6.8569e-03, 
 2DIAGNOSTIC,    16, -6.581739940687e-01, 3.276826069666e-04, 1.7181e+00, 6.6950e-03, 
 2DIAGNOSTIC,    17, -6.582686022702e-01, 1.181376336578e-04, 1.7251e+00, 7.0260e-03, 
 2DIAGNOSTIC,    18, -6.584985196046e-01, 9.083789527901e-05, 1.7319e+00, 6.8069e-03, 
 2DIAGNOSTIC,    19, -6.587128828951e-01, 6.559166240232e-05, 1.7395e+00, 7.6180e-03, 
 2DIAGNOSTIC,    20, -6.589529334700e-01, 6.210027342715e-05, 1.7464e+00, 6.8932e-03, 
 2DIAGNOSTIC,    21, -6.592557077582e-01, 6.745839605782e-05, 1.7533e+00, 6.9451e-03, 
 2DIAGNOSTIC,    22, -6.601242148388e-01, 8.529184318288e-05, 1.7618e+00, 8.4670e-03, 
 2DIAGNOSTIC,    23, -6.608178397386e-01, 1.109344808143e-04, 1.7735e+00, 1.1723e-02, 
 2DIAGNOSTIC,    24, -6.611463276721e-01, 1.321650850848e-04, 1.7804e+00, 6.8619e-03, 
 2DIAGNOSTIC,    25, -6.612315356797e-01, 1.415058461634e-04, 1.7872e+00, 6.8181e-03, 
 2DIAGNOSTIC,    26, -6.614303733854e-01, 1.420829162861e-04, 1.7939e+00, 6.7320e-03, 
 2DIAGNOSTIC,    27, -6.622072523352e-01, 1.433389316530e-04, 1.8029e+00, 8.9891e-03, 
 2DIAGNOSTIC,    28, -6.626596659522e-01, 1.413502674208e-04, 1.8118e+00, 8.8921e-03, 
 2DIAGNOSTIC,    29, -6.627191461350e-01, 1.304750278962e-04, 1.8187e+00, 6.8390e-03, 
 2DIAGNOSTIC,    30, -6.627458418759e-01, 1.124284109374e-04, 1.8276e+00, 8.9211e-03, 
 2DIAGNOSTIC,    31, -6.628352235443e-01, 9.046908337303e-05, 1.8343e+00, 6.6860e-03, 
 2DIAGNOSTIC,    32, -6.628398626838e-01, 7.302657834429e-05, 1.8584e+00, 2.4152e-02, 
 2DIAGNOSTIC,    33, -6.628398626823e-01, 5.889044025571e-05, 1.8817e+00, 2.3245e-02, 
 2DIAGNOSTIC,    34, -6.628398626823e-01, 4.450404787591e-05, 1.8892e+00, 7.5171e-03, 
 2DIAGNOSTIC,    35, -6.628398626823e-01, 2.802009464780e-05, 1.8970e+00, 7.7891e-03, 
 2DIAGNOSTIC,    36, -6.628398626823e-01, 1.210877895677e-05, 1.9064e+00, 9.4380e-03, 
 2DIAGNOSTIC,    37, -6.628398626823e-01, 5.071991775699e-06, 1.9141e+00, 7.6509e-03, 
 2DIAGNOSTIC,    38, -6.628398626823e-01, 3.232029908259e-06, 1.9235e+00, 9.4581e-03, 
 2DIAGNOSTIC,    39, -6.628398626823e-01, 1.934323646587e-06, 1.9311e+00, 7.5572e-03, 
DIAGNOSTIC,Iteration,metricValue,convergenceValue,ITERATION_TIME_INDEX,SINCE_LAST
 2DIAGNOSTIC,     1, -5.349035996879e-01, 1.797693134862e+308, 3.2584e+00, 1.3274e+00, 
 2DIAGNOSTIC,     2, -5.353321652573e-01, 1.797693134862e+308, 3.3237e+00, 6.5290e-02, 
 2DIAGNOSTIC,     3, -5.358023691725e-01, 1.797693134862e+308, 3.3871e+00, 6.3377e-02, 
 2DIAGNOSTIC,     4, -5.363747435312e-01, 1.797693134862e+308, 3.4517e+00, 6.4545e-02, 
 2DIAGNOSTIC,     5, -5.370383118079e-01, 1.797693134862e+308, 3.5164e+00, 6.4778e-02, 
 2DIAGNOSTIC,     6, -5.379655013401e-01, 1.797693134862e+308, 3.5828e+00, 6.6342e-02, 
 2DIAGNOSTIC,     7, -5.415684732310e-01, 1.797693134862e+308, 3.6546e+00, 7.1839e-02, 
 2DIAGNOSTIC,     8, -5.502038360723e-01, 1.797693134862e+308, 3.7231e+00, 6.8470e-02, 
 2DIAGNOSTIC,     9, -5.532109564725e-01, 1.797693134862e+308, 3.8078e+00, 8.4696e-02, 
 2DIAGNOSTIC,    10, -5.556824446616e-01, 2.578108985302e-03, 3.9007e+00, 9.2928e-02, 
 2DIAGNOSTIC,    11, -5.564506053759e-01, 2.716685932730e-03, 3.9672e+00, 6.6474e-02, 
 2DIAGNOSTIC,    12, -5.624200169449e-01, 2.863059897876e-03, 4.0443e+00, 7.7085e-02, 
 2DIAGNOSTIC,    13, -5.702098519837e-01, 3.044535227827e-03, 4.1198e+00, 7.5568e-02, 
 2DIAGNOSTIC,    14, -5.709359092739e-01, 2.964722815240e-03, 4.1981e+00, 7.8276e-02, 
 2DIAGNOSTIC,    15, -5.739985987311e-01, 2.762979174390e-03, 4.2808e+00, 8.2679e-02, 
 2DIAGNOSTIC,    16, -5.744507949936e-01, 2.381001102703e-03, 4.3555e+00, 7.4675e-02, 
 2DIAGNOSTIC,    17, -5.745950943031e-01, 1.932376279282e-03, 4.4297e+00, 7.4219e-02, 
 2DIAGNOSTIC,    18, -5.751188267719e-01, 1.614090015753e-03, 4.4943e+00, 6.4581e-02, 
 2DIAGNOSTIC,    19, -5.757964922592e-01, 1.279938432753e-03, 4.5622e+00, 6.7945e-02, 
 2DIAGNOSTIC,    20, -5.785031836245e-01, 9.966312935279e-04, 4.6695e+00, 1.0730e-01, 
 2DIAGNOSTIC,    21, -5.789784757091e-01, 6.754169931610e-04, 4.7347e+00, 6.5216e-02, 
 2DIAGNOSTIC,    22, -5.798590458648e-01, 4.768005926210e-04, 4.8081e+00, 7.3389e-02, 
 2DIAGNOSTIC,    23, -5.801210000791e-01, 4.302956757569e-04, 4.8820e+00, 7.3907e-02, 
 2DIAGNOSTIC,    24, -5.800710482056e-01, 3.599906821665e-04, 4.9814e+00, 9.9432e-02, 
 2DIAGNOSTIC,    25, -5.800702129211e-01, 3.232144219099e-04, 5.0631e+00, 8.1667e-02, 
 2DIAGNOSTIC,    26, -5.800561888159e-01, 2.675569643109e-04, 5.1354e+00, 7.2306e-02, 
 2DIAGNOSTIC,    27, -5.800500973109e-01, 1.940436536146e-04, 5.2002e+00, 6.4795e-02, 
 2DIAGNOSTIC,    28, -5.800453248151e-01, 1.173650482323e-04, 5.2819e+00, 8.1719e-02, 
 2DIAGNOSTIC,    29, -5.800555886120e-01, 4.611752229493e-05, 5.3485e+00, 6.6531e-02, 
 2DIAGNOSTIC,    30, -5.800413261215e-01, 2.071929320197e-05, 5.4134e+00, 6.4937e-02, 
 2DIAGNOSTIC,    31, -5.800354786522e-01, 2.406793178152e-06, 5.4771e+00, 6.3693e-02, 
DIAGNOSTIC,Iteration,metricValue,convergenceValue,ITERATION_TIME_INDEX,SINCE_LAST
 2DIAGNOSTIC,     1, -5.122487971228e-01, 1.797693134862e+308, 7.3307e+00, 1.8536e+00, 
 2DIAGNOSTIC,     2, -5.126332985989e-01, 1.797693134862e+308, 7.8451e+00, 5.1444e-01, 
 2DIAGNOSTIC,     3, -5.129644182508e-01, 1.797693134862e+308, 8.3604e+00, 5.1523e-01, 
 2DIAGNOSTIC,     4, -5.130785637082e-01, 1.797693134862e+308, 8.9687e+00, 6.0833e-01, 
 2DIAGNOSTIC,     5, -5.131469934046e-01, 1.797693134862e+308, 9.4779e+00, 5.0918e-01, 
 2DIAGNOSTIC,     6, -5.132266922080e-01, 1.797693134862e+308, 1.0006e+01, 5.2818e-01, 
 2DIAGNOSTIC,     7, -5.133499155247e-01, 1.797693134862e+308, 1.0530e+01, 5.2428e-01, 
 2DIAGNOSTIC,     8, -5.135477552516e-01, 1.797693134862e+308, 1.1044e+01, 5.1332e-01, 
 2DIAGNOSTIC,     9, -5.140791115759e-01, 1.797693134862e+308, 1.1865e+01, 8.2131e-01, 
 2DIAGNOSTIC,    10, -5.147417764899e-01, 2.415656705014e-04, 1.2452e+01, 5.8701e-01, 
 2DIAGNOSTIC,    11, -5.147624096663e-01, 2.339606044944e-04, 1.3116e+01, 6.6367e-01, 
 2DIAGNOSTIC,    12, -5.147952310146e-01, 2.264309453603e-04, 1.3780e+01, 6.6470e-01, 
 2DIAGNOSTIC,    13, -5.147991810295e-01, 2.142572646888e-04, 1.4525e+01, 7.4443e-01, 
 2DIAGNOSTIC,    14, -5.147983550398e-01, 1.886516261314e-04, 1.5117e+01, 5.9208e-01, 
 2DIAGNOSTIC,    15, -5.147983166434e-01, 1.515994121662e-04, 1.5723e+01, 6.0606e-01, 
 2DIAGNOSTIC,    16, -5.147978538019e-01, 1.083801593935e-04, 1.6316e+01, 5.9346e-01, 
 2DIAGNOSTIC,    17, -5.147963473371e-01, 6.477507047463e-05, 1.6915e+01, 5.9845e-01, 
 2DIAGNOSTIC,    18, -5.147948912907e-01, 2.602868452060e-05, 1.7589e+01, 6.7447e-01, 
 2DIAGNOSTIC,    19, -5.147949875702e-01, 4.055603626478e-06, 1.8182e+01, 5.9303e-01, 
 2DIAGNOSTIC,    20, -5.147942522522e-01, 2.355903579845e-06, 1.8859e+01, 6.7666e-01, 
 2DIAGNOSTIC,    21, -5.147925735098e-01, 1.222655934566e-06, 1.9455e+01, 5.9554e-01, 
 2DIAGNOSTIC,    22, -5.147917672209e-01, 1.023237900105e-06, 1.9980e+01, 5.2532e-01, 
DIAGNOSTIC,Iteration,metricValue,convergenceValue,ITERATION_TIME_INDEX,SINCE_LAST
 2DIAGNOSTIC,     1, -4.714952369159e-01, 1.797693134862e+308, 2.4691e+01, 4.7111e+00, 
 2DIAGNOSTIC,     2, -4.714937563817e-01, 1.797693134862e+308, 2.7712e+01, 3.0214e+00, 
 2DIAGNOSTIC,     3, -4.714995800781e-01, 1.797693134862e+308, 3.0770e+01, 3.0579e+00, 
 2DIAGNOSTIC,     4, -4.715184415279e-01, 1.797693134862e+308, 3.3837e+01, 3.0669e+00, 
 2DIAGNOSTIC,     5, -4.715530100421e-01, 1.797693134862e+308, 3.7729e+01, 3.8921e+00, 
 2DIAGNOSTIC,     6, -4.715938344486e-01, 1.797693134862e+308, 4.0779e+01, 3.0500e+00, 
 2DIAGNOSTIC,     7, -4.716684112793e-01, 1.797693134862e+308, 4.4662e+01, 3.8825e+00, 
 2DIAGNOSTIC,     8, -4.717080652180e-01, 1.797693134862e+308, 4.7731e+01, 3.0696e+00, 
 2DIAGNOSTIC,     9, -4.717212516847e-01, 1.797693134862e+308, 5.1161e+01, 3.4294e+00, 
 2DIAGNOSTIC,    10, -4.717363615370e-01, 4.313711456337e-05, 5.4252e+01, 3.0914e+00, 
 2DIAGNOSTIC,    11, -4.717492451626e-01, 4.066331563063e-05, 5.7276e+01, 3.0235e+00, 
 2DIAGNOSTIC,    12, -4.718034676893e-01, 3.781787997538e-05, 6.4084e+01, 6.8079e+00, 
 2DIAGNOSTIC,    13, -4.718034073093e-01, 3.242794235540e-05, 6.7990e+01, 3.9065e+00, 
 2DIAGNOSTIC,    14, -4.718034306024e-01, 2.594772605026e-05, 7.1402e+01, 3.4122e+00, 
 2DIAGNOSTIC,    15, -4.718033968480e-01, 1.959410747132e-05, 7.5732e+01, 4.3298e+00, 
 2DIAGNOSTIC,    16, -4.718034543425e-01, 1.389981249073e-05, 7.9200e+01, 3.4674e+00, 
 2DIAGNOSTIC,    17, -4.718033193525e-01, 1.035747852666e-05, 8.2214e+01, 3.0146e+00, 
 2DIAGNOSTIC,    18, -4.718032163109e-01, 7.742676353173e-06, 8.5719e+01, 3.5048e+00, 
 2DIAGNOSTIC,    19, -4.718030822313e-01, 5.282722646813e-06, 8.9171e+01, 3.4523e+00, 
 2DIAGNOSTIC,    20, -4.718030398954e-01, 3.196024063699e-06, 9.2216e+01, 3.0444e+00, 
 2DIAGNOSTIC,    21, -4.718029379186e-01, 1.480593791500e-06, 9.5642e+01, 3.4263e+00, 
 2DIAGNOSTIC,    22, -4.718030892122e-01, 1.413611395225e-06, 9.8640e+01, 2.9983e+00, 
 2DIAGNOSTIC,    23, -4.718030922806e-01, 1.353907006216e-06, 1.0210e+02, 3.4574e+00, 
 2DIAGNOSTIC,    24, -4.718032025821e-01, 1.305347244081e-06, 1.0559e+02, 3.4897e+00, 
 2DIAGNOSTIC,    25, -4.718031820627e-01, 1.261175723202e-06, 1.0864e+02, 3.0486e+00, 
 2DIAGNOSTIC,    26, -4.718032982739e-01, 1.225590494362e-06, 1.1290e+02, 4.2677e+00, 
 2DIAGNOSTIC,    27, -4.718032335577e-01, 1.187930542657e-06, 1.1639e+02, 3.4857e+00, 
 2DIAGNOSTIC,    28, -4.718030815956e-01, 1.146645907182e-06, 1.1989e+02, 3.4998e+00, 
 2DIAGNOSTIC,    29, -4.718029352386e-01, 1.101528111822e-06, 1.2332e+02, 3.4296e+00, 
 2DIAGNOSTIC,    30, -4.718028805070e-01, 1.057159298032e-06, 1.2680e+02, 3.4861e+00, 
 2DIAGNOSTIC,    31, -4.718028257783e-01, 1.012790481474e-06, 1.3022e+02, 3.4140e+00, 
  Elapsed time (stage 0): 1.3221e+02


Stage 1
  iterations = 1000x500x250x100
  convergence threshold = 1.0000e-06
  convergence window size = 10
  number of levels = 4
  using the Mattes MI metric (number of bins = 32, weight = 1.0000e+00, use gradient filter = 0)
  preprocessing:  winsorizing the image intensities
  Shrink factors (level 1 out of 4): [8, 8, 8]
  Shrink factors (level 2 out of 4): [4, 4, 4]
  Shrink factors (level 3 out of 4): [2, 2, 2]
  Shrink factors (level 4 out of 4): [1, 1, 1]
  smoothing sigmas per level: [3, 2, 1, 0]
  regular sampling (percentage = 2.5000e-01)

*** Running AffineTransform registration ***

DIAGNOSTIC,Iteration,metricValue,convergenceValue,ITERATION_TIME_INDEX,SINCE_LAST
 2DIAGNOSTIC,     1, -7.008338343079e-01, 1.797693134862e+308, 1.2346e+00, 1.2346e+00, 
 2DIAGNOSTIC,     2, -7.026669946856e-01, 1.797693134862e+308, 1.2424e+00, 7.8239e-03, 
 2DIAGNOSTIC,     3, -7.056018014297e-01, 1.797693134862e+308, 1.2500e+00, 7.5562e-03, 
 2DIAGNOSTIC,     4, -7.100264581170e-01, 1.797693134862e+308, 1.2577e+00, 7.6978e-03, 
 2DIAGNOSTIC,     5, -7.175851798727e-01, 1.797693134862e+308, 1.2652e+00, 7.5612e-03, 
 2DIAGNOSTIC,     6, -7.274979976814e-01, 1.797693134862e+308, 1.2729e+00, 7.6659e-03, 
 2DIAGNOSTIC,     7, -7.429013733346e-01, 1.797693134862e+308, 1.2839e+00, 1.0983e-02, 
 2DIAGNOSTIC,     8, -7.514913282884e-01, 1.797693134862e+308, 1.2932e+00, 9.2971e-03, 
 2DIAGNOSTIC,     9, -7.574549586505e-01, 1.797693134862e+308, 1.3009e+00, 7.7181e-03, 
 2DIAGNOSTIC,    10, -7.603486871543e-01, 6.119165335645e-03, 1.3096e+00, 8.7111e-03, 
 2DIAGNOSTIC,    11, -7.619731334045e-01, 5.617827125207e-03, 1.3192e+00, 9.6321e-03, 
 2DIAGNOSTIC,    12, -7.624160369385e-01, 4.770021219624e-03, 1.3270e+00, 7.7441e-03, 
 2DIAGNOSTIC,    13, -7.625217816651e-01, 3.717236515902e-03, 1.3356e+00, 8.6391e-03, 
 2DIAGNOSTIC,    14, -7.626651567856e-01, 2.610185765896e-03, 1.3435e+00, 7.8349e-03, 
 2DIAGNOSTIC,    15, -7.625804054154e-01, 1.608647638749e-03, 1.3521e+00, 8.6391e-03, 
 2DIAGNOSTIC,    16, -7.630487174758e-01, 8.313043117957e-04, 1.3608e+00, 8.7371e-03, 
 2DIAGNOSTIC,    17, -7.641758264104e-01, 4.407351863514e-04, 1.3727e+00, 1.1815e-02, 
 2DIAGNOSTIC,    18, -7.640072241688e-01, 2.301858099898e-04, 1.3822e+00, 9.4991e-03, 
 2DIAGNOSTIC,    19, -7.638733635230e-01, 1.377423019868e-04, 1.3900e+00, 7.8111e-03, 
 2DIAGNOSTIC,    20, -7.640675270029e-01, 1.006321588695e-04, 1.3977e+00, 7.7181e-03, 
 2DIAGNOSTIC,    21, -7.642297742388e-01, 8.977063371551e-05, 1.4063e+00, 8.5709e-03, 
 2DIAGNOSTIC,    22, -7.644955533172e-01, 8.347186274003e-05, 1.4140e+00, 7.7519e-03, 
 2DIAGNOSTIC,    23, -7.645924786522e-01, 7.340318131279e-05, 1.4217e+00, 7.6909e-03, 
 2DIAGNOSTIC,    24, -7.648558868393e-01, 6.438498940518e-05, 1.4295e+00, 7.7698e-03, 
 2DIAGNOSTIC,    25, -7.648420854402e-01, 4.857282759815e-05, 1.4391e+00, 9.6350e-03, 
 2DIAGNOSTIC,    26, -7.648548496660e-01, 3.604898563720e-05, 1.4478e+00, 8.6761e-03, 
 2DIAGNOSTIC,    27, -7.647730311902e-01, 3.592434745661e-05, 1.4565e+00, 8.7090e-03, 
 2DIAGNOSTIC,    28, -7.648184318116e-01, 3.097129886957e-05, 1.4642e+00, 7.7350e-03, 
 2DIAGNOSTIC,    29, -7.648448239113e-01, 2.207059924933e-05, 1.4747e+00, 1.0459e-02, 
 2DIAGNOSTIC,    30, -7.648780968253e-01, 1.463136611907e-05, 1.4833e+00, 8.5931e-03, 
 2DIAGNOSTIC,    31, -7.647187606160e-01, 6.410336030334e-06, 1.4920e+00, 8.6989e-03, 
DIAGNOSTIC,Iteration,metricValue,convergenceValue,ITERATION_TIME_INDEX,SINCE_LAST
 2DIAGNOSTIC,     1, -6.057809035947e-01, 1.797693134862e+308, 2.8019e+00, 1.3099e+00, 
 2DIAGNOSTIC,     2, -6.062642521241e-01, 1.797693134862e+308, 2.8791e+00, 7.7229e-02, 
 2DIAGNOSTIC,     3, -6.068731151786e-01, 1.797693134862e+308, 2.9561e+00, 7.7010e-02, 
 2DIAGNOSTIC,     4, -6.074285726465e-01, 1.797693134862e+308, 3.0331e+00, 7.6996e-02, 
 2DIAGNOSTIC,     5, -6.078998881522e-01, 1.797693134862e+308, 3.1092e+00, 7.6028e-02, 
 2DIAGNOSTIC,     6, -6.086861678119e-01, 1.797693134862e+308, 3.1864e+00, 7.7251e-02, 
 2DIAGNOSTIC,     7, -6.095124311931e-01, 1.797693134862e+308, 3.2638e+00, 7.7427e-02, 
 2DIAGNOSTIC,     8, -6.101551437829e-01, 1.797693134862e+308, 3.4450e+00, 1.8121e-01, 
 2DIAGNOSTIC,     9, -6.101410015468e-01, 1.797693134862e+308, 3.5402e+00, 9.5156e-02, 
 2DIAGNOSTIC,    10, -6.101275458071e-01, 5.237026609689e-04, 3.6167e+00, 7.6480e-02, 
 2DIAGNOSTIC,    11, -6.101263622206e-01, 4.189961664289e-04, 3.6926e+00, 7.5904e-02, 
 2DIAGNOSTIC,    12, -6.101299523235e-01, 3.125487922020e-04, 3.7976e+00, 1.0501e-01, 
 2DIAGNOSTIC,    13, -6.101339152377e-01, 2.161326520336e-04, 3.8745e+00, 7.6865e-02, 
 2DIAGNOSTIC,    14, -6.101127077395e-01, 1.321707896877e-04, 3.9696e+00, 9.5142e-02, 
 2DIAGNOSTIC,    15, -6.101160725251e-01, 6.230564655749e-05, 4.0648e+00, 9.5242e-02, 
 2DIAGNOSTIC,    16, -6.100994079679e-01, 1.764230226510e-05, 4.1510e+00, 8.6198e-02, 
DIAGNOSTIC,Iteration,metricValue,convergenceValue,ITERATION_TIME_INDEX,SINCE_LAST
 2DIAGNOSTIC,     1, -5.427524044777e-01, 1.797693134862e+308, 6.1015e+00, 1.9505e+00, 
 2DIAGNOSTIC,     2, -5.432349575327e-01, 1.797693134862e+308, 6.6996e+00, 5.9809e-01, 
 2DIAGNOSTIC,     3, -5.438482795960e-01, 1.797693134862e+308, 7.3013e+00, 6.0173e-01, 
 2DIAGNOSTIC,     4, -5.446190166034e-01, 1.797693134862e+308, 7.9039e+00, 6.0261e-01, 
 2DIAGNOSTIC,     5, -5.454522673034e-01, 1.797693134862e+308, 8.5050e+00, 6.0106e-01, 
 2DIAGNOSTIC,     6, -5.472302487153e-01, 1.797693134862e+308, 9.3629e+00, 8.5796e-01, 
 2DIAGNOSTIC,     7, -5.474115134596e-01, 1.797693134862e+308, 9.9667e+00, 6.0377e-01, 
 2DIAGNOSTIC,     8, -5.475936560585e-01, 1.797693134862e+308, 1.0560e+01, 5.9283e-01, 
 2DIAGNOSTIC,     9, -5.480145727814e-01, 1.797693134862e+308, 1.1237e+01, 6.7741e-01, 
 2DIAGNOSTIC,    10, -5.486874399493e-01, 7.496598637224e-04, 1.2330e+01, 1.0930e+00, 
 2DIAGNOSTIC,    11, -5.487810534081e-01, 6.267598963866e-04, 1.2928e+01, 5.9761e-01, 
 2DIAGNOSTIC,    12, -5.490615469777e-01, 5.018837882202e-04, 1.3543e+01, 6.1531e-01, 
 2DIAGNOSTIC,    13, -5.495032929968e-01, 3.940493979180e-04, 1.4145e+01, 6.0230e-01, 
 2DIAGNOSTIC,    14, -5.500925451201e-01, 3.159523731379e-04, 1.4755e+01, 6.0957e-01, 
 2DIAGNOSTIC,    15, -5.505772044289e-01, 2.630387456012e-04, 1.5358e+01, 6.0300e-01, 
 2DIAGNOSTIC,    16, -5.509817510680e-01, 2.636523406953e-04, 1.5965e+01, 6.0695e-01, 
 2DIAGNOSTIC,    17, -5.515318492779e-01, 2.626705417286e-04, 1.6566e+01, 6.0115e-01, 
 2DIAGNOSTIC,    18, -5.529580665813e-01, 2.835650913724e-04, 1.7421e+01, 8.5486e-01, 
 2DIAGNOSTIC,    19, -5.533335169800e-01, 2.963719775026e-04, 1.8372e+01, 9.5128e-01, 
 2DIAGNOSTIC,    20, -5.533476329223e-01, 2.986110278890e-04, 1.9057e+01, 6.8510e-01, 
 2DIAGNOSTIC,    21, -5.533851591702e-01, 2.767927238968e-04, 1.9743e+01, 6.8630e-01, 
 2DIAGNOSTIC,    22, -5.533906028256e-01, 2.378096593234e-04, 2.0436e+01, 6.9233e-01, 
 2DIAGNOSTIC,    23, -5.533941560281e-01, 1.894501117968e-04, 2.1030e+01, 5.9424e-01, 
 2DIAGNOSTIC,    24, -5.534064710675e-01, 1.402556169583e-04, 2.1641e+01, 6.1120e-01, 
 2DIAGNOSTIC,    25, -5.534223299922e-01, 9.267698700433e-05, 2.2245e+01, 6.0353e-01, 
 2DIAGNOSTIC,    26, -5.534773721116e-01, 4.946199017240e-05, 2.2842e+01, 5.9696e-01, 
 2DIAGNOSTIC,    27, -5.537139686395e-01, 1.927165391631e-05, 2.3442e+01, 6.0071e-01, 
 2DIAGNOSTIC,    28, -5.539099866048e-01, 1.919713133086e-05, 2.4208e+01, 7.6611e-01, 
 2DIAGNOSTIC,    29, -5.539860256249e-01, 2.543186013496e-05, 2.4890e+01, 6.8170e-01, 
 2DIAGNOSTIC,    30, -5.542411557154e-01, 3.362816272652e-05, 2.5496e+01, 6.0557e-01, 
 2DIAGNOSTIC,    31, -5.545869774791e-01, 4.451292584474e-05, 2.6099e+01, 6.0314e-01, 
 2DIAGNOSTIC,    32, -5.547491511529e-01, 5.313244516510e-05, 2.6870e+01, 7.7120e-01, 
 2DIAGNOSTIC,    33, -5.548446680074e-01, 5.783046078171e-05, 2.7993e+01, 1.1229e+00, 
 2DIAGNOSTIC,    34, -5.548496656732e-01, 5.720615019211e-05, 2.8838e+01, 8.4550e-01, 
 2DIAGNOSTIC,    35, -5.548478924904e-01, 5.151325730260e-05, 2.9679e+01, 8.4018e-01, 
 2DIAGNOSTIC,    36, -5.548466091659e-01, 4.197065769897e-05, 3.0431e+01, 7.5218e-01, 
 2DIAGNOSTIC,    37, -5.548459304577e-01, 3.225952303569e-05, 3.1101e+01, 6.7063e-01, 
 2DIAGNOSTIC,    38, -5.548452495134e-01, 2.278220868267e-05, 3.1689e+01, 5.8797e-01, 
 2DIAGNOSTIC,    39, -5.548447928107e-01, 1.269010853476e-05, 3.2360e+01, 6.7027e-01, 
 2DIAGNOSTIC,    40, -5.548443239135e-01, 5.173543594070e-06, 3.2949e+01, 5.8958e-01, 
 2DIAGNOSTIC,    41, -5.548429272479e-01, 1.895821041285e-06, 3.3619e+01, 6.6986e-01, 
DIAGNOSTIC,Iteration,metricValue,convergenceValue,ITERATION_TIME_INDEX,SINCE_LAST
 2DIAGNOSTIC,     1, -5.042836206314e-01, 1.797693134862e+308, 3.8190e+01, 4.5707e+00, 
 2DIAGNOSTIC,     2, -5.046249424538e-01, 1.797693134862e+308, 4.1925e+01, 3.7356e+00, 
 2DIAGNOSTIC,     3, -5.050947242099e-01, 1.797693134862e+308, 4.5621e+01, 3.6954e+00, 
 2DIAGNOSTIC,     4, -5.059627081215e-01, 1.797693134862e+308, 4.9282e+01, 3.6612e+00, 
 2DIAGNOSTIC,     5, -5.069915483819e-01, 1.797693134862e+308, 5.3427e+01, 4.1446e+00, 
 2DIAGNOSTIC,     6, -5.080487274684e-01, 1.797693134862e+308, 5.8030e+01, 4.6038e+00, 
 2DIAGNOSTIC,     7, -5.084815306434e-01, 1.797693134862e+308, 6.5325e+01, 7.2950e+00, 
 2DIAGNOSTIC,     8, -5.084810522172e-01, 1.797693134862e+308, 7.0780e+01, 5.4549e+00, 
 2DIAGNOSTIC,     9, -5.084817153225e-01, 1.797693134862e+308, 7.4875e+01, 4.0949e+00, 
 2DIAGNOSTIC,    10, -5.084814739367e-01, 6.365015939478e-04, 7.9007e+01, 4.1315e+00, 
 2DIAGNOSTIC,    11, -5.084807918083e-01, 4.793488282049e-04, 8.4489e+01, 5.4824e+00, 
 2DIAGNOSTIC,    12, -5.084808334883e-01, 3.218060925570e-04, 8.9059e+01, 4.5700e+00, 
 2DIAGNOSTIC,    13, -5.084807826019e-01, 1.801279833489e-04, 9.3133e+01, 4.0735e+00, 
 2DIAGNOSTIC,    14, -5.084807316945e-01, 7.693989111623e-05, 9.6786e+01, 3.6530e+00, 
 2DIAGNOSTIC,    15, -5.084807231039e-01, 1.820327983482e-05, 1.0140e+02, 4.6122e+00, 
 2DIAGNOSTIC,    16, -5.084806673101e-01, 1.916495574794e-06, 1.0505e+02, 3.6571e+00, 
 2DIAGNOSTIC,    17, -5.084804259139e-01, 1.805260491594e-06, 1.0921e+02, 4.1525e+00, 
 2DIAGNOSTIC,    18, -5.084804875653e-01, 1.699037306957e-06, 1.1333e+02, 4.1210e+00, 
 2DIAGNOSTIC,    19, -5.084804206155e-01, 1.628031649985e-06, 1.1742e+02, 4.0905e+00, 
 2DIAGNOSTIC,    20, -5.084803623050e-01, 1.560813393323e-06, 1.2151e+02, 4.0918e+00, 
 2DIAGNOSTIC,    21, -5.084803039804e-01, 1.483295172529e-06, 1.2513e+02, 3.6227e+00, 
 2DIAGNOSTIC,    22, -5.084802829263e-01, 1.416624590779e-06, 1.2923e+02, 4.0917e+00, 
 2DIAGNOSTIC,    23, -5.084802618095e-01, 1.356926984490e-06, 1.3291e+02, 3.6833e+00, 
 2DIAGNOSTIC,    24, -5.084802580392e-01, 1.303469715136e-06, 1.3663e+02, 3.7193e+00, 
 2DIAGNOSTIC,    25, -5.084803290965e-01, 1.257929919944e-06, 1.4077e+02, 4.1410e+00, 
 2DIAGNOSTIC,    26, -5.084804905773e-01, 1.219799143193e-06, 1.4491e+02, 4.1423e+00, 
 2DIAGNOSTIC,    27, -5.084805704725e-01, 1.181493262566e-06, 1.4853e+02, 3.6152e+00, 
 2DIAGNOSTIC,    28, -5.084807828228e-01, 1.151245627093e-06, 1.5308e+02, 4.5580e+00, 
 2DIAGNOSTIC,    29, -5.084807347714e-01, 1.119515748597e-06, 1.5769e+02, 4.6059e+00, 
 2DIAGNOSTIC,    30, -5.084806928554e-01, 1.086091218856e-06, 1.6183e+02, 4.1437e+00, 
 2DIAGNOSTIC,    31, -5.084806323321e-01, 1.050365927936e-06, 1.6552e+02, 3.6902e+00, 
 2DIAGNOSTIC,    32, -5.084806075667e-01, 1.013865417419e-06, 1.6968e+02, 4.1604e+00, 
  Elapsed time (stage 1): 1.7202e+02


Stage 2
  iterations = 100x70x50x20
  convergence threshold = 1.0000e-06
  convergence window size = 10
  number of levels = 4
  using the CC metric (radius = 4, weight = 1.0000e+00, use gradient filter = 0)
  preprocessing:  winsorizing the image intensities
  Shrink factors (level 1 out of 4): [8, 8, 8]
  Shrink factors (level 2 out of 4): [4, 4, 4]
  Shrink factors (level 3 out of 4): [2, 2, 2]
  Shrink factors (level 4 out of 4): [1, 1, 1]
  smoothing sigmas per level: [3, 2, 1, 0]
  Using default NONE metricSamplingStrategy 

*** Running SyN registration (varianceForUpdateField = 3.0000e+00, varianceForTotalField = 0.0000e+00) ***

XXDIAGNOSTIC,Iteration,metricValue,convergenceValue,ITERATION_TIME_INDEX,SINCE_LAST
 1DIAGNOSTIC,     1, -8.469872176233e-01, 1.797693134862e+308, 1.8237e+00, 1.8237e+00, 
 1DIAGNOSTIC,     2, -8.626163033353e-01, 1.797693134862e+308, 2.4444e+00, 6.2065e-01, 
 1DIAGNOSTIC,     3, -8.769531440382e-01, 1.797693134862e+308, 3.0833e+00, 6.3892e-01, 
 1DIAGNOSTIC,     4, -8.895179206966e-01, 1.797693134862e+308, 3.7285e+00, 6.4519e-01, 
 1DIAGNOSTIC,     5, -9.005295973384e-01, 1.797693134862e+308, 4.3678e+00, 6.3932e-01, 
 1DIAGNOSTIC,     6, -9.084085659596e-01, 1.797693134862e+308, 4.9981e+00, 6.3033e-01, 
 1DIAGNOSTIC,     7, -9.145564508937e-01, 1.797693134862e+308, 5.6219e+00, 6.2383e-01, 
 1DIAGNOSTIC,     8, -9.190109740946e-01, 1.797693134862e+308, 6.2510e+00, 6.2904e-01, 
 1DIAGNOSTIC,     9, -9.219132511954e-01, 1.797693134862e+308, 6.8659e+00, 6.1493e-01, 
 1DIAGNOSTIC,    10, -9.240442211911e-01, 5.436574845255e-03, 7.4818e+00, 6.1590e-01, 
 1DIAGNOSTIC,    11, -9.257264431451e-01, 3.929398542810e-03, 8.0973e+00, 6.1550e-01, 
 1DIAGNOSTIC,    12, -9.271584689946e-01, 2.771573443608e-03, 8.7367e+00, 6.3940e-01, 
 1DIAGNOSTIC,    13, -9.283988014512e-01, 1.919151632707e-03, 9.3649e+00, 6.2824e-01, 
 1DIAGNOSTIC,    14, -9.294682507125e-01, 1.319343012222e-03, 9.9806e+00, 6.1565e-01, 
 1DIAGNOSTIC,    15, -9.303982142968e-01, 9.282669064540e-04, 1.0597e+01, 6.1605e-01, 
 1DIAGNOSTIC,    16, -9.311748583550e-01, 6.695024893586e-04, 1.1225e+01, 6.2831e-01, 
 1DIAGNOSTIC,    17, -9.318219624349e-01, 5.037714769620e-04, 1.1840e+01, 6.1536e-01, 
 1DIAGNOSTIC,    18, -9.323367933096e-01, 3.957326065296e-04, 1.2477e+01, 6.3689e-01, 
 1DIAGNOSTIC,    19, -9.327604542897e-01, 3.167611491029e-04, 1.3093e+01, 6.1594e-01, 
 1DIAGNOSTIC,    20, -9.331306471141e-01, 2.550748467002e-04, 1.3727e+01, 6.3336e-01, 
 1DIAGNOSTIC,    21, -9.334625913116e-01, 2.052421124060e-04, 1.4350e+01, 6.2346e-01, 
 1DIAGNOSTIC,    22, -9.337670840241e-01, 1.652371968785e-04, 1.4985e+01, 6.3522e-01, 
