---------------------
Profiling information

Pipeline: ants registrationSyN
NTHREAD: 32

DATASET: ds004513
SUBJECT_ID: s032

SIF_IMG: /mnt/lustre/mathdugre/containers/ants-debug.simg
DATA_DIR: /mnt/lustre/mathdugre/mri-bottleneck/datasets/ds004513

PROJECT_DIR: /mnt/lustre/mathdugre/mri-bottleneck
PROFILING_DIR: /mnt/lustre/mathdugre/mri-bottleneck/vtune_output/32-threads/ants/registrationSyN/ds004513/sub-s032/Zqot8mb06Q3DhhQxScwtF0Sss3UD0Ao2
---------------------

Command to profile: bash tmp-scripts/Zqot8mb06Q3DhhQxScwtF0Sss3UD0Ao2.sh

--------------------------------------------------------------------------------------
 Mapping parameters
--------------------------------------------------------------------------------------
 ANTSPATH is /opt/ants/bin

 Dimensionality:           3
 Output name prefix:       /data/derivatives/ants/registrationSyN/sub-s032/ses-open/anat/
 Fixed images:             /templateflow/tpl-MNI152NLin2009cAsym//tpl-MNI152NLin2009cAsym_res-01_desc-brain_T1w.nii.gz
 Moving images:            /data/derivatives/fsl/fast/sub-s032/ses-open/anat/BrainExtractionBrain_seg.nii.gz
 Mask images:              
 Initial transforms:       
 Number of threads:        32
 Spline distance:          26
 SyN gradient step:        0.1
 Transform type:           s
 CC radius:                4
 Precision:                d
 Use histogram matching    0
 Repro                     0
======================================================================================
 antsRegistration call:
--------------------------------------------------------------------------------------
/opt/ants/bin/antsRegistration --verbose 1 --dimensionality 3 --float 0 --collapse-output-transforms 1 --output [ /data/derivatives/ants/registrationSyN/sub-s032/ses-open/anat/,/data/derivatives/ants/registrationSyN/sub-s032/ses-open/anat/Warped.nii.gz,/data/derivatives/ants/registrationSyN/sub-s032/ses-open/anat/InverseWarped.nii.gz ] --interpolation Linear --use-histogram-matching 0 --winsorize-image-intensities [ 0.005,0.995 ] --initial-moving-transform [ /templateflow/tpl-MNI152NLin2009cAsym//tpl-MNI152NLin2009cAsym_res-01_desc-brain_T1w.nii.gz,/data/derivatives/fsl/fast/sub-s032/ses-open/anat/BrainExtractionBrain_seg.nii.gz,1 ] --transform Rigid[ 0.1 ] --metric MI[ /templateflow/tpl-MNI152NLin2009cAsym//tpl-MNI152NLin2009cAsym_res-01_desc-brain_T1w.nii.gz,/data/derivatives/fsl/fast/sub-s032/ses-open/anat/BrainExtractionBrain_seg.nii.gz,1,32,Regular,0.25 ] --convergence [ 1000x500x250x100,1e-6,10 ] --shrink-factors 8x4x2x1 --smoothing-sigmas 3x2x1x0vox --transform Affine[ 0.1 ] --metric MI[ /templateflow/tpl-MNI152NLin2009cAsym//tpl-MNI152NLin2009cAsym_res-01_desc-brain_T1w.nii.gz,/data/derivatives/fsl/fast/sub-s032/ses-open/anat/BrainExtractionBrain_seg.nii.gz,1,32,Regular,0.25 ] --convergence [ 1000x500x250x100,1e-6,10 ] --shrink-factors 8x4x2x1 --smoothing-sigmas 3x2x1x0vox --transform SyN[ 0.1,3,0 ] --metric CC[ /templateflow/tpl-MNI152NLin2009cAsym//tpl-MNI152NLin2009cAsym_res-01_desc-brain_T1w.nii.gz,/data/derivatives/fsl/fast/sub-s032/ses-open/anat/BrainExtractionBrain_seg.nii.gz,1,4 ] --convergence [ 100x70x50x20,1e-6,10 ] --shrink-factors 8x4x2x1 --smoothing-sigmas 3x2x1x0vox
--------------------------------------------------------------------------------------
All_Command_lines_OK
Using double precision for computations.
=============================================================================
The composite transform comprises the following transforms (in order): 
  1. Center of mass alignment using fixed image: /templateflow/tpl-MNI152NLin2009cAsym//tpl-MNI152NLin2009cAsym_res-01_desc-brain_T1w.nii.gz and moving image: /data/derivatives/fsl/fast/sub-s032/ses-open/anat/BrainExtractionBrain_seg.nii.gz (type = Euler3DTransform)
=============================================================================
  number of levels = 4
  number of levels = 4
  number of levels = 4
  fixed image: /templateflow/tpl-MNI152NLin2009cAsym//tpl-MNI152NLin2009cAsym_res-01_desc-brain_T1w.nii.gz
  moving image: /data/derivatives/fsl/fast/sub-s032/ses-open/anat/BrainExtractionBrain_seg.nii.gz
  fixed image: /templateflow/tpl-MNI152NLin2009cAsym//tpl-MNI152NLin2009cAsym_res-01_desc-brain_T1w.nii.gz
  moving image: /data/derivatives/fsl/fast/sub-s032/ses-open/anat/BrainExtractionBrain_seg.nii.gz
  fixed image: /templateflow/tpl-MNI152NLin2009cAsym//tpl-MNI152NLin2009cAsym_res-01_desc-brain_T1w.nii.gz
  moving image: /data/derivatives/fsl/fast/sub-s032/ses-open/anat/BrainExtractionBrain_seg.nii.gz
Dimension = 3
Number of stages = 3
Use histogram matching = false
Winsorize image intensities = true
  Lower quantile = 0.005
  Upper quantile = 0.995


Stage 1 State
   Image metric = Mattes
     Fixed image = Image (0x55a4d2edef70)
  RTTI typeinfo:   itk::Image<double, 3u>
  Reference Count: 2
  Modified Time: 1717
  Debug: Off
  Object Name: 
  Observers: 
    none
  Source: (none)
  Source output name: (none)
  Release Data: Off
  Data Released: False
  Global Release Data: Off
  PipelineMTime: 0
  UpdateMTime: 1502
  RealTimeStamp: 0 seconds 
  LargestPossibleRegion: 
    Dimension: 3
    Index: [0, 0, 0]
    Size: [193, 229, 193]
  BufferedRegion: 
    Dimension: 3
    Index: [0, 0, 0]
    Size: [193, 229, 193]
  RequestedRegion: 
    Dimension: 3
    Index: [0, 0, 0]
    Size: [193, 229, 193]
  Spacing: [1, 1, 1]
  Origin: [96, 132, -78]
  Direction: 
-1 0 0
0 -1 0
0 0 1

  IndexToPointMatrix: 
-1 0 0
0 -1 0
0 0 1

  PointToIndexMatrix: 
-1 0 0
0 -1 0
0 0 1

  Inverse Direction: 
-1 0 0
0 -1 0
0 0 1

  PixelContainer: 
    ImportImageContainer (0x55a4d2ee7cf0)
      RTTI typeinfo:   itk::ImportImageContainer<unsigned long, double>
      Reference Count: 1
      Modified Time: 1499
      Debug: Off
      Object Name: 
      Observers: 
        none
      Pointer: 0x7f6d568a8010
      Container manages memory: true
      Size: 8530021
      Capacity: 8530021

     Moving image = Image (0x55a4d2ee0de0)
  RTTI typeinfo:   itk::Image<double, 3u>
  Reference Count: 2
  Modified Time: 1718
  Debug: Off
  Object Name: 
  Observers: 
    none
  Source: (none)
  Source output name: (none)
  Release Data: Off
  Data Released: False
  Global Release Data: Off
  PipelineMTime: 0
  UpdateMTime: 1715
  RealTimeStamp: 0 seconds 
  LargestPossibleRegion: 
    Dimension: 3
    Index: [0, 0, 0]
    Size: [160, 240, 256]
  BufferedRegion: 
    Dimension: 3
    Index: [0, 0, 0]
    Size: [160, 240, 256]
  RequestedRegion: 
    Dimension: 3
    Index: [0, 0, 0]
    Size: [160, 240, 256]
  Spacing: [1, 1, 1]
  Origin: [73.279, 104.707, -131.187]
  Direction: 
-0.997527 0.0645574 -0.0278053
-0.0645323 -0.997914 -0.00179875
-0.0278634 4.01097e-08 0.999612

  IndexToPointMatrix: 
-0.997527 0.0645574 -0.0278053
-0.0645323 -0.997914 -0.00179875
-0.0278634 4.01097e-08 0.999612

  PointToIndexMatrix: 
-0.997527 -0.0645323 -0.0278634
0.0645574 -0.997914 4.01049e-08
-0.0278053 -0.00179875 0.999612

  Inverse Direction: 
-0.997527 -0.0645323 -0.0278634
0.0645574 -0.997914 4.01049e-08
-0.0278053 -0.00179875 0.999612

  PixelContainer: 
    ImportImageContainer (0x55a4d2ee6b40)
      RTTI typeinfo:   itk::ImportImageContainer<unsigned long, double>
      Reference Count: 1
      Modified Time: 1712
      Debug: Off
      Object Name: 
      Observers: 
        none
      Pointer: 0x7f6d51da7010
      Container manages memory: true
      Size: 9830400
      Capacity: 9830400

     Weighting = 1
     Sampling strategy = regular
     Number of bins = 32
     Radius = 4
     Sampling percentage  = 0.25
   Transform = Rigid
     Gradient step = 0.1
     Update field sigma (voxel space) = 0
     Total field sigma (voxel space) = 0
     Update field time sigma = 0
     Total field time sigma  = 0
     Number of time indices = 0
     Number of time point samples = 0
Stage 2 State
   Image metric = Mattes
     Fixed image = Image (0x55a4d2f9a5c0)
  RTTI typeinfo:   itk::Image<double, 3u>
  Reference Count: 2
  Modified Time: 2145
  Debug: Off
  Object Name: 
  Observers: 
    none
  Source: (none)
  Source output name: (none)
  Release Data: Off
  Data Released: False
  Global Release Data: Off
  PipelineMTime: 0
  UpdateMTime: 1930
  RealTimeStamp: 0 seconds 
  LargestPossibleRegion: 
    Dimension: 3
    Index: [0, 0, 0]
    Size: [193, 229, 193]
  BufferedRegion: 
    Dimension: 3
    Index: [0, 0, 0]
    Size: [193, 229, 193]
  RequestedRegion: 
    Dimension: 3
    Index: [0, 0, 0]
    Size: [193, 229, 193]
  Spacing: [1, 1, 1]
  Origin: [96, 132, -78]
  Direction: 
-1 0 0
0 -1 0
0 0 1

  IndexToPointMatrix: 
-1 0 0
0 -1 0
0 0 1

  PointToIndexMatrix: 
-1 0 0
0 -1 0
0 0 1

  Inverse Direction: 
-1 0 0
0 -1 0
0 0 1

  PixelContainer: 
    ImportImageContainer (0x55a4d2ee3e50)
      RTTI typeinfo:   itk::ImportImageContainer<unsigned long, double>
      Reference Count: 1
      Modified Time: 1927
      Debug: Off
      Object Name: 
      Observers: 
        none
      Pointer: 0x7f6d4dc92010
      Container manages memory: true
      Size: 8530021
      Capacity: 8530021

     Moving image = Image (0x55a4d2f11dc0)
  RTTI typeinfo:   itk::Image<double, 3u>
  Reference Count: 2
  Modified Time: 2146
  Debug: Off
  Object Name: 
  Observers: 
    none
  Source: (none)
  Source output name: (none)
  Release Data: Off
  Data Released: False
  Global Release Data: Off
  PipelineMTime: 0
  UpdateMTime: 2143
  RealTimeStamp: 0 seconds 
  LargestPossibleRegion: 
    Dimension: 3
    Index: [0, 0, 0]
    Size: [160, 240, 256]
  BufferedRegion: 
    Dimension: 3
    Index: [0, 0, 0]
    Size: [160, 240, 256]
  RequestedRegion: 
    Dimension: 3
    Index: [0, 0, 0]
    Size: [160, 240, 256]
  Spacing: [1, 1, 1]
  Origin: [73.279, 104.707, -131.187]
  Direction: 
-0.997527 0.0645574 -0.0278053
-0.0645323 -0.997914 -0.00179875
-0.0278634 4.01097e-08 0.999612

  IndexToPointMatrix: 
-0.997527 0.0645574 -0.0278053
-0.0645323 -0.997914 -0.00179875
-0.0278634 4.01097e-08 0.999612

  PointToIndexMatrix: 
-0.997527 -0.0645323 -0.0278634
0.0645574 -0.997914 4.01049e-08
-0.0278053 -0.00179875 0.999612

  Inverse Direction: 
-0.997527 -0.0645323 -0.0278634
0.0645574 -0.997914 4.01049e-08
-0.0278053 -0.00179875 0.999612

  PixelContainer: 
    ImportImageContainer (0x55a4d2f10bc0)
      RTTI typeinfo:   itk::ImportImageContainer<unsigned long, double>
      Reference Count: 1
      Modified Time: 2140
      Debug: Off
      Object Name: 
      Observers: 
        none
      Pointer: 0x7f6d49191010
      Container manages memory: true
      Size: 9830400
      Capacity: 9830400

     Weighting = 1
     Sampling strategy = regular
     Number of bins = 32
     Radius = 4
     Sampling percentage  = 0.25
   Transform = Affine
     Gradient step = 0.1
     Update field sigma (voxel space) = 0
     Total field sigma (voxel space) = 0
     Update field time sigma = 0
     Total field time sigma  = 0
     Number of time indices = 0
     Number of time point samples = 0
Stage 3 State
   Image metric = CC
     Fixed image = Image (0x55a4d2f0f710)
  RTTI typeinfo:   itk::Image<double, 3u>
  Reference Count: 2
  Modified Time: 2573
  Debug: Off
  Object Name: 
  Observers: 
    none
  Source: (none)
  Source output name: (none)
  Release Data: Off
  Data Released: False
  Global Release Data: Off
  PipelineMTime: 0
  UpdateMTime: 2358
  RealTimeStamp: 0 seconds 
  LargestPossibleRegion: 
    Dimension: 3
    Index: [0, 0, 0]
    Size: [193, 229, 193]
  BufferedRegion: 
    Dimension: 3
    Index: [0, 0, 0]
    Size: [193, 229, 193]
  RequestedRegion: 
    Dimension: 3
    Index: [0, 0, 0]
    Size: [193, 229, 193]
  Spacing: [1, 1, 1]
  Origin: [96, 132, -78]
  Direction: 
-1 0 0
0 -1 0
0 0 1

  IndexToPointMatrix: 
-1 0 0
0 -1 0
0 0 1

  PointToIndexMatrix: 
-1 0 0
0 -1 0
0 0 1

  Inverse Direction: 
-1 0 0
0 -1 0
0 0 1

  PixelContainer: 
    ImportImageContainer (0x55a4d2f9a1f0)
      RTTI typeinfo:   itk::ImportImageContainer<unsigned long, double>
      Reference Count: 1
      Modified Time: 2355
      Debug: Off
      Object Name: 
      Observers: 
        none
      Pointer: 0x7f6d4507c010
      Container manages memory: true
      Size: 8530021
      Capacity: 8530021

     Moving image = Image (0x55a4d2f808f0)
  RTTI typeinfo:   itk::Image<double, 3u>
  Reference Count: 2
  Modified Time: 2574
  Debug: Off
  Object Name: 
  Observers: 
    none
  Source: (none)
  Source output name: (none)
  Release Data: Off
  Data Released: False
  Global Release Data: Off
  PipelineMTime: 0
  UpdateMTime: 2571
  RealTimeStamp: 0 seconds 
  LargestPossibleRegion: 
    Dimension: 3
    Index: [0, 0, 0]
    Size: [160, 240, 256]
  BufferedRegion: 
    Dimension: 3
    Index: [0, 0, 0]
    Size: [160, 240, 256]
  RequestedRegion: 
    Dimension: 3
    Index: [0, 0, 0]
    Size: [160, 240, 256]
  Spacing: [1, 1, 1]
  Origin: [73.279, 104.707, -131.187]
  Direction: 
-0.997527 0.0645574 -0.0278053
-0.0645323 -0.997914 -0.00179875
-0.0278634 4.01097e-08 0.999612

  IndexToPointMatrix: 
-0.997527 0.0645574 -0.0278053
-0.0645323 -0.997914 -0.00179875
-0.0278634 4.01097e-08 0.999612

  PointToIndexMatrix: 
-0.997527 -0.0645323 -0.0278634
0.0645574 -0.997914 4.01049e-08
-0.0278053 -0.00179875 0.999612

  Inverse Direction: 
-0.997527 -0.0645323 -0.0278634
0.0645574 -0.997914 4.01049e-08
-0.0278053 -0.00179875 0.999612

  PixelContainer: 
    ImportImageContainer (0x55a4d2f32910)
      RTTI typeinfo:   itk::ImportImageContainer<unsigned long, double>
      Reference Count: 1
      Modified Time: 2568
      Debug: Off
      Object Name: 
      Observers: 
        none
      Pointer: 0x7f6d4057b010
      Container manages memory: true
      Size: 9830400
      Capacity: 9830400

     Weighting = 1
     Sampling strategy = none
     Number of bins = 32
     Radius = 4
     Sampling percentage  = 1
   Transform = SyN
     Gradient step = 0.1
     Update field sigma (voxel space) = 3
     Total field sigma (voxel space) = 0
     Update field time sigma = 0
     Total field time sigma  = 0
     Number of time indices = 0
     Number of time point samples = 0
Registration using 3 total stages.

Stage 0
  iterations = 1000x500x250x100
  convergence threshold = 1e-06
  convergence window size = 10
  number of levels = 4
  using the Mattes MI metric (number of bins = 32, weight = 1, use gradient filter = 0)
  preprocessing:  winsorizing the image intensities
  Shrink factors (level 1 out of 4): [8, 8, 8]
  Shrink factors (level 2 out of 4): [4, 4, 4]
  Shrink factors (level 3 out of 4): [2, 2, 2]
  Shrink factors (level 4 out of 4): [1, 1, 1]
  smoothing sigmas per level: [3, 2, 1, 0]
  regular sampling (percentage = 0.25)

*** Running Euler3DTransform registration ***

DIAGNOSTIC,Iteration,metricValue,convergenceValue,ITERATION_TIME_INDEX,SINCE_LAST
 2DIAGNOSTIC,     1, -5.690044094159e-01, 1.797693134862e+308, 1.4042e-01, 1.4042e-01, 
 2DIAGNOSTIC,     2, -5.715629034679e-01, 1.797693134862e+308, 1.4601e-01, 5.5950e-03, 
 2DIAGNOSTIC,     3, -5.751227799318e-01, 1.797693134862e+308, 1.5155e-01, 5.5401e-03, 
 2DIAGNOSTIC,     4, -5.823546253627e-01, 1.797693134862e+308, 1.5721e-01, 5.6551e-03, 
 2DIAGNOSTIC,     5, -5.955009382023e-01, 1.797693134862e+308, 1.6271e-01, 5.5029e-03, 
 2DIAGNOSTIC,     6, -6.207159054038e-01, 1.797693134862e+308, 1.6819e-01, 5.4810e-03, 
 2DIAGNOSTIC,     7, -6.536482997794e-01, 1.797693134862e+308, 1.7461e-01, 6.4220e-03, 
 2DIAGNOSTIC,     8, -6.560593578627e-01, 1.797693134862e+308, 1.8108e-01, 6.4631e-03, 
 2DIAGNOSTIC,     9, -6.562178006959e-01, 1.797693134862e+308, 1.8728e-01, 6.2041e-03, 
 2DIAGNOSTIC,    10, -6.563542368199e-01, 1.184023862327e-02, 1.9569e-01, 8.4109e-03, 
 2DIAGNOSTIC,    11, -6.564259246833e-01, 1.010289187239e-02, 2.0182e-01, 6.1321e-03, 
 2DIAGNOSTIC,    12, -6.565392832202e-01, 7.855225506862e-03, 2.1406e-01, 1.2235e-02, 
 2DIAGNOSTIC,    13, -6.566621281997e-01, 5.401728244407e-03, 2.2472e-01, 1.0660e-02, 
 2DIAGNOSTIC,    14, -6.567348708603e-01, 3.078918052511e-03, 2.3245e-01, 7.7260e-03, 
 2DIAGNOSTIC,    15, -6.569011642811e-01, 1.192987069649e-03, 2.4046e-01, 8.0121e-03, 
 2DIAGNOSTIC,    16, -6.569187241665e-01, 1.298768956910e-04, 2.4939e-01, 8.9290e-03, 
 2DIAGNOSTIC,    17, -6.568319079192e-01, 5.314046039216e-05, 2.5803e-01, 8.6479e-03, 
 2DIAGNOSTIC,    18, -6.568322784579e-01, 4.072731369704e-05, 2.6470e-01, 6.6671e-03, 
 2DIAGNOSTIC,    19, -6.568326530990e-01, 2.971646354911e-05, 2.7122e-01, 6.5210e-03, 
 2DIAGNOSTIC,    20, -6.568343200354e-01, 2.026549412455e-05, 2.7778e-01, 6.5589e-03, 
 2DIAGNOSTIC,    21, -6.568398975841e-01, 1.162962771321e-05, 2.8400e-01, 6.2232e-03, 
 2DIAGNOSTIC,    22, -6.568615383149e-01, 5.628670948173e-06, 2.9069e-01, 6.6900e-03, 
DIAGNOSTIC,Iteration,metricValue,convergenceValue,ITERATION_TIME_INDEX,SINCE_LAST
 2DIAGNOSTIC,     1, -5.197735968237e-01, 1.797693134862e+308, 4.3864e-01, 1.4795e-01, 
 2DIAGNOSTIC,     2, -5.202069038567e-01, 1.797693134862e+308, 4.7736e-01, 3.8722e-02, 
 2DIAGNOSTIC,     3, -5.205962972789e-01, 1.797693134862e+308, 5.0743e-01, 3.0067e-02, 
 2DIAGNOSTIC,     4, -5.211970122859e-01, 1.797693134862e+308, 5.2268e-01, 1.5253e-02, 
 2DIAGNOSTIC,     5, -5.220131647542e-01, 1.797693134862e+308, 5.3657e-01, 1.3886e-02, 
 2DIAGNOSTIC,     6, -5.233476246776e-01, 1.797693134862e+308, 5.4738e-01, 1.0809e-02, 
 2DIAGNOSTIC,     7, -5.262152174805e-01, 1.797693134862e+308, 5.6125e-01, 1.3870e-02, 
 2DIAGNOSTIC,     8, -5.277750932761e-01, 1.797693134862e+308, 5.7436e-01, 1.3109e-02, 
 2DIAGNOSTIC,     9, -5.287256517453e-01, 1.797693134862e+308, 5.8302e-01, 8.6629e-03, 
 2DIAGNOSTIC,    10, -5.296835529815e-01, 1.356850340085e-03, 5.9146e-01, 8.4429e-03, 
 2DIAGNOSTIC,    11, -5.309586782853e-01, 1.339608305240e-03, 6.0107e-01, 9.6111e-03, 
 2DIAGNOSTIC,    12, -5.314513618316e-01, 1.244531724415e-03, 6.1153e-01, 1.0460e-02, 
 2DIAGNOSTIC,    13, -5.319594291654e-01, 1.089072184777e-03, 6.2134e-01, 9.8031e-03, 
 2DIAGNOSTIC,    14, -5.329743692248e-01, 9.206768219416e-04, 6.2954e-01, 8.2011e-03, 
 2DIAGNOSTIC,    15, -5.353543242089e-01, 8.053363292626e-04, 6.3897e-01, 9.4368e-03, 
 2DIAGNOSTIC,    16, -5.368854279694e-01, 7.233182840661e-04, 6.4794e-01, 8.9650e-03, 
 2DIAGNOSTIC,    17, -5.383887261962e-01, 7.220623361897e-04, 6.5811e-01, 1.0173e-02, 
 2DIAGNOSTIC,    18, -5.388425106873e-01, 7.147502676942e-04, 6.7159e-01, 1.3480e-02, 
 2DIAGNOSTIC,    19, -5.389193738597e-01, 6.712005369041e-04, 6.8007e-01, 8.4789e-03, 
 2DIAGNOSTIC,    20, -5.391180244436e-01, 5.997528042475e-04, 6.8794e-01, 7.8690e-03, 
 2DIAGNOSTIC,    21, -5.392970061388e-01, 5.159155778625e-04, 6.9803e-01, 1.0087e-02, 
 2DIAGNOSTIC,    22, -5.394244055255e-01, 4.069822106515e-04, 7.0717e-01, 9.1438e-03, 
 2DIAGNOSTIC,    23, -5.395065997292e-01, 2.837892043162e-04, 7.1518e-01, 8.0059e-03, 
 2DIAGNOSTIC,    24, -5.396578136640e-01, 1.699553743909e-04, 7.2305e-01, 7.8731e-03, 
 2DIAGNOSTIC,    25, -5.410871815905e-01, 1.304660518237e-04, 7.3540e-01, 1.2353e-02, 
 2DIAGNOSTIC,    26, -5.413718290854e-01, 1.176147304705e-04, 7.4297e-01, 7.5650e-03, 
 2DIAGNOSTIC,    27, -5.415230307041e-01, 1.274757858156e-04, 7.5177e-01, 8.8050e-03, 
 2DIAGNOSTIC,    28, -5.416548204901e-01, 1.363119265483e-04, 7.6030e-01, 8.5220e-03, 
 2DIAGNOSTIC,    29, -5.423514333545e-01, 1.458552244422e-04, 7.6869e-01, 8.3971e-03, 
 2DIAGNOSTIC,    30, -5.430425936432e-01, 1.560905086638e-04, 7.8077e-01, 1.2077e-02, 
 2DIAGNOSTIC,    31, -5.436854948342e-01, 1.647528847697e-04, 7.9069e-01, 9.9208e-03, 
 2DIAGNOSTIC,    32, -5.438738371158e-01, 1.629408877616e-04, 7.9869e-01, 7.9951e-03, 
 2DIAGNOSTIC,    33, -5.449814159438e-01, 1.654687823323e-04, 8.0772e-01, 9.0392e-03, 
 2DIAGNOSTIC,    34, -5.452388659810e-01, 1.575474540436e-04, 8.1782e-01, 1.0099e-02, 
 2DIAGNOSTIC,    35, -5.452979681696e-01, 1.576263955565e-04, 8.2688e-01, 9.0570e-03, 
 2DIAGNOSTIC,    36, -5.453067414384e-01, 1.473394273056e-04, 8.3760e-01, 1.0719e-02, 
 2DIAGNOSTIC,    37, -5.453308895206e-01, 1.263580357298e-04, 8.4758e-01, 9.9769e-03, 
 2DIAGNOSTIC,    38, -5.453221501110e-01, 9.597758003493e-05, 8.5762e-01, 1.0043e-02, 
 2DIAGNOSTIC,    39, -5.453250473399e-01, 6.739702167971e-05, 8.6662e-01, 8.9970e-03, 
 2DIAGNOSTIC,    40, -5.453215109559e-01, 4.303477672970e-05, 8.7710e-01, 1.0487e-02, 
 2DIAGNOSTIC,    41, -5.453188538815e-01, 2.427510687641e-05, 8.8632e-01, 9.2180e-03, 
 2DIAGNOSTIC,    42, -5.453221827509e-01, 6.244354542915e-06, 8.9585e-01, 9.5270e-03, 
 2DIAGNOSTIC,    43, -5.453105223219e-01, 1.950442983178e-06, 9.0575e-01, 9.8999e-03, 
DIAGNOSTIC,Iteration,metricValue,convergenceValue,ITERATION_TIME_INDEX,SINCE_LAST
 2DIAGNOSTIC,     1, -4.849232232532e-01, 1.797693134862e+308, 1.2477e+00, 3.4197e-01, 
 2DIAGNOSTIC,     2, -4.850932198454e-01, 1.797693134862e+308, 1.3136e+00, 6.5859e-02, 
 2DIAGNOSTIC,     3, -4.853062310928e-01, 1.797693134862e+308, 1.3599e+00, 4.6331e-02, 
 2DIAGNOSTIC,     4, -4.854550921774e-01, 1.797693134862e+308, 1.4098e+00, 4.9896e-02, 
 2DIAGNOSTIC,     5, -4.855082555614e-01, 1.797693134862e+308, 1.4500e+00, 4.0234e-02, 
 2DIAGNOSTIC,     6, -4.857211161830e-01, 1.797693134862e+308, 1.4962e+00, 4.6133e-02, 
 2DIAGNOSTIC,     7, -4.858975975834e-01, 1.797693134862e+308, 1.5332e+00, 3.7048e-02, 
 2DIAGNOSTIC,     8, -4.863620391396e-01, 1.797693134862e+308, 1.5713e+00, 3.8119e-02, 
 2DIAGNOSTIC,     9, -4.904202326951e-01, 1.797693134862e+308, 1.6078e+00, 3.6436e-02, 
 2DIAGNOSTIC,    10, -4.967027082718e-01, 1.019248565220e-03, 1.6656e+00, 5.7845e-02, 
 2DIAGNOSTIC,    11, -4.982964682112e-01, 1.435815841903e-03, 1.7052e+00, 3.9563e-02, 
 2DIAGNOSTIC,    12, -4.989274250588e-01, 1.696215024943e-03, 1.7477e+00, 4.2509e-02, 
 2DIAGNOSTIC,    13, -4.996630067685e-01, 1.808817024763e-03, 1.8013e+00, 5.3646e-02, 
 2DIAGNOSTIC,    14, -5.010380795184e-01, 1.800700876723e-03, 1.8413e+00, 3.9945e-02, 
 2DIAGNOSTIC,    15, -5.019677633096e-01, 1.661880820888e-03, 1.8861e+00, 4.4860e-02, 
 2DIAGNOSTIC,    16, -5.032524776725e-01, 1.443159934320e-03, 1.9296e+00, 4.3409e-02, 
 2DIAGNOSTIC,    17, -5.087992364634e-01, 1.315417038318e-03, 1.9710e+00, 4.1429e-02, 
 2DIAGNOSTIC,    18, -5.146623587254e-01, 1.277358555719e-03, 2.0176e+00, 4.6665e-02, 
 2DIAGNOSTIC,    19, -5.147381273934e-01, 1.242477442900e-03, 2.0616e+00, 4.3948e-02, 
 2DIAGNOSTIC,    20, -5.147379259983e-01, 1.279060409351e-03, 2.1049e+00, 4.3330e-02, 
 2DIAGNOSTIC,    21, -5.147519682730e-01, 1.238735611976e-03, 2.1461e+00, 4.1138e-02, 
 2DIAGNOSTIC,    22, -5.147578238312e-01, 1.100561522984e-03, 2.1890e+00, 4.2951e-02, 
 2DIAGNOSTIC,    23, -5.148083776872e-01, 8.884248722948e-04, 2.2270e+00, 3.7983e-02, 
 2DIAGNOSTIC,    24, -5.149133042170e-01, 6.478606530141e-04, 2.2661e+00, 3.9088e-02, 
 2DIAGNOSTIC,    25, -5.150636267507e-01, 3.938256736306e-04, 2.3082e+00, 4.2074e-02, 
 2DIAGNOSTIC,    26, -5.153445547367e-01, 1.552437702545e-04, 2.3742e+00, 6.6053e-02, 
 2DIAGNOSTIC,    27, -5.153430488857e-01, 3.319244868744e-05, 2.4302e+00, 5.6021e-02, 
 2DIAGNOSTIC,    28, -5.153433203739e-01, 3.576263431834e-05, 2.4807e+00, 5.0461e-02, 
 2DIAGNOSTIC,    29, -5.153425815832e-01, 3.639577471314e-05, 2.5247e+00, 4.4000e-02, 
 2DIAGNOSTIC,    30, -5.153406721938e-01, 3.354791600074e-05, 2.5620e+00, 3.7257e-02, 
 2DIAGNOSTIC,    31, -5.153459590937e-01, 2.811395270855e-05, 2.6052e+00, 4.3268e-02, 
 2DIAGNOSTIC,    32, -5.153475364259e-01, 2.061484190836e-05, 2.6469e+00, 4.1665e-02, 
 2DIAGNOSTIC,    33, -5.153463541085e-01, 1.262496070153e-05, 2.7002e+00, 5.3278e-02, 
 2DIAGNOSTIC,    34, -5.153456354192e-01, 5.726160935249e-06, 2.7431e+00, 4.2984e-02, 
 2DIAGNOSTIC,    35, -5.153448665646e-01, 1.055494814783e-06, 2.7816e+00, 3.8410e-02, 
 2DIAGNOSTIC,    36, -5.153441658893e-01, 1.019875607199e-06, 2.8181e+00, 3.6494e-02, 
DIAGNOSTIC,Iteration,metricValue,convergenceValue,ITERATION_TIME_INDEX,SINCE_LAST
 2DIAGNOSTIC,     1, -4.713822512813e-01, 1.797693134862e+308, 3.6810e+00, 8.6299e-01, 
 2DIAGNOSTIC,     2, -4.714301036889e-01, 1.797693134862e+308, 3.9118e+00, 2.3074e-01, 
 2DIAGNOSTIC,     3, -4.714380231974e-01, 1.797693134862e+308, 4.1346e+00, 2.2284e-01, 
 2DIAGNOSTIC,     4, -4.714408165802e-01, 1.797693134862e+308, 4.3527e+00, 2.1805e-01, 
 2DIAGNOSTIC,     5, -4.714451941690e-01, 1.797693134862e+308, 4.5564e+00, 2.0370e-01, 
 2DIAGNOSTIC,     6, -4.714466390453e-01, 1.797693134862e+308, 4.7792e+00, 2.2284e-01, 
 2DIAGNOSTIC,     7, -4.714577342889e-01, 1.797693134862e+308, 4.9812e+00, 2.0203e-01, 
 2DIAGNOSTIC,     8, -4.714812531339e-01, 1.797693134862e+308, 5.1813e+00, 2.0005e-01, 
 2DIAGNOSTIC,     9, -4.715304917041e-01, 1.797693134862e+308, 5.5443e+00, 3.6299e-01, 
 2DIAGNOSTIC,    10, -4.715301086459e-01, 1.970115274011e-05, 5.7684e+00, 2.2409e-01, 
 2DIAGNOSTIC,    11, -4.715296515418e-01, 1.722967513069e-05, 6.0004e+00, 2.3202e-01, 
 2DIAGNOSTIC,    12, -4.715296053984e-01, 1.630664165601e-05, 6.2933e+00, 2.9290e-01, 
 2DIAGNOSTIC,    13, -4.715295435819e-01, 1.462744883504e-05, 6.5128e+00, 2.1949e-01, 
 2DIAGNOSTIC,    14, -4.715293011330e-01, 1.215507021482e-05, 6.7528e+00, 2.3998e-01, 
 2DIAGNOSTIC,    15, -4.715291381368e-01, 9.291754194812e-06, 6.9813e+00, 2.2857e-01, 
 2DIAGNOSTIC,    16, -4.715288909570e-01, 6.203263917662e-06, 7.2139e+00, 2.3256e-01, 
 2DIAGNOSTIC,    17, -4.715288336531e-01, 3.478565171321e-06, 7.4491e+00, 2.3521e-01, 
 2DIAGNOSTIC,    18, -4.715288598293e-01, 1.648886884732e-06, 7.6912e+00, 2.4208e-01, 
 2DIAGNOSTIC,    19, -4.715285068694e-01, 1.573868149890e-06, 7.9039e+00, 2.1271e-01, 
 2DIAGNOSTIC,    20, -4.715285344042e-01, 1.505744499364e-06, 8.1313e+00, 2.2745e-01, 
 2DIAGNOSTIC,    21, -4.715284594568e-01, 1.436657679675e-06, 8.3391e+00, 2.0778e-01, 
 2DIAGNOSTIC,    22, -4.715283946759e-01, 1.377969918739e-06, 8.5448e+00, 2.0569e-01, 
 2DIAGNOSTIC,    23, -4.715283460340e-01, 1.327946886689e-06, 8.7740e+00, 2.2916e-01, 
 2DIAGNOSTIC,    24, -4.715284792772e-01, 1.284670605083e-06, 8.9765e+00, 2.0249e-01, 
 2DIAGNOSTIC,    25, -4.715284554592e-01, 1.244246580989e-06, 9.2030e+00, 2.2652e-01, 
 2DIAGNOSTIC,    26, -4.715283183248e-01, 1.200656385467e-06, 9.4335e+00, 2.3051e-01, 
 2DIAGNOSTIC,    27, -4.715281627337e-01, 1.157759510415e-06, 9.6386e+00, 2.0508e-01, 
 2DIAGNOSTIC,    28, -4.715281218128e-01, 1.119801064334e-06, 9.8386e+00, 2.0001e-01, 
 2DIAGNOSTIC,    29, -4.715280293210e-01, 1.076584485525e-06, 1.0063e+01, 2.2438e-01, 
 2DIAGNOSTIC,    30, -4.715280024442e-01, 1.038200185904e-06, 1.0332e+01, 2.6902e-01, 
  Elapsed time (stage 0): 1.0565e+01


Stage 1
  iterations = 1000x500x250x100
  convergence threshold = 1.0000e-06
  convergence window size = 10
  number of levels = 4
  using the Mattes MI metric (number of bins = 32, weight = 1.0000e+00, use gradient filter = 0)
  preprocessing:  winsorizing the image intensities
  Shrink factors (level 1 out of 4): [8, 8, 8]
  Shrink factors (level 2 out of 4): [4, 4, 4]
  Shrink factors (level 3 out of 4): [2, 2, 2]
  Shrink factors (level 4 out of 4): [1, 1, 1]
  smoothing sigmas per level: [3, 2, 1, 0]
  regular sampling (percentage = 2.5000e-01)

*** Running AffineTransform registration ***

DIAGNOSTIC,Iteration,metricValue,convergenceValue,ITERATION_TIME_INDEX,SINCE_LAST
 2DIAGNOSTIC,     1, -7.082361094755e-01, 1.797693134862e+308, 1.1592e-01, 1.1592e-01, 
 2DIAGNOSTIC,     2, -7.102549249343e-01, 1.797693134862e+308, 1.2279e-01, 6.8622e-03, 
 2DIAGNOSTIC,     3, -7.130646626656e-01, 1.797693134862e+308, 1.2969e-01, 6.9001e-03, 
 2DIAGNOSTIC,     4, -7.168027337433e-01, 1.797693134862e+308, 1.3604e-01, 6.3550e-03, 
 2DIAGNOSTIC,     5, -7.223045283883e-01, 1.797693134862e+308, 1.4224e-01, 6.1951e-03, 
 2DIAGNOSTIC,     6, -7.280329127357e-01, 1.797693134862e+308, 1.5048e-01, 8.2431e-03, 
 2DIAGNOSTIC,     7, -7.522544119079e-01, 1.797693134862e+308, 1.6128e-01, 1.0797e-02, 
 2DIAGNOSTIC,     8, -7.562428386489e-01, 1.797693134862e+308, 1.6982e-01, 8.5480e-03, 
 2DIAGNOSTIC,     9, -7.576466717549e-01, 1.797693134862e+308, 1.7766e-01, 7.8309e-03, 
 2DIAGNOSTIC,    10, -7.581181632602e-01, 5.401613186857e-03, 1.8696e-01, 9.3031e-03, 
 2DIAGNOSTIC,    11, -7.596416614972e-01, 4.829750908189e-03, 1.9849e-01, 1.1533e-02, 
 2DIAGNOSTIC,    12, -7.597712120354e-01, 3.980527568942e-03, 2.0687e-01, 8.3740e-03, 
 2DIAGNOSTIC,    13, -7.598888157180e-01, 2.991373596920e-03, 2.1422e-01, 7.3569e-03, 
 2DIAGNOSTIC,    14, -7.599177314002e-01, 1.987617958580e-03, 2.2107e-01, 6.8481e-03, 
 2DIAGNOSTIC,    15, -7.600001252334e-01, 1.087302809609e-03, 2.2798e-01, 6.9051e-03, 
 2DIAGNOSTIC,    16, -7.602384545515e-01, 3.299275430737e-04, 2.3436e-01, 6.3829e-03, 
 2DIAGNOSTIC,    17, -7.605439809754e-01, 1.825378606114e-04, 2.4163e-01, 7.2701e-03, 
 2DIAGNOSTIC,    18, -7.608297933309e-01, 1.254812241602e-04, 2.4802e-01, 6.3879e-03, 
 2DIAGNOSTIC,    19, -7.610116080887e-01, 9.502328897135e-05, 2.5434e-01, 6.3250e-03, 
 2DIAGNOSTIC,    20, -7.613312259031e-01, 7.332109661827e-05, 2.6239e-01, 8.0519e-03, 
 2DIAGNOSTIC,    21, -7.614048570718e-01, 7.581342695106e-05, 2.6851e-01, 6.1140e-03, 
 2DIAGNOSTIC,    22, -7.620221100566e-01, 8.397566970953e-05, 2.7620e-01, 7.6921e-03, 
 2DIAGNOSTIC,    23, -7.628864246498e-01, 9.967718420274e-05, 2.8586e-01, 9.6619e-03, 
 2DIAGNOSTIC,    24, -7.631494215719e-01, 1.092034752541e-04, 2.9269e-01, 6.8271e-03, 
 2DIAGNOSTIC,    25, -7.631843956095e-01, 1.097365979717e-04, 3.1069e-01, 1.8003e-02, 
 2DIAGNOSTIC,    26, -7.631748410087e-01, 1.035030698509e-04, 3.1800e-01, 7.3090e-03, 
 2DIAGNOSTIC,    27, -7.633617189508e-01, 9.488130320816e-05, 3.2532e-01, 7.3152e-03, 
 2DIAGNOSTIC,    28, -7.635486085351e-01, 8.413238575077e-05, 3.3361e-01, 8.2991e-03, 
 2DIAGNOSTIC,    29, -7.635981478827e-01, 6.920067030070e-05, 3.4050e-01, 6.8841e-03, 
 2DIAGNOSTIC,    30, -7.635639374896e-01, 5.271606271570e-05, 3.4745e-01, 6.9530e-03, 
 2DIAGNOSTIC,    31, -7.636807235332e-01, 3.475740241242e-05, 3.5463e-01, 7.1819e-03, 
 2DIAGNOSTIC,    32, -7.638795003715e-01, 2.404588226748e-05, 3.6350e-01, 8.8670e-03, 
 2DIAGNOSTIC,    33, -7.641178774528e-01, 2.423655826780e-05, 3.7063e-01, 7.1290e-03, 
 2DIAGNOSTIC,    34, -7.644160760612e-01, 2.841353320788e-05, 3.7732e-01, 6.6931e-03, 
 2DIAGNOSTIC,    35, -7.651555154189e-01, 3.811630984372e-05, 3.8751e-01, 1.0186e-02, 
 2DIAGNOSTIC,    36, -7.654757262832e-01, 4.679433438304e-05, 3.9888e-01, 1.1367e-02, 
 2DIAGNOSTIC,    37, -7.655218709177e-01, 5.294787677174e-05, 4.0625e-01, 7.3709e-03, 
 2DIAGNOSTIC,    38, -7.655494566991e-01, 5.602775512620e-05, 4.1323e-01, 6.9859e-03, 
 2DIAGNOSTIC,    39, -7.656550709006e-01, 5.520652447195e-05, 4.2122e-01, 7.9892e-03, 
 2DIAGNOSTIC,    40, -7.657369483442e-01, 4.956115141795e-05, 4.2927e-01, 8.0500e-03, 
 2DIAGNOSTIC,    41, -7.657208302824e-01, 4.040404440117e-05, 4.3842e-01, 9.1469e-03, 
 2DIAGNOSTIC,    42, -7.656731622742e-01, 2.934906114700e-05, 4.4645e-01, 8.0290e-03, 
 2DIAGNOSTIC,    43, -7.655500521335e-01, 1.715479976946e-05, 4.5491e-01, 8.4581e-03, 
 2DIAGNOSTIC,    44, -7.655686423924e-01, 6.522771238866e-06, 4.6363e-01, 8.7252e-03, 
 2DIAGNOSTIC,    45, -7.657309302179e-01, 3.239662360294e-06, 4.7253e-01, 8.9018e-03, 
 2DIAGNOSTIC,    46, -7.658127346130e-01, 3.097555998199e-06, 4.8213e-01, 9.5940e-03, 
 2DIAGNOSTIC,    47, -7.657742342480e-01, 2.817688539145e-06, 4.9006e-01, 7.9298e-03, 
 2DIAGNOSTIC,    48, -7.657248947860e-01, 2.211318716517e-06, 4.9729e-01, 7.2370e-03, 
 2DIAGNOSTIC,    49, -7.657152790740e-01, 2.206353604227e-06, 5.0447e-01, 7.1800e-03, 
 2DIAGNOSTIC,    50, -7.658743807545e-01, 3.815489021539e-06, 5.1143e-01, 6.9571e-03, 
 2DIAGNOSTIC,    51, -7.659949593818e-01, 5.772759481278e-06, 5.2072e-01, 9.2909e-03, 
 2DIAGNOSTIC,    52, -7.662423794711e-01, 8.639512463198e-06, 5.2959e-01, 8.8680e-03, 
 2DIAGNOSTIC,    53, -7.663141536031e-01, 1.026918047186e-05, 5.4027e-01, 1.0684e-02, 
 2DIAGNOSTIC,    54, -7.669168546951e-01, 1.521292250638e-05, 5.4876e-01, 8.4910e-03, 
 2DIAGNOSTIC,    55, -7.669511453782e-01, 1.978137279202e-05, 5.5820e-01, 9.4349e-03, 
 2DIAGNOSTIC,    56, -7.669731922340e-01, 2.306445010762e-05, 5.6579e-01, 7.5932e-03, 
 2DIAGNOSTIC,    57, -7.668907291031e-01, 2.333154862237e-05, 5.7407e-01, 8.2791e-03, 
 2DIAGNOSTIC,    58, -7.669057619650e-01, 2.119847930262e-05, 5.8733e-01, 1.3261e-02, 
 2DIAGNOSTIC,    59, -7.669168925917e-01, 1.709547472768e-05, 5.9810e-01, 1.0767e-02, 
 2DIAGNOSTIC,    60, -7.668915590058e-01, 1.235093786913e-05, 6.0834e-01, 1.0241e-02, 
 2DIAGNOSTIC,    61, -7.668459888071e-01, 7.115231264964e-06, 6.1720e-01, 8.8611e-03, 
 2DIAGNOSTIC,    62, -7.668543253718e-01, 3.010215609878e-06, 6.2757e-01, 1.0364e-02, 
DIAGNOSTIC,Iteration,metricValue,convergenceValue,ITERATION_TIME_INDEX,SINCE_LAST
 2DIAGNOSTIC,     1, -6.076237598451e-01, 1.797693134862e+308, 7.7476e-01, 1.4720e-01, 
 2DIAGNOSTIC,     2, -6.078567795927e-01, 1.797693134862e+308, 7.9061e-01, 1.5848e-02, 
 2DIAGNOSTIC,     3, -6.078756957340e-01, 1.797693134862e+308, 8.1034e-01, 1.9728e-02, 
 2DIAGNOSTIC,     4, -6.078602362354e-01, 1.797693134862e+308, 8.2884e-01, 1.8502e-02, 
 2DIAGNOSTIC,     5, -6.078559954448e-01, 1.797693134862e+308, 8.4042e-01, 1.1577e-02, 
 2DIAGNOSTIC,     6, -6.078526672721e-01, 1.797693134862e+308, 8.5147e-01, 1.1053e-02, 
 2DIAGNOSTIC,     7, -6.078503466049e-01, 1.797693134862e+308, 8.6431e-01, 1.2838e-02, 
 2DIAGNOSTIC,     8, -6.078524599369e-01, 1.797693134862e+308, 8.8177e-01, 1.7456e-02, 
 2DIAGNOSTIC,     9, -6.078229532326e-01, 1.797693134862e+308, 9.0224e-01, 2.0475e-02, 
 2DIAGNOSTIC,    10, -6.078183264992e-01, 9.892612636869e-06, 9.2319e-01, 2.0946e-02, 
DIAGNOSTIC,Iteration,metricValue,convergenceValue,ITERATION_TIME_INDEX,SINCE_LAST
 2DIAGNOSTIC,     1, -5.407648952701e-01, 1.797693134862e+308, 1.1909e+00, 2.6770e-01, 
 2DIAGNOSTIC,     2, -5.413307566581e-01, 1.797693134862e+308, 1.2394e+00, 4.8557e-02, 
 2DIAGNOSTIC,     3, -5.419957450316e-01, 1.797693134862e+308, 1.2927e+00, 5.3278e-02, 
 2DIAGNOSTIC,     4, -5.428291301284e-01, 1.797693134862e+308, 1.3480e+00, 5.5252e-02, 
 2DIAGNOSTIC,     5, -5.436167181286e-01, 1.797693134862e+308, 1.4001e+00, 5.2102e-02, 
 2DIAGNOSTIC,     6, -5.446996452174e-01, 1.797693134862e+308, 1.4547e+00, 5.4602e-02, 
 2DIAGNOSTIC,     7, -5.453271485484e-01, 1.797693134862e+308, 1.5108e+00, 5.6159e-02, 
 2DIAGNOSTIC,     8, -5.455369750637e-01, 1.797693134862e+308, 1.5967e+00, 8.5862e-02, 
 2DIAGNOSTIC,     9, -5.458123990555e-01, 1.797693134862e+308, 1.6580e+00, 6.1304e-02, 
 2DIAGNOSTIC,    10, -5.465233650848e-01, 7.089520476094e-04, 1.7111e+00, 5.3084e-02, 
 2DIAGNOSTIC,    11, -5.467031143756e-01, 5.927833437197e-04, 1.7680e+00, 5.6945e-02, 
 2DIAGNOSTIC,    12, -5.468889308605e-01, 4.757222605109e-04, 1.8347e+00, 6.6631e-02, 
 2DIAGNOSTIC,    13, -5.472528049316e-01, 3.755297308544e-04, 1.9065e+00, 7.1823e-02, 
 2DIAGNOSTIC,    14, -5.474411521425e-01, 2.934395956300e-04, 1.9608e+00, 5.4337e-02, 
 2DIAGNOSTIC,    15, -5.483404479481e-01, 2.532914989105e-04, 2.0185e+00, 5.7698e-02, 
 2DIAGNOSTIC,    16, -5.487081866982e-01, 2.412830396409e-04, 2.0703e+00, 5.1808e-02, 
 2DIAGNOSTIC,    17, -5.492642880025e-01, 2.451561378037e-04, 2.1284e+00, 5.8090e-02, 
 2DIAGNOSTIC,    18, -5.502372934686e-01, 2.603074969981e-04, 2.1839e+00, 5.5445e-02, 
 2DIAGNOSTIC,    19, -5.538823668112e-01, 3.561398613509e-04, 2.2489e+00, 6.5002e-02, 
 2DIAGNOSTIC,    20, -5.543223828782e-01, 4.367144422832e-04, 2.3082e+00, 5.9360e-02, 
 2DIAGNOSTIC,    21, -5.544134066181e-01, 4.766330574828e-04, 2.3618e+00, 5.3539e-02, 
 2DIAGNOSTIC,    22, -5.544699182937e-01, 4.755401534702e-04, 2.4175e+00, 5.5757e-02, 
 2DIAGNOSTIC,    23, -5.545975398358e-01, 4.409802452571e-04, 2.4696e+00, 5.2109e-02, 
 2DIAGNOSTIC,    24, -5.550669018384e-01, 3.806117249618e-04, 2.5326e+00, 6.2954e-02, 
 2DIAGNOSTIC,    25, -5.557130931493e-01, 3.211480716557e-04, 2.6082e+00, 7.5586e-02, 
 2DIAGNOSTIC,    26, -5.557079739602e-01, 2.442959898358e-04, 2.6800e+00, 7.1835e-02, 
 2DIAGNOSTIC,    27, -5.557108099491e-01, 1.617567093304e-04, 2.7349e+00, 5.4854e-02, 
 2DIAGNOSTIC,    28, -5.557076532750e-01, 8.628578710776e-05, 2.8166e+00, 8.1704e-02, 
 2DIAGNOSTIC,    29, -5.557069703358e-01, 7.268830363686e-05, 2.8748e+00, 5.8234e-02, 
 2DIAGNOSTIC,    30, -5.557054062234e-01, 6.058677269993e-05, 2.9356e+00, 6.0825e-02, 
 2DIAGNOSTIC,    31, -5.557057212865e-01, 4.525322507712e-05, 2.9955e+00, 5.9830e-02, 
 2DIAGNOSTIC,    32, -5.557039428121e-01, 2.778552320461e-05, 3.0533e+00, 5.7830e-02, 
 2DIAGNOSTIC,    33, -5.557053632077e-01, 1.077957580156e-05, 3.1068e+00, 5.3529e-02, 
DIAGNOSTIC,Iteration,metricValue,convergenceValue,ITERATION_TIME_INDEX,SINCE_LAST
 2DIAGNOSTIC,     1, -5.051227884824e-01, 1.797693134862e+308, 4.0018e+00, 8.9499e-01, 
 2DIAGNOSTIC,     2, -5.054723899461e-01, 1.797693134862e+308, 4.3043e+00, 3.0251e-01, 
 2DIAGNOSTIC,     3, -5.058855439930e-01, 1.797693134862e+308, 4.6058e+00, 3.0151e-01, 
 2DIAGNOSTIC,     4, -5.076789529336e-01, 1.797693134862e+308, 4.9597e+00, 3.5393e-01, 
 2DIAGNOSTIC,     5, -5.077937611810e-01, 1.797693134862e+308, 5.2642e+00, 3.0444e-01, 
 2DIAGNOSTIC,     6, -5.078972614334e-01, 1.797693134862e+308, 5.5670e+00, 3.0279e-01, 
 2DIAGNOSTIC,     7, -5.080410453212e-01, 1.797693134862e+308, 5.8718e+00, 3.0481e-01, 
 2DIAGNOSTIC,     8, -5.081962064051e-01, 1.797693134862e+308, 6.2202e+00, 3.4839e-01, 
 2DIAGNOSTIC,     9, -5.082176177902e-01, 1.797693134862e+308, 6.6032e+00, 3.8300e-01, 
 2DIAGNOSTIC,    10, -5.082317193718e-01, 4.130834669793e-04, 6.9057e+00, 3.0250e-01, 
 2DIAGNOSTIC,    11, -5.082497321256e-01, 2.787463791066e-04, 7.2068e+00, 3.0117e-01, 
 2DIAGNOSTIC,    12, -5.083810532592e-01, 1.649342012556e-04, 7.5321e+00, 3.2527e-01, 
 2DIAGNOSTIC,    13, -5.084585175549e-01, 7.278018237247e-05, 7.8386e+00, 3.0650e-01, 
 2DIAGNOSTIC,    14, -5.084726801554e-01, 5.967971297925e-05, 8.1667e+00, 3.2810e-01, 
 2DIAGNOSTIC,    15, -5.085359115834e-01, 4.986711748114e-05, 8.5176e+00, 3.5091e-01, 
 2DIAGNOSTIC,    16, -5.085626723972e-01, 4.135331512176e-05, 8.8215e+00, 3.0382e-01, 
 2DIAGNOSTIC,    17, -5.085858801749e-01, 3.550991219930e-05, 9.1254e+00, 3.0400e-01, 
 2DIAGNOSTIC,    18, -5.085974228323e-01, 3.235230935079e-05, 9.4733e+00, 3.4781e-01, 
 2DIAGNOSTIC,    19, -5.086013253588e-01, 2.748574044763e-05, 1.0004e+01, 5.3102e-01, 
 2DIAGNOSTIC,    20, -5.086023238051e-01, 2.117331220653e-05, 1.0358e+01, 3.5422e-01, 
 2DIAGNOSTIC,    21, -5.086024565174e-01, 1.403793452207e-05, 1.0680e+01, 3.2161e-01, 
 2DIAGNOSTIC,    22, -5.086024301818e-01, 9.684574672979e-06, 1.1005e+01, 3.2508e-01, 
 2DIAGNOSTIC,    23, -5.086022674273e-01, 6.832586899513e-06, 1.1305e+01, 3.0006e-01, 
 2DIAGNOSTIC,    24, -5.086023723282e-01, 4.012077203713e-06, 1.1628e+01, 3.2301e-01, 
 2DIAGNOSTIC,    25, -5.086026326775e-01, 2.578604783830e-06, 1.1963e+01, 3.3430e-01, 
 2DIAGNOSTIC,    26, -5.086026128498e-01, 1.697896930261e-06, 1.2278e+01, 3.1579e-01, 
 2DIAGNOSTIC,    27, -5.086023828839e-01, 1.308575342675e-06, 1.2603e+01, 3.2455e-01, 
 2DIAGNOSTIC,    28, -5.086023485609e-01, 1.163123806054e-06, 1.2906e+01, 3.0274e-01, 
 2DIAGNOSTIC,    29, -5.086022545390e-01, 1.098114528801e-06, 1.3234e+01, 3.2825e-01, 
 2DIAGNOSTIC,    30, -5.086023688232e-01, 1.057934309122e-06, 1.3553e+01, 3.1862e-01, 
 2DIAGNOSTIC,    31, -5.086022549648e-01, 1.020934673551e-06, 1.3886e+01, 3.3382e-01, 
  Elapsed time (stage 1): 1.4151e+01


Stage 2
  iterations = 100x70x50x20
  convergence threshold = 1.0000e-06
  convergence window size = 10
  number of levels = 4
  using the CC metric (radius = 4, weight = 1.0000e+00, use gradient filter = 0)
  preprocessing:  winsorizing the image intensities
  Shrink factors (level 1 out of 4): [8, 8, 8]
  Shrink factors (level 2 out of 4): [4, 4, 4]
  Shrink factors (level 3 out of 4): [2, 2, 2]
  Shrink factors (level 4 out of 4): [1, 1, 1]
  smoothing sigmas per level: [3, 2, 1, 0]
  Using default NONE metricSamplingStrategy 

