---------------------
Profiling information

Pipeline: ants registrationSyN
NTHREAD: 32

DATASET: ds004513
SUBJECT_ID: s017

SIF_IMG: /mnt/lustre/mathdugre/containers/ants-debug.simg
DATA_DIR: /mnt/lustre/mathdugre/mri-bottleneck/datasets/ds004513

PROJECT_DIR: /mnt/lustre/mathdugre/mri-bottleneck
PROFILING_DIR: /mnt/lustre/mathdugre/mri-bottleneck/vtune_output/32-threads/ants/registrationSyN/ds004513/sub-s017/y43nOXQPoAtn2vtmZbT1U3CeJswdOxKt
---------------------

Command to profile: bash tmp-scripts/y43nOXQPoAtn2vtmZbT1U3CeJswdOxKt.sh

--------------------------------------------------------------------------------------
 Mapping parameters
--------------------------------------------------------------------------------------
 ANTSPATH is /opt/ants/bin

 Dimensionality:           3
 Output name prefix:       /data/derivatives/ants/registrationSyN/sub-s017/ses-open/anat/
 Fixed images:             /templateflow/tpl-MNI152NLin2009cAsym//tpl-MNI152NLin2009cAsym_res-01_desc-brain_T1w.nii.gz
 Moving images:            /data/derivatives/fsl/fast/sub-s017/ses-open/anat/BrainExtractionBrain_seg.nii.gz
 Mask images:              
 Initial transforms:       
 Number of threads:        32
 Spline distance:          26
 SyN gradient step:        0.1
 Transform type:           s
 CC radius:                4
 Precision:                d
 Use histogram matching    0
 Repro                     0
======================================================================================
 antsRegistration call:
--------------------------------------------------------------------------------------
/opt/ants/bin/antsRegistration --verbose 1 --dimensionality 3 --float 0 --collapse-output-transforms 1 --output [ /data/derivatives/ants/registrationSyN/sub-s017/ses-open/anat/,/data/derivatives/ants/registrationSyN/sub-s017/ses-open/anat/Warped.nii.gz,/data/derivatives/ants/registrationSyN/sub-s017/ses-open/anat/InverseWarped.nii.gz ] --interpolation Linear --use-histogram-matching 0 --winsorize-image-intensities [ 0.005,0.995 ] --initial-moving-transform [ /templateflow/tpl-MNI152NLin2009cAsym//tpl-MNI152NLin2009cAsym_res-01_desc-brain_T1w.nii.gz,/data/derivatives/fsl/fast/sub-s017/ses-open/anat/BrainExtractionBrain_seg.nii.gz,1 ] --transform Rigid[ 0.1 ] --metric MI[ /templateflow/tpl-MNI152NLin2009cAsym//tpl-MNI152NLin2009cAsym_res-01_desc-brain_T1w.nii.gz,/data/derivatives/fsl/fast/sub-s017/ses-open/anat/BrainExtractionBrain_seg.nii.gz,1,32,Regular,0.25 ] --convergence [ 1000x500x250x100,1e-6,10 ] --shrink-factors 8x4x2x1 --smoothing-sigmas 3x2x1x0vox --transform Affine[ 0.1 ] --metric MI[ /templateflow/tpl-MNI152NLin2009cAsym//tpl-MNI152NLin2009cAsym_res-01_desc-brain_T1w.nii.gz,/data/derivatives/fsl/fast/sub-s017/ses-open/anat/BrainExtractionBrain_seg.nii.gz,1,32,Regular,0.25 ] --convergence [ 1000x500x250x100,1e-6,10 ] --shrink-factors 8x4x2x1 --smoothing-sigmas 3x2x1x0vox --transform SyN[ 0.1,3,0 ] --metric CC[ /templateflow/tpl-MNI152NLin2009cAsym//tpl-MNI152NLin2009cAsym_res-01_desc-brain_T1w.nii.gz,/data/derivatives/fsl/fast/sub-s017/ses-open/anat/BrainExtractionBrain_seg.nii.gz,1,4 ] --convergence [ 100x70x50x20,1e-6,10 ] --shrink-factors 8x4x2x1 --smoothing-sigmas 3x2x1x0vox
--------------------------------------------------------------------------------------
All_Command_lines_OK
Using double precision for computations.
=============================================================================
The composite transform comprises the following transforms (in order): 
  1. Center of mass alignment using fixed image: /templateflow/tpl-MNI152NLin2009cAsym//tpl-MNI152NLin2009cAsym_res-01_desc-brain_T1w.nii.gz and moving image: /data/derivatives/fsl/fast/sub-s017/ses-open/anat/BrainExtractionBrain_seg.nii.gz (type = Euler3DTransform)
=============================================================================
  number of levels = 4
  number of levels = 4
  number of levels = 4
  fixed image: /templateflow/tpl-MNI152NLin2009cAsym//tpl-MNI152NLin2009cAsym_res-01_desc-brain_T1w.nii.gz
  moving image: /data/derivatives/fsl/fast/sub-s017/ses-open/anat/BrainExtractionBrain_seg.nii.gz
  fixed image: /templateflow/tpl-MNI152NLin2009cAsym//tpl-MNI152NLin2009cAsym_res-01_desc-brain_T1w.nii.gz
  moving image: /data/derivatives/fsl/fast/sub-s017/ses-open/anat/BrainExtractionBrain_seg.nii.gz
  fixed image: /templateflow/tpl-MNI152NLin2009cAsym//tpl-MNI152NLin2009cAsym_res-01_desc-brain_T1w.nii.gz
  moving image: /data/derivatives/fsl/fast/sub-s017/ses-open/anat/BrainExtractionBrain_seg.nii.gz
Dimension = 3
Number of stages = 3
Use histogram matching = false
Winsorize image intensities = true
  Lower quantile = 0.005
  Upper quantile = 0.995


Stage 1 State
   Image metric = Mattes
     Fixed image = Image (0x55558ac6ef70)
  RTTI typeinfo:   itk::Image<double, 3u>
  Reference Count: 2
  Modified Time: 1721
  Debug: Off
  Object Name: 
  Observers: 
    none
  Source: (none)
  Source output name: (none)
  Release Data: Off
  Data Released: False
  Global Release Data: Off
  PipelineMTime: 0
  UpdateMTime: 1504
  RealTimeStamp: 0 seconds 
  LargestPossibleRegion: 
    Dimension: 3
    Index: [0, 0, 0]
    Size: [193, 229, 193]
  BufferedRegion: 
    Dimension: 3
    Index: [0, 0, 0]
    Size: [193, 229, 193]
  RequestedRegion: 
    Dimension: 3
    Index: [0, 0, 0]
    Size: [193, 229, 193]
  Spacing: [1, 1, 1]
  Origin: [96, 132, -78]
  Direction: 
-1 0 0
0 -1 0
0 0 1

  IndexToPointMatrix: 
-1 0 0
0 -1 0
0 0 1

  PointToIndexMatrix: 
-1 0 0
0 -1 0
0 0 1

  Inverse Direction: 
-1 0 0
0 -1 0
0 0 1

  PixelContainer: 
    ImportImageContainer (0x55558ac77cf0)
      RTTI typeinfo:   itk::ImportImageContainer<unsigned long, double>
      Reference Count: 1
      Modified Time: 1501
      Debug: Off
      Object Name: 
      Observers: 
        none
      Pointer: 0x7efc63ce8010
      Container manages memory: true
      Size: 8530021
      Capacity: 8530021

     Moving image = Image (0x55558ac78bc0)
  RTTI typeinfo:   itk::Image<double, 3u>
  Reference Count: 2
  Modified Time: 1722
  Debug: Off
  Object Name: 
  Observers: 
    none
  Source: (none)
  Source output name: (none)
  Release Data: Off
  Data Released: False
  Global Release Data: Off
  PipelineMTime: 0
  UpdateMTime: 1719
  RealTimeStamp: 0 seconds 
  LargestPossibleRegion: 
    Dimension: 3
    Index: [0, 0, 0]
    Size: [160, 240, 256]
  BufferedRegion: 
    Dimension: 3
    Index: [0, 0, 0]
    Size: [160, 240, 256]
  RequestedRegion: 
    Dimension: 3
    Index: [0, 0, 0]
    Size: [160, 240, 256]
  Spacing: [1, 1, 1]
  Origin: [91.3357, 102.231, -120.042]
  Direction: 
-0.997442 -5.36781e-05 -0.0714818
5.35416e-05 -1 3.82465e-06
-0.0714818 -1.23894e-08 0.997442

  IndexToPointMatrix: 
-0.997444 -5.36781e-05 -0.0714818
5.35418e-05 -1 3.82465e-06
-0.0714819 -1.23894e-08 0.997442

  PointToIndexMatrix: 
-0.99744 5.35415e-05 -0.0714816
-5.36781e-05 -1 -1.23894e-08
-0.0714818 3.82465e-06 0.997442

  Inverse Direction: 
-0.997442 5.35416e-05 -0.0714818
-5.36781e-05 -1 -1.23894e-08
-0.0714818 3.82465e-06 0.997442

  PixelContainer: 
    ImportImageContainer (0x55558ac5fd30)
      RTTI typeinfo:   itk::ImportImageContainer<unsigned long, double>
      Reference Count: 1
      Modified Time: 1716
      Debug: Off
      Object Name: 
      Observers: 
        none
      Pointer: 0x7efc5f1e7010
      Container manages memory: true
      Size: 9830400
      Capacity: 9830400

     Weighting = 1
     Sampling strategy = regular
     Number of bins = 32
     Radius = 4
     Sampling percentage  = 0.25
   Transform = Rigid
     Gradient step = 0.1
     Update field sigma (voxel space) = 0
     Total field sigma (voxel space) = 0
     Update field time sigma = 0
     Total field time sigma  = 0
     Number of time indices = 0
     Number of time point samples = 0
Stage 2 State
   Image metric = Mattes
     Fixed image = Image (0x55558ac9fe50)
  RTTI typeinfo:   itk::Image<double, 3u>
  Reference Count: 2
  Modified Time: 2151
  Debug: Off
  Object Name: 
  Observers: 
    none
  Source: (none)
  Source output name: (none)
  Release Data: Off
  Data Released: False
  Global Release Data: Off
  PipelineMTime: 0
  UpdateMTime: 1934
  RealTimeStamp: 0 seconds 
  LargestPossibleRegion: 
    Dimension: 3
    Index: [0, 0, 0]
    Size: [193, 229, 193]
  BufferedRegion: 
    Dimension: 3
    Index: [0, 0, 0]
    Size: [193, 229, 193]
  RequestedRegion: 
    Dimension: 3
    Index: [0, 0, 0]
    Size: [193, 229, 193]
  Spacing: [1, 1, 1]
  Origin: [96, 132, -78]
  Direction: 
-1 0 0
0 -1 0
0 0 1

  IndexToPointMatrix: 
-1 0 0
0 -1 0
0 0 1

  PointToIndexMatrix: 
-1 0 0
0 -1 0
0 0 1

  Inverse Direction: 
-1 0 0
0 -1 0
0 0 1

  PixelContainer: 
    ImportImageContainer (0x55558ad0f940)
      RTTI typeinfo:   itk::ImportImageContainer<unsigned long, double>
      Reference Count: 1
      Modified Time: 1931
      Debug: Off
      Object Name: 
      Observers: 
        none
      Pointer: 0x7efc5b0d2010
      Container manages memory: true
      Size: 8530021
      Capacity: 8530021

     Moving image = Image (0x55558aca1f00)
  RTTI typeinfo:   itk::Image<double, 3u>
  Reference Count: 2
  Modified Time: 2152
  Debug: Off
  Object Name: 
  Observers: 
    none
  Source: (none)
  Source output name: (none)
  Release Data: Off
  Data Released: False
  Global Release Data: Off
  PipelineMTime: 0
  UpdateMTime: 2149
  RealTimeStamp: 0 seconds 
  LargestPossibleRegion: 
    Dimension: 3
    Index: [0, 0, 0]
    Size: [160, 240, 256]
  BufferedRegion: 
    Dimension: 3
    Index: [0, 0, 0]
    Size: [160, 240, 256]
  RequestedRegion: 
    Dimension: 3
    Index: [0, 0, 0]
    Size: [160, 240, 256]
  Spacing: [1, 1, 1]
  Origin: [91.3357, 102.231, -120.042]
  Direction: 
-0.997442 -5.36781e-05 -0.0714818
5.35416e-05 -1 3.82465e-06
-0.0714818 -1.23894e-08 0.997442

  IndexToPointMatrix: 
-0.997444 -5.36781e-05 -0.0714818
5.35418e-05 -1 3.82465e-06
-0.0714819 -1.23894e-08 0.997442

  PointToIndexMatrix: 
-0.99744 5.35415e-05 -0.0714816
-5.36781e-05 -1 -1.23894e-08
-0.0714818 3.82465e-06 0.997442

  Inverse Direction: 
-0.997442 5.35416e-05 -0.0714818
-5.36781e-05 -1 -1.23894e-08
-0.0714818 3.82465e-06 0.997442

  PixelContainer: 
    ImportImageContainer (0x55558ad15990)
      RTTI typeinfo:   itk::ImportImageContainer<unsigned long, double>
      Reference Count: 1
      Modified Time: 2146
      Debug: Off
      Object Name: 
      Observers: 
        none
      Pointer: 0x7efc565d1010
      Container manages memory: true
      Size: 9830400
      Capacity: 9830400

     Weighting = 1
     Sampling strategy = regular
     Number of bins = 32
     Radius = 4
     Sampling percentage  = 0.25
   Transform = Affine
     Gradient step = 0.1
     Update field sigma (voxel space) = 0
     Total field sigma (voxel space) = 0
     Update field time sigma = 0
     Total field time sigma  = 0
     Number of time indices = 0
     Number of time point samples = 0
Stage 3 State
   Image metric = CC
     Fixed image = Image (0x55558ad14400)
  RTTI typeinfo:   itk::Image<double, 3u>
  Reference Count: 2
  Modified Time: 2581
  Debug: Off
  Object Name: 
  Observers: 
    none
  Source: (none)
  Source output name: (none)
  Release Data: Off
  Data Released: False
  Global Release Data: Off
  PipelineMTime: 0
  UpdateMTime: 2364
  RealTimeStamp: 0 seconds 
  LargestPossibleRegion: 
    Dimension: 3
    Index: [0, 0, 0]
    Size: [193, 229, 193]
  BufferedRegion: 
    Dimension: 3
    Index: [0, 0, 0]
    Size: [193, 229, 193]
  RequestedRegion: 
    Dimension: 3
    Index: [0, 0, 0]
    Size: [193, 229, 193]
  Spacing: [1, 1, 1]
  Origin: [96, 132, -78]
  Direction: 
-1 0 0
0 -1 0
0 0 1

  IndexToPointMatrix: 
-1 0 0
0 -1 0
0 0 1

  PointToIndexMatrix: 
-1 0 0
0 -1 0
0 0 1

  Inverse Direction: 
-1 0 0
0 -1 0
0 0 1

  PixelContainer: 
    ImportImageContainer (0x55558ad14b80)
      RTTI typeinfo:   itk::ImportImageContainer<unsigned long, double>
      Reference Count: 1
      Modified Time: 2361
      Debug: Off
      Object Name: 
      Observers: 
        none
      Pointer: 0x7efc524bc010
      Container manages memory: true
      Size: 8530021
      Capacity: 8530021

     Moving image = Image (0x55558ad13d40)
  RTTI typeinfo:   itk::Image<double, 3u>
  Reference Count: 2
  Modified Time: 2582
  Debug: Off
  Object Name: 
  Observers: 
    none
  Source: (none)
  Source output name: (none)
  Release Data: Off
  Data Released: False
  Global Release Data: Off
  PipelineMTime: 0
  UpdateMTime: 2579
  RealTimeStamp: 0 seconds 
  LargestPossibleRegion: 
    Dimension: 3
    Index: [0, 0, 0]
    Size: [160, 240, 256]
  BufferedRegion: 
    Dimension: 3
    Index: [0, 0, 0]
    Size: [160, 240, 256]
  RequestedRegion: 
    Dimension: 3
    Index: [0, 0, 0]
    Size: [160, 240, 256]
  Spacing: [1, 1, 1]
  Origin: [91.3357, 102.231, -120.042]
  Direction: 
-0.997442 -5.36781e-05 -0.0714818
5.35416e-05 -1 3.82465e-06
-0.0714818 -1.23894e-08 0.997442

  IndexToPointMatrix: 
-0.997444 -5.36781e-05 -0.0714818
5.35418e-05 -1 3.82465e-06
-0.0714819 -1.23894e-08 0.997442

  PointToIndexMatrix: 
-0.99744 5.35415e-05 -0.0714816
-5.36781e-05 -1 -1.23894e-08
-0.0714818 3.82465e-06 0.997442

  Inverse Direction: 
-0.997442 5.35416e-05 -0.0714818
-5.36781e-05 -1 -1.23894e-08
-0.0714818 3.82465e-06 0.997442

  PixelContainer: 
    ImportImageContainer (0x55558aca1a40)
      RTTI typeinfo:   itk::ImportImageContainer<unsigned long, double>
      Reference Count: 1
      Modified Time: 2576
      Debug: Off
      Object Name: 
      Observers: 
        none
      Pointer: 0x7efc4d9bb010
      Container manages memory: true
      Size: 9830400
      Capacity: 9830400

     Weighting = 1
     Sampling strategy = none
     Number of bins = 32
     Radius = 4
     Sampling percentage  = 1
   Transform = SyN
     Gradient step = 0.1
     Update field sigma (voxel space) = 3
     Total field sigma (voxel space) = 0
     Update field time sigma = 0
     Total field time sigma  = 0
     Number of time indices = 0
     Number of time point samples = 0
Registration using 3 total stages.

Stage 0
  iterations = 1000x500x250x100
  convergence threshold = 1e-06
  convergence window size = 10
  number of levels = 4
  using the Mattes MI metric (number of bins = 32, weight = 1, use gradient filter = 0)
  preprocessing:  winsorizing the image intensities
  Shrink factors (level 1 out of 4): [8, 8, 8]
  Shrink factors (level 2 out of 4): [4, 4, 4]
  Shrink factors (level 3 out of 4): [2, 2, 2]
  Shrink factors (level 4 out of 4): [1, 1, 1]
  smoothing sigmas per level: [3, 2, 1, 0]
  regular sampling (percentage = 0.25)

*** Running Euler3DTransform registration ***

DIAGNOSTIC,Iteration,metricValue,convergenceValue,ITERATION_TIME_INDEX,SINCE_LAST
 2DIAGNOSTIC,     1, -5.769343922646e-01, 1.797693134862e+308, 1.8676e-01, 1.8676e-01, 
 2DIAGNOSTIC,     2, -5.778032157941e-01, 1.797693134862e+308, 1.9210e-01, 5.3470e-03, 
 2DIAGNOSTIC,     3, -5.783650351453e-01, 1.797693134862e+308, 2.0077e-01, 8.6639e-03, 
 2DIAGNOSTIC,     4, -5.793014882936e-01, 1.797693134862e+308, 2.0818e-01, 7.4151e-03, 
 2DIAGNOSTIC,     5, -5.803342106543e-01, 1.797693134862e+308, 2.1601e-01, 7.8321e-03, 
 2DIAGNOSTIC,     6, -5.834282986525e-01, 1.797693134862e+308, 2.2299e-01, 6.9728e-03, 
 2DIAGNOSTIC,     7, -5.851467182149e-01, 1.797693134862e+308, 2.3113e-01, 8.1441e-03, 
 2DIAGNOSTIC,     8, -5.865917458033e-01, 1.797693134862e+308, 2.3692e-01, 5.7890e-03, 
 2DIAGNOSTIC,     9, -5.883706651411e-01, 1.797693134862e+308, 2.4466e-01, 7.7388e-03, 
 2DIAGNOSTIC,    10, -5.894710971412e-01, 1.505013516383e-03, 2.5296e-01, 8.2979e-03, 
 2DIAGNOSTIC,    11, -5.897080665157e-01, 1.384194710956e-03, 2.6111e-01, 8.1561e-03, 
 2DIAGNOSTIC,    12, -5.900561326555e-01, 1.209350114159e-03, 2.6838e-01, 7.2639e-03, 
 2DIAGNOSTIC,    13, -5.900868471772e-01, 9.753267915499e-04, 2.7735e-01, 8.9750e-03, 
 2DIAGNOSTIC,    14, -5.901519868792e-01, 7.216285460800e-04, 2.8555e-01, 8.1930e-03, 
 2DIAGNOSTIC,    15, -5.901810438396e-01, 4.686545637120e-04, 2.9262e-01, 7.0758e-03, 
 2DIAGNOSTIC,    16, -5.906516890533e-01, 3.125993859780e-04, 3.0081e-01, 8.1902e-03, 
 2DIAGNOSTIC,    17, -5.906735710861e-01, 1.955542072947e-04, 3.0712e-01, 6.3090e-03, 
 2DIAGNOSTIC,    18, -5.906940076282e-01, 1.124009784225e-04, 3.1401e-01, 6.8889e-03, 
 2DIAGNOSTIC,    19, -5.906163904909e-01, 7.079742999673e-05, 3.2014e-01, 6.1290e-03, 
 2DIAGNOSTIC,    20, -5.906276991376e-01, 5.385939924147e-05, 3.2547e-01, 5.3282e-03, 
 2DIAGNOSTIC,    21, -5.905427543119e-01, 3.678024660379e-05, 3.3520e-01, 9.7301e-03, 
 2DIAGNOSTIC,    22, -5.905452002408e-01, 2.567723788753e-05, 3.4111e-01, 5.9149e-03, 
 2DIAGNOSTIC,    23, -5.905459509353e-01, 1.404997206574e-05, 3.4669e-01, 5.5809e-03, 
 2DIAGNOSTIC,    24, -5.905471731648e-01, 3.650498555656e-06, 3.5239e-01, 5.6939e-03, 
DIAGNOSTIC,Iteration,metricValue,convergenceValue,ITERATION_TIME_INDEX,SINCE_LAST
 2DIAGNOSTIC,     1, -4.924817009156e-01, 1.797693134862e+308, 5.0700e-01, 1.5462e-01, 
 2DIAGNOSTIC,     2, -4.929706748350e-01, 1.797693134862e+308, 5.3376e-01, 2.6758e-02, 
 2DIAGNOSTIC,     3, -4.935492738943e-01, 1.797693134862e+308, 5.6708e-01, 3.3319e-02, 
 2DIAGNOSTIC,     4, -4.941608819265e-01, 1.797693134862e+308, 5.8919e-01, 2.2111e-02, 
 2DIAGNOSTIC,     5, -4.945697963005e-01, 1.797693134862e+308, 6.1036e-01, 2.1173e-02, 
 2DIAGNOSTIC,     6, -4.951218639838e-01, 1.797693134862e+308, 6.2355e-01, 1.3190e-02, 
 2DIAGNOSTIC,     7, -4.961809508215e-01, 1.797693134862e+308, 6.3564e-01, 1.2084e-02, 
 2DIAGNOSTIC,     8, -4.993318853390e-01, 1.797693134862e+308, 6.4917e-01, 1.3536e-02, 
 2DIAGNOSTIC,     9, -4.997956492402e-01, 1.797693134862e+308, 6.6185e-01, 1.2681e-02, 
 2DIAGNOSTIC,    10, -5.002733014482e-01, 1.083549955657e-03, 6.7291e-01, 1.1056e-02, 
 2DIAGNOSTIC,    11, -5.004278146706e-01, 1.027801811513e-03, 6.8859e-01, 1.5677e-02, 
 2DIAGNOSTIC,    12, -5.003961298503e-01, 9.101845799213e-04, 6.9936e-01, 1.0770e-02, 
 2DIAGNOSTIC,    13, -5.003983760278e-01, 7.521687335434e-04, 7.0979e-01, 1.0429e-02, 
 2DIAGNOSTIC,    14, -5.003850445496e-01, 5.729516470361e-04, 7.2417e-01, 1.4379e-02, 
 2DIAGNOSTIC,    15, -5.003962892758e-01, 3.831469612628e-04, 7.3545e-01, 1.1289e-02, 
 2DIAGNOSTIC,    16, -5.003809490251e-01, 2.018126434763e-04, 7.4582e-01, 1.0365e-02, 
 2DIAGNOSTIC,    17, -5.003506428850e-01, 5.551796653498e-05, 7.5690e-01, 1.1084e-02, 
 2DIAGNOSTIC,    18, -5.003378042564e-01, 2.000160523868e-05, 7.6782e-01, 1.0919e-02, 
DIAGNOSTIC,Iteration,metricValue,convergenceValue,ITERATION_TIME_INDEX,SINCE_LAST
 2DIAGNOSTIC,     1, -4.298050770738e-01, 1.797693134862e+308, 1.1218e+00, 3.5397e-01, 
 2DIAGNOSTIC,     2, -4.298239799191e-01, 1.797693134862e+308, 1.1907e+00, 6.8910e-02, 
 2DIAGNOSTIC,     3, -4.298262952712e-01, 1.797693134862e+308, 1.2605e+00, 6.9795e-02, 
 2DIAGNOSTIC,     4, -4.298284978088e-01, 1.797693134862e+308, 1.3110e+00, 5.0500e-02, 
 2DIAGNOSTIC,     5, -4.298269036464e-01, 1.797693134862e+308, 1.3755e+00, 6.4525e-02, 
 2DIAGNOSTIC,     6, -4.298261750708e-01, 1.797693134862e+308, 1.4252e+00, 4.9648e-02, 
 2DIAGNOSTIC,     7, -4.298229142894e-01, 1.797693134862e+308, 1.4650e+00, 3.9837e-02, 
 2DIAGNOSTIC,     8, -4.298214057871e-01, 1.797693134862e+308, 1.5092e+00, 4.4184e-02, 
 2DIAGNOSTIC,     9, -4.298215417081e-01, 1.797693134862e+308, 1.5527e+00, 4.3504e-02, 
 2DIAGNOSTIC,    10, -4.298199822006e-01, 3.618430006180e-06, 1.5988e+00, 4.6147e-02, 
 2DIAGNOSTIC,    11, -4.298201463719e-01, 1.849592198830e-06, 1.6471e+00, 4.8284e-02, 
 2DIAGNOSTIC,    12, -4.298195063664e-01, 1.474029975981e-06, 1.6863e+00, 3.9134e-02, 
 2DIAGNOSTIC,    13, -4.298172949496e-01, 1.264626303926e-06, 1.7280e+00, 4.1781e-02, 
 2DIAGNOSTIC,    14, -4.298195823554e-01, 1.406998258111e-06, 1.7720e+00, 4.3964e-02, 
 2DIAGNOSTIC,    15, -4.298199262835e-01, 1.548950311139e-06, 1.8099e+00, 3.7929e-02, 
 2DIAGNOSTIC,    16, -4.298194387156e-01, 1.678001011918e-06, 1.8542e+00, 4.4230e-02, 
 2DIAGNOSTIC,    17, -4.298197560100e-01, 1.709559094891e-06, 1.8919e+00, 3.7704e-02, 
 2DIAGNOSTIC,    18, -4.298185350816e-01, 1.652339643485e-06, 1.9299e+00, 3.8045e-02, 
 2DIAGNOSTIC,    19, -4.298184228174e-01, 1.613847089847e-06, 1.9735e+00, 4.3621e-02, 
 2DIAGNOSTIC,    20, -4.298200292713e-01, 1.584133657966e-06, 2.0167e+00, 4.3197e-02, 
 2DIAGNOSTIC,    21, -4.298174376668e-01, 1.480391241107e-06, 2.0604e+00, 4.3654e-02, 
 2DIAGNOSTIC,    22, -4.298224543192e-01, 1.526515390225e-06, 2.1048e+00, 4.4381e-02, 
 2DIAGNOSTIC,    23, -4.298231791332e-01, 1.512652391553e-06, 2.1589e+00, 5.4153e-02, 
 2DIAGNOSTIC,    24, -4.298233113598e-01, 1.554109267839e-06, 2.1993e+00, 4.0413e-02, 
 2DIAGNOSTIC,    25, -4.298241755843e-01, 1.604519194925e-06, 2.2460e+00, 4.6673e-02, 
 2DIAGNOSTIC,    26, -4.298307733146e-01, 1.774736805009e-06, 2.2920e+00, 4.5948e-02, 
 2DIAGNOSTIC,    27, -4.298339932592e-01, 1.962296724445e-06, 2.3364e+00, 4.4428e-02, 
 2DIAGNOSTIC,    28, -4.298427351282e-01, 2.238921212601e-06, 2.3825e+00, 4.6124e-02, 
 2DIAGNOSTIC,    29, -4.298497382327e-01, 2.546975489161e-06, 2.4222e+00, 3.9723e-02, 
 2DIAGNOSTIC,    30, -4.298511308901e-01, 2.764900792873e-06, 2.4675e+00, 4.5287e-02, 
 2DIAGNOSTIC,    31, -4.298560545244e-01, 2.855603521458e-06, 2.5073e+00, 3.9738e-02, 
 2DIAGNOSTIC,    32, -4.298615794587e-01, 2.982476231046e-06, 2.5564e+00, 4.9182e-02, 
 2DIAGNOSTIC,    33, -4.298736703761e-01, 3.166878767322e-06, 2.5965e+00, 4.0088e-02, 
 2DIAGNOSTIC,    34, -4.298747547920e-01, 3.150136288429e-06, 2.6431e+00, 4.6532e-02, 
 2DIAGNOSTIC,    35, -4.298810938432e-01, 3.062435585396e-06, 2.6829e+00, 3.9834e-02, 
 2DIAGNOSTIC,    36, -4.298859446707e-01, 2.985951051488e-06, 2.7212e+00, 3.8319e-02, 
 2DIAGNOSTIC,    37, -4.299115592566e-01, 3.222617585577e-06, 2.7596e+00, 3.8395e-02, 
 2DIAGNOSTIC,    38, -4.299392919113e-01, 3.840712168662e-06, 2.7999e+00, 4.0336e-02, 
 2DIAGNOSTIC,    39, -4.299839612982e-01, 5.010351828982e-06, 2.8869e+00, 8.6937e-02, 
 2DIAGNOSTIC,    40, -4.299789794524e-01, 5.653337374831e-06, 2.9478e+00, 6.0878e-02, 
 2DIAGNOSTIC,    41, -4.299814441190e-01, 5.935596067225e-06, 2.9966e+00, 4.8860e-02, 
 2DIAGNOSTIC,    42, -4.299800030101e-01, 5.773090614263e-06, 3.0460e+00, 4.9429e-02, 
 2DIAGNOSTIC,    43, -4.299801108433e-01, 5.317033016521e-06, 3.0836e+00, 3.7576e-02, 
 2DIAGNOSTIC,    44, -4.299785562441e-01, 4.429237159809e-06, 3.1370e+00, 5.3391e-02, 
 2DIAGNOSTIC,    45, -4.299786011753e-01, 3.328351713811e-06, 3.1749e+00, 3.7919e-02, 
 2DIAGNOSTIC,    46, -4.299760924992e-01, 2.062392622508e-06, 3.2135e+00, 3.8615e-02, 
 2DIAGNOSTIC,    47, -4.299753568768e-01, 1.065188976159e-06, 3.2544e+00, 4.0810e-02, 
DIAGNOSTIC,Iteration,metricValue,convergenceValue,ITERATION_TIME_INDEX,SINCE_LAST
 2DIAGNOSTIC,     1, -3.893825525393e-01, 1.797693134862e+308, 4.0217e+00, 7.6736e-01, 
 2DIAGNOSTIC,     2, -3.894714200084e-01, 1.797693134862e+308, 4.2438e+00, 2.2209e-01, 
 2DIAGNOSTIC,     3, -3.894996036578e-01, 1.797693134862e+308, 4.4540e+00, 2.1017e-01, 
 2DIAGNOSTIC,     4, -3.896028649609e-01, 1.797693134862e+308, 4.7040e+00, 2.5006e-01, 
 2DIAGNOSTIC,     5, -3.896884848183e-01, 1.797693134862e+308, 4.9249e+00, 2.2081e-01, 
 2DIAGNOSTIC,     6, -3.896910245501e-01, 1.797693134862e+308, 5.1470e+00, 2.2213e-01, 
 2DIAGNOSTIC,     7, -3.896902688288e-01, 1.797693134862e+308, 5.5139e+00, 3.6689e-01, 
 2DIAGNOSTIC,     8, -3.896907430983e-01, 1.797693134862e+308, 5.7877e+00, 2.7384e-01, 
 2DIAGNOSTIC,     9, -3.896906852785e-01, 1.797693134862e+308, 6.0047e+00, 2.1704e-01, 
 2DIAGNOSTIC,    10, -3.896904699459e-01, 5.241337461315e-05, 6.2316e+00, 2.2689e-01, 
 2DIAGNOSTIC,    11, -3.896902477253e-01, 3.261165076951e-05, 6.4357e+00, 2.0407e-01, 
 2DIAGNOSTIC,    12, -3.896900607080e-01, 1.894843846971e-05, 6.6587e+00, 2.2298e-01, 
 2DIAGNOSTIC,    13, -3.896901142319e-01, 7.394287778462e-06, 6.8771e+00, 2.1846e-01, 
 2DIAGNOSTIC,    14, -3.896900713290e-01, 2.292188736097e-06, 7.1175e+00, 2.4034e-01, 
 2DIAGNOSTIC,    15, -3.896900070416e-01, 2.025647551182e-06, 7.3462e+00, 2.2873e-01, 
 2DIAGNOSTIC,    16, -3.896899359161e-01, 1.915254204551e-06, 7.5458e+00, 1.9954e-01, 
 2DIAGNOSTIC,    17, -3.896899677853e-01, 1.792945694863e-06, 7.7677e+00, 2.2191e-01, 
 2DIAGNOSTIC,    18, -3.896900782881e-01, 1.714871838969e-06, 7.9655e+00, 1.9788e-01, 
 2DIAGNOSTIC,    19, -3.896901121470e-01, 1.648862096387e-06, 8.1889e+00, 2.2333e-01, 
 2DIAGNOSTIC,    20, -3.896902357780e-01, 1.588750788456e-06, 8.4154e+00, 2.2656e-01, 
 2DIAGNOSTIC,    21, -3.896901792625e-01, 1.525045743592e-06, 8.6426e+00, 2.2711e-01, 
 2DIAGNOSTIC,    22, -3.896901283744e-01, 1.458294172092e-06, 8.8772e+00, 2.3461e-01, 
 2DIAGNOSTIC,    23, -3.896899735511e-01, 1.392988131121e-06, 9.1051e+00, 2.2795e-01, 
 2DIAGNOSTIC,    24, -3.896899018988e-01, 1.328812022333e-06, 9.3093e+00, 2.0416e-01, 
 2DIAGNOSTIC,    25, -3.896898429855e-01, 1.265913769782e-06, 9.5340e+00, 2.2475e-01, 
 2DIAGNOSTIC,    26, -3.896898742104e-01, 1.207352986171e-06, 9.7590e+00, 2.2500e-01, 
 2DIAGNOSTIC,    27, -3.896899055643e-01, 1.156314081596e-06, 9.9608e+00, 2.0177e-01, 
 2DIAGNOSTIC,    28, -3.896897781195e-01, 1.110578475079e-06, 1.0165e+01, 2.0455e-01, 
 2DIAGNOSTIC,    29, -3.896897768127e-01, 1.071268553435e-06, 1.0407e+01, 2.4210e-01, 
 2DIAGNOSTIC,    30, -3.896898261826e-01, 1.041182752272e-06, 1.0623e+01, 2.1583e-01, 
 2DIAGNOSTIC,    31, -3.896897679023e-01, 1.012027109643e-06, 1.0846e+01, 2.2241e-01, 
  Elapsed time (stage 0): 1.1091e+01


Stage 1
  iterations = 1000x500x250x100
  convergence threshold = 1.0000e-06
  convergence window size = 10
  number of levels = 4
  using the Mattes MI metric (number of bins = 32, weight = 1.0000e+00, use gradient filter = 0)
  preprocessing:  winsorizing the image intensities
  Shrink factors (level 1 out of 4): [8, 8, 8]
  Shrink factors (level 2 out of 4): [4, 4, 4]
  Shrink factors (level 3 out of 4): [2, 2, 2]
  Shrink factors (level 4 out of 4): [1, 1, 1]
  smoothing sigmas per level: [3, 2, 1, 0]
  regular sampling (percentage = 2.5000e-01)

*** Running AffineTransform registration ***

DIAGNOSTIC,Iteration,metricValue,convergenceValue,ITERATION_TIME_INDEX,SINCE_LAST
 2DIAGNOSTIC,     1, -6.026897873494e-01, 1.797693134862e+308, 1.2407e-01, 1.2407e-01, 
 2DIAGNOSTIC,     2, -6.054546066753e-01, 1.797693134862e+308, 1.3093e-01, 6.8588e-03, 
 2DIAGNOSTIC,     3, -6.104055509283e-01, 1.797693134862e+308, 1.3868e-01, 7.7500e-03, 
 2DIAGNOSTIC,     4, -6.186408544832e-01, 1.797693134862e+308, 1.4630e-01, 7.6220e-03, 
 2DIAGNOSTIC,     5, -6.317710392005e-01, 1.797693134862e+308, 1.5534e-01, 9.0330e-03, 
 2DIAGNOSTIC,     6, -6.511226741891e-01, 1.797693134862e+308, 1.6420e-01, 8.8630e-03, 
 2DIAGNOSTIC,     7, -6.836625180952e-01, 1.797693134862e+308, 1.7236e-01, 8.1580e-03, 
 2DIAGNOSTIC,     8, -8.330053466294e-01, 1.797693134862e+308, 1.8056e-01, 8.2030e-03, 
 2DIAGNOSTIC,     9, -8.798615472197e-01, 1.797693134862e+308, 1.8914e-01, 8.5790e-03, 
 2DIAGNOSTIC,    10, -9.009889096036e-01, 2.948180874365e-02, 2.0275e-01, 1.3612e-02, 
 2DIAGNOSTIC,    11, -9.018514155215e-01, 2.989648500281e-02, 2.0912e-01, 6.3710e-03, 
 2DIAGNOSTIC,    12, -9.045534840606e-01, 2.776832520964e-02, 2.1813e-01, 9.0060e-03, 
 2DIAGNOSTIC,    13, -9.076793164125e-01, 2.373365305264e-02, 2.2797e-01, 9.8381e-03, 
 2DIAGNOSTIC,    14, -9.091796137518e-01, 1.849264038874e-02, 2.3572e-01, 7.7572e-03, 
 2DIAGNOSTIC,    15, -9.107376602318e-01, 1.281391693209e-02, 2.4421e-01, 8.4882e-03, 
 2DIAGNOSTIC,    16, -9.125924773792e-01, 7.321543893305e-03, 2.5064e-01, 6.4299e-03, 
 2DIAGNOSTIC,    17, -9.158510184574e-01, 2.598266342897e-03, 2.5848e-01, 7.8390e-03, 
 2DIAGNOSTIC,    18, -9.180661453000e-01, 1.231729104046e-03, 2.6574e-01, 7.2579e-03, 
 2DIAGNOSTIC,    19, -9.198561500522e-01, 8.146035874291e-04, 2.7612e-01, 1.0382e-02, 
 2DIAGNOSTIC,    20, -9.198992193788e-01, 7.437630361868e-04, 2.8406e-01, 7.9370e-03, 
 2DIAGNOSTIC,    21, -9.201742462215e-01, 6.307069076788e-04, 2.9309e-01, 9.0320e-03, 
 2DIAGNOSTIC,    22, -9.203123100653e-01, 5.142469706847e-04, 3.0452e-01, 1.1434e-02, 
 2DIAGNOSTIC,    23, -9.203350005186e-01, 4.080223387201e-04, 3.1344e-01, 8.9178e-03, 
 2DIAGNOSTIC,    24, -9.201453334144e-01, 2.925142073893e-04, 3.2037e-01, 6.9301e-03, 
 2DIAGNOSTIC,    25, -9.201214635398e-01, 1.813729014059e-04, 3.2828e-01, 7.9050e-03, 
 2DIAGNOSTIC,    26, -9.201698679353e-01, 8.721460188542e-05, 3.3631e-01, 8.0318e-03, 
 2DIAGNOSTIC,    27, -9.202858640431e-01, 3.452756705176e-05, 3.4398e-01, 7.6690e-03, 
 2DIAGNOSTIC,    28, -9.201333621751e-01, 7.189498813287e-06, 3.5319e-01, 9.2161e-03, 
 2DIAGNOSTIC,    29, -9.202095419579e-01, 3.235736281644e-06, 3.6237e-01, 9.1760e-03, 
DIAGNOSTIC,Iteration,metricValue,convergenceValue,ITERATION_TIME_INDEX,SINCE_LAST
 2DIAGNOSTIC,     1, -7.620140744700e-01, 1.797693134862e+308, 5.1116e-01, 1.4879e-01, 
 2DIAGNOSTIC,     2, -7.627182408528e-01, 1.797693134862e+308, 5.2724e-01, 1.6082e-02, 
 2DIAGNOSTIC,     3, -7.635827812991e-01, 1.797693134862e+308, 5.3946e-01, 1.2220e-02, 
 2DIAGNOSTIC,     4, -7.642966873903e-01, 1.797693134862e+308, 5.5575e-01, 1.6283e-02, 
 2DIAGNOSTIC,     5, -7.647850041066e-01, 1.797693134862e+308, 5.7517e-01, 1.9419e-02, 
 2DIAGNOSTIC,     6, -7.650259884645e-01, 1.797693134862e+308, 5.9562e-01, 2.0456e-02, 
 2DIAGNOSTIC,     7, -7.652708503056e-01, 1.797693134862e+308, 6.1761e-01, 2.1993e-02, 
 2DIAGNOSTIC,     8, -7.652770217619e-01, 1.797693134862e+308, 6.3875e-01, 2.1132e-02, 
 2DIAGNOSTIC,     9, -7.652842130042e-01, 1.797693134862e+308, 6.5726e-01, 1.8514e-02, 
 2DIAGNOSTIC,    10, -7.652590970901e-01, 2.698153055167e-04, 6.7260e-01, 1.5343e-02, 
 2DIAGNOSTIC,    11, -7.652496518826e-01, 1.705162354649e-04, 6.8748e-01, 1.4874e-02, 
 2DIAGNOSTIC,    12, -7.652288841378e-01, 9.351804746439e-05, 7.0092e-01, 1.3447e-02, 
 2DIAGNOSTIC,    13, -7.652390606658e-01, 4.485207988437e-05, 7.1835e-01, 1.7427e-02, 
 2DIAGNOSTIC,    14, -7.652340206603e-01, 1.790543915313e-05, 7.3193e-01, 1.3579e-02, 
 2DIAGNOSTIC,    15, -7.652349092836e-01, 5.162924791469e-06, 7.4529e-01, 1.3363e-02, 
DIAGNOSTIC,Iteration,metricValue,convergenceValue,ITERATION_TIME_INDEX,SINCE_LAST
 2DIAGNOSTIC,     1, -6.398022240351e-01, 1.797693134862e+308, 1.0293e+00, 2.8406e-01, 
 2DIAGNOSTIC,     2, -6.403443024390e-01, 1.797693134862e+308, 1.0868e+00, 5.7439e-02, 
 2DIAGNOSTIC,     3, -6.409560225238e-01, 1.797693134862e+308, 1.1506e+00, 6.3794e-02, 
 2DIAGNOSTIC,     4, -6.417307194323e-01, 1.797693134862e+308, 1.2067e+00, 5.6081e-02, 
 2DIAGNOSTIC,     5, -6.428026149346e-01, 1.797693134862e+308, 1.2835e+00, 7.6823e-02, 
 2DIAGNOSTIC,     6, -6.432066284949e-01, 1.797693134862e+308, 1.3736e+00, 9.0116e-02, 
 2DIAGNOSTIC,     7, -6.432040062704e-01, 1.797693134862e+308, 1.4341e+00, 6.0536e-02, 
 2DIAGNOSTIC,     8, -6.432158019673e-01, 1.797693134862e+308, 1.4946e+00, 6.0469e-02, 
 2DIAGNOSTIC,     9, -6.432130379984e-01, 1.797693134862e+308, 1.5538e+00, 5.9242e-02, 
 2DIAGNOSTIC,    10, -6.432170028018e-01, 3.688447283323e-04, 1.6174e+00, 6.3534e-02, 
 2DIAGNOSTIC,    11, -6.432258147108e-01, 2.478836906371e-04, 1.6836e+00, 6.6191e-02, 
 2DIAGNOSTIC,    12, -6.432355060069e-01, 1.457679642963e-04, 1.7489e+00, 6.5352e-02, 
 2DIAGNOSTIC,    13, -6.432295411981e-01, 6.697506557252e-05, 1.8178e+00, 6.8874e-02, 
 2DIAGNOSTIC,    14, -6.432300789346e-01, 1.728153835813e-05, 1.8856e+00, 6.7776e-02, 
 2DIAGNOSTIC,    15, -6.432322010425e-01, 4.185392222744e-06, 1.9502e+00, 6.4586e-02, 
 2DIAGNOSTIC,    16, -6.432301871433e-01, 3.646793175577e-06, 2.0261e+00, 7.5964e-02, 
 2DIAGNOSTIC,    17, -6.432273027670e-01, 2.865736939799e-06, 2.0931e+00, 6.6978e-02, 
 2DIAGNOSTIC,    18, -6.432271658922e-01, 2.376751665957e-06, 2.1559e+00, 6.2795e-02, 
 2DIAGNOSTIC,    19, -6.432212809651e-01, 1.683801036309e-06, 2.2347e+00, 7.8820e-02, 
 2DIAGNOSTIC,    20, -6.432211907447e-01, 1.141935799517e-06, 2.3060e+00, 7.1283e-02, 
DIAGNOSTIC,Iteration,metricValue,convergenceValue,ITERATION_TIME_INDEX,SINCE_LAST
 2DIAGNOSTIC,     1, -5.690962858072e-01, 1.797693134862e+308, 3.2622e+00, 9.5617e-01, 
 2DIAGNOSTIC,     2, -5.693832538017e-01, 1.797693134862e+308, 3.6213e+00, 3.5908e-01, 
 2DIAGNOSTIC,     3, -5.696462508990e-01, 1.797693134862e+308, 4.0030e+00, 3.8176e-01, 
 2DIAGNOSTIC,     4, -5.702087348298e-01, 1.797693134862e+308, 4.4463e+00, 4.4325e-01, 
 2DIAGNOSTIC,     5, -5.702076955546e-01, 1.797693134862e+308, 4.9326e+00, 4.8635e-01, 
 2DIAGNOSTIC,     6, -5.702085995453e-01, 1.797693134862e+308, 5.3274e+00, 3.9481e-01, 
 2DIAGNOSTIC,     7, -5.702074537388e-01, 1.797693134862e+308, 5.7315e+00, 4.0409e-01, 
 2DIAGNOSTIC,     8, -5.702076172474e-01, 1.797693134862e+308, 6.1244e+00, 3.9286e-01, 
 2DIAGNOSTIC,     9, -5.702074112837e-01, 1.797693134862e+308, 6.5055e+00, 3.8113e-01, 
 2DIAGNOSTIC,    10, -5.702074402105e-01, 1.141254717720e-04, 6.9215e+00, 4.1603e-01, 
 2DIAGNOSTIC,    11, -5.702073504241e-01, 6.241792202345e-05, 7.2881e+00, 3.6661e-01, 
 2DIAGNOSTIC,    12, -5.702071106369e-01, 2.587661559901e-05, 7.6686e+00, 3.8047e-01, 
 2DIAGNOSTIC,    13, -5.702070321921e-01, 2.327647238634e-06, 8.0203e+00, 3.5169e-01, 
 2DIAGNOSTIC,    14, -5.702068530062e-01, 2.181237387294e-06, 8.4647e+00, 4.4439e-01, 
 2DIAGNOSTIC,    15, -5.702068739388e-01, 2.027666792817e-06, 8.8326e+00, 3.6792e-01, 
 2DIAGNOSTIC,    16, -5.702067375276e-01, 1.926727417959e-06, 9.1783e+00, 3.4567e-01, 
 2DIAGNOSTIC,    17, -5.702064605127e-01, 1.801617869168e-06, 9.5521e+00, 3.7385e-01, 
 2DIAGNOSTIC,    18, -5.702064752479e-01, 1.702215712357e-06, 9.9010e+00, 3.4888e-01, 
 2DIAGNOSTIC,    19, -5.702062003144e-01, 1.606499565876e-06, 1.0251e+01, 3.5017e-01, 
 2DIAGNOSTIC,    20, -5.702060924933e-01, 1.524786698542e-06, 1.0592e+01, 3.4084e-01, 
 2DIAGNOSTIC,    21, -5.702060136266e-01, 1.453156586881e-06, 1.0957e+01, 3.6540e-01, 
 2DIAGNOSTIC,    22, -5.702057763870e-01, 1.383057127345e-06, 1.1327e+01, 3.6927e-01, 
 2DIAGNOSTIC,    23, -5.702056815947e-01, 1.321403093765e-06, 1.1699e+01, 3.7188e-01, 
 2DIAGNOSTIC,    24, -5.702054604723e-01, 1.262308440900e-06, 1.2069e+01, 3.7046e-01, 
 2DIAGNOSTIC,    25, -5.702055112701e-01, 1.215425822099e-06, 1.2421e+01, 3.5152e-01, 
 2DIAGNOSTIC,    26, -5.702054471094e-01, 1.173695086655e-06, 1.2793e+01, 3.7235e-01, 
 2DIAGNOSTIC,    27, -5.702055101638e-01, 1.135775027278e-06, 1.3164e+01, 3.7065e-01, 
 2DIAGNOSTIC,    28, -5.702054500461e-01, 1.103892605221e-06, 1.3512e+01, 3.4870e-01, 
 2DIAGNOSTIC,    29, -5.702054518472e-01, 1.072631317829e-06, 1.3878e+01, 3.6590e-01, 
 2DIAGNOSTIC,    30, -5.702054531018e-01, 1.043965323404e-06, 1.4224e+01, 3.4610e-01, 
 2DIAGNOSTIC,    31, -5.702054081583e-01, 1.016749210429e-06, 1.4573e+01, 3.4917e-01, 
  Elapsed time (stage 1): 1.4874e+01


Stage 2
  iterations = 100x70x50x20
  convergence threshold = 1.0000e-06
  convergence window size = 10
  number of levels = 4
  using the CC metric (radius = 4, weight = 1.0000e+00, use gradient filter = 0)
  preprocessing:  winsorizing the image intensities
  Shrink factors (level 1 out of 4): [8, 8, 8]
  Shrink factors (level 2 out of 4): [4, 4, 4]
  Shrink factors (level 3 out of 4): [2, 2, 2]
  Shrink factors (level 4 out of 4): [1, 1, 1]
  smoothing sigmas per level: [3, 2, 1, 0]
  Using default NONE metricSamplingStrategy 

*** Running SyN registration (varianceForUpdateField = 3.0000e+00, varianceForTotalField = 0.0000e+00) ***

XXDIAGNOSTIC,Iteration,metricValue,convergenceValue,ITERATION_TIME_INDEX,SINCE_LAST
 1DIAGNOSTIC,     1, -9.339358352752e-01, 1.797693134862e+308, 1.7373e-01, 1.7373e-01, 
 1DIAGNOSTIC,     2, -9.408609505206e-01, 1.797693134862e+308, 2.6413e-01, 9.0402e-02, 
 1DIAGNOSTIC,     3, -9.466444600594e-01, 1.797693134862e+308, 3.5079e-01, 8.6660e-02, 
 1DIAGNOSTIC,     4, -9.515251974835e-01, 1.797693134862e+308, 4.3721e-01, 8.6415e-02, 
 1DIAGNOSTIC,     5, -9.548877316430e-01, 1.797693134862e+308, 5.1567e-01, 7.8465e-02, 
 1DIAGNOSTIC,     6, -9.578553133694e-01, 1.797693134862e+308, 5.9885e-01, 8.3178e-02, 
 1DIAGNOSTIC,     7, -9.613115359096e-01, 1.797693134862e+308, 6.8627e-01, 8.7424e-02, 
 1DIAGNOSTIC,     8, -9.650225509115e-01, 1.797693134862e+308, 7.7401e-01, 8.7739e-02, 
 1DIAGNOSTIC,     9, -9.681305393059e-01, 1.797693134862e+308, 8.5759e-01, 8.3577e-02, 
 1DIAGNOSTIC,    10, -9.691044605559e-01, 2.293525250945e-03, 9.4043e-01, 8.2842e-02, 
 1DIAGNOSTIC,    11, -9.696510515871e-01, 1.769199321656e-03, 1.0304e+00, 8.9978e-02, 
 1DIAGNOSTIC,    12, -9.705432169808e-01, 1.366277572552e-03, 1.1153e+00, 8.4911e-02, 
 1DIAGNOSTIC,    13, -9.709479456747e-01, 1.041027680193e-03, 1.2103e+00, 9.4988e-02, 
 1DIAGNOSTIC,    14, -9.719236891461e-01, 7.910240207436e-04, 1.2893e+00, 7.9001e-02, 
 1DIAGNOSTIC,    15, -9.722524788449e-01, 5.752091530097e-04, 1.3753e+00, 8.5950e-02, 
 1DIAGNOSTIC,    16, -9.730135314820e-01, 4.028683078484e-04, 1.4684e+00, 9.3182e-02, 
 1DIAGNOSTIC,    17, -9.732550315333e-01, 2.771537956435e-04, 1.5525e+00, 8.4024e-02, 
 1DIAGNOSTIC,    18, -9.738553384581e-01, 2.096480529397e-04, 1.6374e+00, 8.4948e-02, 
 1DIAGNOSTIC,    19, -9.740205146541e-01, 1.804815828558e-04, 1.7248e+00, 8.7363e-02, 
 1DIAGNOSTIC,    20, -9.744901533389e-01, 1.588840268124e-04, 1.8054e+00, 8.0587e-02, 
 1DIAGNOSTIC,    21, -9.745637362652e-01, 1.331256176992e-04, 1.8874e+00, 8.2012e-02, 
 1DIAGNOSTIC,    22, -9.749446670161e-01, 1.145335139733e-04, 1.9711e+00, 8.3749e-02, 
 1DIAGNOSTIC,    23, -9.749943536335e-01, 9.249010291905e-05, 2.0532e+00, 8.2039e-02, 
 1DIAGNOSTIC,    24, -9.753068633542e-01, 7.958047358841e-05, 2.1250e+00, 7.1805e-02, 
 1DIAGNOSTIC,    25, -9.753216388412e-01, 6.417674104829e-05, 2.2053e+00, 8.0363e-02, 
 1DIAGNOSTIC,    26, -9.755760801815e-01, 5.557374148143e-05, 2.2914e+00, 8.6035e-02, 
 1DIAGNOSTIC,    27, -9.755674069816e-01, 4.485357051299e-05, 2.3640e+00, 7.2599e-02, 
 1DIAGNOSTIC,    28, -9.757911646448e-01, 3.946206516359e-05, 2.4482e+00, 8.4267e-02, 
 1DIAGNOSTIC,    29, -9.757670965436e-01, 3.211363888972e-05, 2.5317e+00, 8.3510e-02, 
 1DIAGNOSTIC,    30, -9.759671039456e-01, 2.892531985687e-05, 2.6282e+00, 9.6438e-02, 
 1DIAGNOSTIC,    31, -9.759338025486e-01, 2.357716803762e-05, 2.7266e+00, 9.8410e-02, 
 1DIAGNOSTIC,    32, -9.761194670312e-01, 2.166414666609e-05, 2.8188e+00, 9.2219e-02, 
 1DIAGNOSTIC,    33, -9.760804130726e-01, 1.790780247860e-05, 2.8989e+00, 8.0069e-02, 
 1DIAGNOSTIC,    34, -9.762533948974e-01, 1.699204958379e-05, 2.9790e+00, 8.0110e-02, 
 1DIAGNOSTIC,    35, -9.762090271931e-01, 1.427841826180e-05, 3.0661e+00, 8.7077e-02, 
 1DIAGNOSTIC,    36, -9.763723258035e-01, 1.388520492774e-05, 3.1579e+00, 9.1842e-02, 
 1DIAGNOSTIC,    37, -9.763252336322e-01, 1.176610875551e-05, 3.2557e+00, 9.7825e-02, 
 1DIAGNOSTIC,    38, -9.764792709694e-01, 1.167054904489e-05, 3.3460e+00, 9.0308e-02, 
 1DIAGNOSTIC,    39, -9.764294967809e-01, 9.932905430957e-06, 3.4298e+00, 8.3721e-02, 
 1DIAGNOSTIC,    40, -9.765769167515e-01, 9.992775755138e-06, 3.5148e+00, 8.5012e-02, 
 1DIAGNOSTIC,    41, -9.765236650930e-01, 8.499152097354e-06, 3.5980e+00, 8.3263e-02, 
 1DIAGNOSTIC,    42, -9.766659526587e-01, 8.659778325114e-06, 3.6915e+00, 9.3421e-02, 
 1DIAGNOSTIC,    43, -9.766097423169e-01, 7.359310596176e-06, 3.7860e+00, 9.4561e-02, 
 1DIAGNOSTIC,    44, -9.767477257188e-01, 7.586844084143e-06, 3.8725e+00, 8.6516e-02, 
 1DIAGNOSTIC,    45, -9.766877250496e-01, 6.422631451068e-06, 3.9462e+00, 7.3624e-02, 
 1DIAGNOSTIC,    46, -9.768228537373e-01, 6.692151612472e-06, 4.0340e+00, 8.7820e-02, 
 1DIAGNOSTIC,    47, -9.768189082209e-01, 6.015024012200e-06, 4.1181e+00, 8.4132e-02, 
 1DIAGNOSTIC,    48, -9.769514569914e-01, 6.621398958132e-06, 4.2014e+00, 8.3243e-02, 
 1DIAGNOSTIC,    49, -9.768839074295e-01, 5.895317753597e-06, 4.2775e+00, 7.6191e-02, 
 1DIAGNOSTIC,    50, -9.770151341584e-01, 6.360682774629e-06, 4.3548e+00, 7.7281e-02, 
 1DIAGNOSTIC,    51, -9.769447739224e-01, 5.510055057667e-06, 4.4312e+00, 7.6384e-02, 
