---------------------
Profiling information

Pipeline: ants registrationSyN-fp
NTHREAD: 32

DATASET: ds004513
SUBJECT_ID: s017

SIF_IMG: /mnt/lustre/mathdugre/containers/ants-debug.simg
DATA_DIR: /mnt/lustre/mathdugre/mri-bottleneck/datasets/ds004513

PROJECT_DIR: /mnt/lustre/mathdugre/mri-bottleneck
PROFILING_DIR: /mnt/lustre/mathdugre/mri-bottleneck/vtune_output/32-threads/ants/registrationSyN-fp/ds004513/sub-s017/4NRdpMbtV7GQLVEvMgRTrKIJCdTFPq3W
---------------------

Command to profile: bash tmp-scripts/4NRdpMbtV7GQLVEvMgRTrKIJCdTFPq3W.sh

--------------------------------------------------------------------------------------
 Mapping parameters
--------------------------------------------------------------------------------------
 ANTSPATH is /opt/ants/bin

 Dimensionality:           3
 Output name prefix:       /data/derivatives/ants/registrationSyN-fp/sub-s017/ses-open/anat/
 Fixed images:             /templateflow/tpl-MNI152NLin2009cAsym//tpl-MNI152NLin2009cAsym_res-01_desc-brain_T1w.nii.gz
 Moving images:            /data/derivatives/fsl/fast/sub-s017/ses-open/anat/BrainExtractionBrain_seg.nii.gz
 Mask images:              
 Initial transforms:       
 Number of threads:        32
 Spline distance:          26
 SyN gradient step:        0.1
 Transform type:           s
 CC radius:                4
 Precision:                f
 Use histogram matching    0
 Repro                     0
======================================================================================
 antsRegistration call:
--------------------------------------------------------------------------------------
/opt/ants/bin/antsRegistration --verbose 1 --dimensionality 3 --float 1 --collapse-output-transforms 1 --output [ /data/derivatives/ants/registrationSyN-fp/sub-s017/ses-open/anat/,/data/derivatives/ants/registrationSyN-fp/sub-s017/ses-open/anat/Warped.nii.gz,/data/derivatives/ants/registrationSyN-fp/sub-s017/ses-open/anat/InverseWarped.nii.gz ] --interpolation Linear --use-histogram-matching 0 --winsorize-image-intensities [ 0.005,0.995 ] --initial-moving-transform [ /templateflow/tpl-MNI152NLin2009cAsym//tpl-MNI152NLin2009cAsym_res-01_desc-brain_T1w.nii.gz,/data/derivatives/fsl/fast/sub-s017/ses-open/anat/BrainExtractionBrain_seg.nii.gz,1 ] --transform Rigid[ 0.1 ] --metric MI[ /templateflow/tpl-MNI152NLin2009cAsym//tpl-MNI152NLin2009cAsym_res-01_desc-brain_T1w.nii.gz,/data/derivatives/fsl/fast/sub-s017/ses-open/anat/BrainExtractionBrain_seg.nii.gz,1,32,Regular,0.25 ] --convergence [ 1000x500x250x100,1e-6,10 ] --shrink-factors 8x4x2x1 --smoothing-sigmas 3x2x1x0vox --transform Affine[ 0.1 ] --metric MI[ /templateflow/tpl-MNI152NLin2009cAsym//tpl-MNI152NLin2009cAsym_res-01_desc-brain_T1w.nii.gz,/data/derivatives/fsl/fast/sub-s017/ses-open/anat/BrainExtractionBrain_seg.nii.gz,1,32,Regular,0.25 ] --convergence [ 1000x500x250x100,1e-6,10 ] --shrink-factors 8x4x2x1 --smoothing-sigmas 3x2x1x0vox --transform SyN[ 0.1,3,0 ] --metric CC[ /templateflow/tpl-MNI152NLin2009cAsym//tpl-MNI152NLin2009cAsym_res-01_desc-brain_T1w.nii.gz,/data/derivatives/fsl/fast/sub-s017/ses-open/anat/BrainExtractionBrain_seg.nii.gz,1,4 ] --convergence [ 100x70x50x20,1e-6,10 ] --shrink-factors 8x4x2x1 --smoothing-sigmas 3x2x1x0vox
--------------------------------------------------------------------------------------
All_Command_lines_OK
Using single precision for computations.
=============================================================================
The composite transform comprises the following transforms (in order): 
  1. Center of mass alignment using fixed image: /templateflow/tpl-MNI152NLin2009cAsym//tpl-MNI152NLin2009cAsym_res-01_desc-brain_T1w.nii.gz and moving image: /data/derivatives/fsl/fast/sub-s017/ses-open/anat/BrainExtractionBrain_seg.nii.gz (type = Euler3DTransform)
=============================================================================
  number of levels = 4
  number of levels = 4
  number of levels = 4
  fixed image: /templateflow/tpl-MNI152NLin2009cAsym//tpl-MNI152NLin2009cAsym_res-01_desc-brain_T1w.nii.gz
  moving image: /data/derivatives/fsl/fast/sub-s017/ses-open/anat/BrainExtractionBrain_seg.nii.gz
  fixed image: /templateflow/tpl-MNI152NLin2009cAsym//tpl-MNI152NLin2009cAsym_res-01_desc-brain_T1w.nii.gz
  moving image: /data/derivatives/fsl/fast/sub-s017/ses-open/anat/BrainExtractionBrain_seg.nii.gz
  fixed image: /templateflow/tpl-MNI152NLin2009cAsym//tpl-MNI152NLin2009cAsym_res-01_desc-brain_T1w.nii.gz
  moving image: /data/derivatives/fsl/fast/sub-s017/ses-open/anat/BrainExtractionBrain_seg.nii.gz
Dimension = 3
Number of stages = 3
Use histogram matching = false
Winsorize image intensities = true
  Lower quantile = 0.005
  Upper quantile = 0.995


Stage 1 State
   Image metric = Mattes
     Fixed image = Image (0x557d5fd4a2b0)
  RTTI typeinfo:   itk::Image<float, 3u>
  Reference Count: 2
  Modified Time: 1721
  Debug: Off
  Object Name: 
  Observers: 
    none
  Source: (none)
  Source output name: (none)
  Release Data: Off
  Data Released: False
  Global Release Data: Off
  PipelineMTime: 0
  UpdateMTime: 1504
  RealTimeStamp: 0 seconds 
  LargestPossibleRegion: 
    Dimension: 3
    Index: [0, 0, 0]
    Size: [193, 229, 193]
  BufferedRegion: 
    Dimension: 3
    Index: [0, 0, 0]
    Size: [193, 229, 193]
  RequestedRegion: 
    Dimension: 3
    Index: [0, 0, 0]
    Size: [193, 229, 193]
  Spacing: [1, 1, 1]
  Origin: [96, 132, -78]
  Direction: 
-1 0 0
0 -1 0
0 0 1

  IndexToPointMatrix: 
-1 0 0
0 -1 0
0 0 1

  PointToIndexMatrix: 
-1 0 0
0 -1 0
0 0 1

  Inverse Direction: 
-1 0 0
0 -1 0
0 0 1

  PixelContainer: 
    ImportImageContainer (0x557d5fd52e50)
      RTTI typeinfo:   itk::ImportImageContainer<unsigned long, float>
      Reference Count: 1
      Modified Time: 1501
      Debug: Off
      Object Name: 
      Observers: 
        none
      Pointer: 0x7f59a2542010
      Container manages memory: true
      Size: 8530021
      Capacity: 8530021

     Moving image = Image (0x557d5fd55510)
  RTTI typeinfo:   itk::Image<float, 3u>
  Reference Count: 2
  Modified Time: 1722
  Debug: Off
  Object Name: 
  Observers: 
    none
  Source: (none)
  Source output name: (none)
  Release Data: Off
  Data Released: False
  Global Release Data: Off
  PipelineMTime: 0
  UpdateMTime: 1719
  RealTimeStamp: 0 seconds 
  LargestPossibleRegion: 
    Dimension: 3
    Index: [0, 0, 0]
    Size: [160, 240, 256]
  BufferedRegion: 
    Dimension: 3
    Index: [0, 0, 0]
    Size: [160, 240, 256]
  RequestedRegion: 
    Dimension: 3
    Index: [0, 0, 0]
    Size: [160, 240, 256]
  Spacing: [1, 1, 1]
  Origin: [91.3357, 102.231, -120.042]
  Direction: 
-0.997442 -5.36781e-05 -0.0714818
5.35416e-05 -1 3.82465e-06
-0.0714818 -1.23894e-08 0.997442

  IndexToPointMatrix: 
-0.997444 -5.36781e-05 -0.0714818
5.35418e-05 -1 3.82465e-06
-0.0714819 -1.23894e-08 0.997442

  PointToIndexMatrix: 
-0.99744 5.35415e-05 -0.0714816
-5.36781e-05 -1 -1.23894e-08
-0.0714818 3.82465e-06 0.997442

  Inverse Direction: 
-0.997442 5.35416e-05 -0.0714818
-5.36781e-05 -1 -1.23894e-08
-0.0714818 3.82465e-06 0.997442

  PixelContainer: 
    ImportImageContainer (0x557d5fd4b2c0)
      RTTI typeinfo:   itk::ImportImageContainer<unsigned long, float>
      Reference Count: 1
      Modified Time: 1716
      Debug: Off
      Object Name: 
      Observers: 
        none
      Pointer: 0x7f599ffc1010
      Container manages memory: true
      Size: 9830400
      Capacity: 9830400

     Weighting = 1
     Sampling strategy = regular
     Number of bins = 32
     Radius = 4
     Sampling percentage  = 0.25
   Transform = Rigid
     Gradient step = 0.1
     Update field sigma (voxel space) = 0
     Total field sigma (voxel space) = 0
     Update field time sigma = 0
     Total field time sigma  = 0
     Number of time indices = 0
     Number of time point samples = 0
Stage 2 State
   Image metric = Mattes
     Fixed image = Image (0x557d5fd5d070)
  RTTI typeinfo:   itk::Image<float, 3u>
  Reference Count: 2
  Modified Time: 2151
  Debug: Off
  Object Name: 
  Observers: 
    none
  Source: (none)
  Source output name: (none)
  Release Data: Off
  Data Released: False
  Global Release Data: Off
  PipelineMTime: 0
  UpdateMTime: 1934
  RealTimeStamp: 0 seconds 
  LargestPossibleRegion: 
    Dimension: 3
    Index: [0, 0, 0]
    Size: [193, 229, 193]
  BufferedRegion: 
    Dimension: 3
    Index: [0, 0, 0]
    Size: [193, 229, 193]
  RequestedRegion: 
    Dimension: 3
    Index: [0, 0, 0]
    Size: [193, 229, 193]
  Spacing: [1, 1, 1]
  Origin: [96, 132, -78]
  Direction: 
-1 0 0
0 -1 0
0 0 1

  IndexToPointMatrix: 
-1 0 0
0 -1 0
0 0 1

  PointToIndexMatrix: 
-1 0 0
0 -1 0
0 0 1

  Inverse Direction: 
-1 0 0
0 -1 0
0 0 1

  PixelContainer: 
    ImportImageContainer (0x557d5fd5b340)
      RTTI typeinfo:   itk::ImportImageContainer<unsigned long, float>
      Reference Count: 1
      Modified Time: 1931
      Debug: Off
      Object Name: 
      Observers: 
        none
      Pointer: 0x7f599df36010
      Container manages memory: true
      Size: 8530021
      Capacity: 8530021

     Moving image = Image (0x557d5fd5bc20)
  RTTI typeinfo:   itk::Image<float, 3u>
  Reference Count: 2
  Modified Time: 2152
  Debug: Off
  Object Name: 
  Observers: 
    none
  Source: (none)
  Source output name: (none)
  Release Data: Off
  Data Released: False
  Global Release Data: Off
  PipelineMTime: 0
  UpdateMTime: 2149
  RealTimeStamp: 0 seconds 
  LargestPossibleRegion: 
    Dimension: 3
    Index: [0, 0, 0]
    Size: [160, 240, 256]
  BufferedRegion: 
    Dimension: 3
    Index: [0, 0, 0]
    Size: [160, 240, 256]
  RequestedRegion: 
    Dimension: 3
    Index: [0, 0, 0]
    Size: [160, 240, 256]
  Spacing: [1, 1, 1]
  Origin: [91.3357, 102.231, -120.042]
  Direction: 
-0.997442 -5.36781e-05 -0.0714818
5.35416e-05 -1 3.82465e-06
-0.0714818 -1.23894e-08 0.997442

  IndexToPointMatrix: 
-0.997444 -5.36781e-05 -0.0714818
5.35418e-05 -1 3.82465e-06
-0.0714819 -1.23894e-08 0.997442

  PointToIndexMatrix: 
-0.99744 5.35415e-05 -0.0714816
-5.36781e-05 -1 -1.23894e-08
-0.0714818 3.82465e-06 0.997442

  Inverse Direction: 
-0.997442 5.35416e-05 -0.0714818
-5.36781e-05 -1 -1.23894e-08
-0.0714818 3.82465e-06 0.997442

  PixelContainer: 
    ImportImageContainer (0x557d5fd4f400)
      RTTI typeinfo:   itk::ImportImageContainer<unsigned long, float>
      Reference Count: 1
      Modified Time: 2146
      Debug: Off
      Object Name: 
      Observers: 
        none
      Pointer: 0x7f599b9b5010
      Container manages memory: true
      Size: 9830400
      Capacity: 9830400

     Weighting = 1
     Sampling strategy = regular
     Number of bins = 32
     Radius = 4
     Sampling percentage  = 0.25
   Transform = Affine
     Gradient step = 0.1
     Update field sigma (voxel space) = 0
     Total field sigma (voxel space) = 0
     Update field time sigma = 0
     Total field time sigma  = 0
     Number of time indices = 0
     Number of time point samples = 0
Stage 3 State
   Image metric = CC
     Fixed image = Image (0x557d5fdbd4c0)
  RTTI typeinfo:   itk::Image<float, 3u>
  Reference Count: 2
  Modified Time: 2581
  Debug: Off
  Object Name: 
  Observers: 
    none
  Source: (none)
  Source output name: (none)
  Release Data: Off
  Data Released: False
  Global Release Data: Off
  PipelineMTime: 0
  UpdateMTime: 2364
  RealTimeStamp: 0 seconds 
  LargestPossibleRegion: 
    Dimension: 3
    Index: [0, 0, 0]
    Size: [193, 229, 193]
  BufferedRegion: 
    Dimension: 3
    Index: [0, 0, 0]
    Size: [193, 229, 193]
  RequestedRegion: 
    Dimension: 3
    Index: [0, 0, 0]
    Size: [193, 229, 193]
  Spacing: [1, 1, 1]
  Origin: [96, 132, -78]
  Direction: 
-1 0 0
0 -1 0
0 0 1

  IndexToPointMatrix: 
-1 0 0
0 -1 0
0 0 1

  PointToIndexMatrix: 
-1 0 0
0 -1 0
0 0 1

  Inverse Direction: 
-1 0 0
0 -1 0
0 0 1

  PixelContainer: 
    ImportImageContainer (0x557d5fda8e40)
      RTTI typeinfo:   itk::ImportImageContainer<unsigned long, float>
      Reference Count: 1
      Modified Time: 2361
      Debug: Off
      Object Name: 
      Observers: 
        none
      Pointer: 0x7f599992a010
      Container manages memory: true
      Size: 8530021
      Capacity: 8530021

     Moving image = Image (0x557d5fdbced0)
  RTTI typeinfo:   itk::Image<float, 3u>
  Reference Count: 2
  Modified Time: 2582
  Debug: Off
  Object Name: 
  Observers: 
    none
  Source: (none)
  Source output name: (none)
  Release Data: Off
  Data Released: False
  Global Release Data: Off
  PipelineMTime: 0
  UpdateMTime: 2579
  RealTimeStamp: 0 seconds 
  LargestPossibleRegion: 
    Dimension: 3
    Index: [0, 0, 0]
    Size: [160, 240, 256]
  BufferedRegion: 
    Dimension: 3
    Index: [0, 0, 0]
    Size: [160, 240, 256]
  RequestedRegion: 
    Dimension: 3
    Index: [0, 0, 0]
    Size: [160, 240, 256]
  Spacing: [1, 1, 1]
  Origin: [91.3357, 102.231, -120.042]
  Direction: 
-0.997442 -5.36781e-05 -0.0714818
5.35416e-05 -1 3.82465e-06
-0.0714818 -1.23894e-08 0.997442

  IndexToPointMatrix: 
-0.997444 -5.36781e-05 -0.0714818
5.35418e-05 -1 3.82465e-06
-0.0714819 -1.23894e-08 0.997442

  PointToIndexMatrix: 
-0.99744 5.35415e-05 -0.0714816
-5.36781e-05 -1 -1.23894e-08
-0.0714818 3.82465e-06 0.997442

  Inverse Direction: 
-0.997442 5.35416e-05 -0.0714818
-5.36781e-05 -1 -1.23894e-08
-0.0714818 3.82465e-06 0.997442

  PixelContainer: 
    ImportImageContainer (0x557d5fd57e40)
      RTTI typeinfo:   itk::ImportImageContainer<unsigned long, float>
      Reference Count: 1
      Modified Time: 2576
      Debug: Off
      Object Name: 
      Observers: 
        none
      Pointer: 0x7f59973a9010
      Container manages memory: true
      Size: 9830400
      Capacity: 9830400

     Weighting = 1
     Sampling strategy = none
     Number of bins = 32
     Radius = 4
     Sampling percentage  = 1
   Transform = SyN
     Gradient step = 0.1
     Update field sigma (voxel space) = 3
     Total field sigma (voxel space) = 0
     Update field time sigma = 0
     Total field time sigma  = 0
     Number of time indices = 0
     Number of time point samples = 0
Registration using 3 total stages.

Stage 0
  iterations = 1000x500x250x100
  convergence threshold = 1e-06
  convergence window size = 10
  number of levels = 4
  using the Mattes MI metric (number of bins = 32, weight = 1, use gradient filter = 0)
  preprocessing:  winsorizing the image intensities
  Shrink factors (level 1 out of 4): [8, 8, 8]
  Shrink factors (level 2 out of 4): [4, 4, 4]
  Shrink factors (level 3 out of 4): [2, 2, 2]
  Shrink factors (level 4 out of 4): [1, 1, 1]
  smoothing sigmas per level: [3, 2, 1, 0]
  regular sampling (percentage = 0.25)

*** Running Euler3DTransform registration ***

DIAGNOSTIC,Iteration,metricValue,convergenceValue,ITERATION_TIME_INDEX,SINCE_LAST
 2DIAGNOSTIC,     1, -5.785509943962e-01, inf, 1.5439e-01, 1.5439e-01, 
 2DIAGNOSTIC,     2, -5.799464583397e-01, inf, 1.6093e-01, 6.5401e-03, 
 2DIAGNOSTIC,     3, -5.824586153030e-01, inf, 1.6737e-01, 6.4402e-03, 
 2DIAGNOSTIC,     4, -5.870780944824e-01, inf, 1.7285e-01, 5.4839e-03, 
 2DIAGNOSTIC,     5, -5.902341008186e-01, inf, 1.7855e-01, 5.7030e-03, 
 2DIAGNOSTIC,     6, -5.916880965233e-01, inf, 1.8521e-01, 6.6528e-03, 
 2DIAGNOSTIC,     7, -5.944188833237e-01, inf, 1.9119e-01, 5.9860e-03, 
 2DIAGNOSTIC,     8, -5.958268642426e-01, inf, 1.9861e-01, 7.4210e-03, 
 2DIAGNOSTIC,     9, -5.965840220451e-01, inf, 2.0433e-01, 5.7199e-03, 
 2DIAGNOSTIC,    10, -5.971703529358e-01, 2.231336664408e-03, 2.2045e-01, 1.6118e-02, 
 2DIAGNOSTIC,    11, -5.980495810509e-01, 1.784322899766e-03, 2.2761e-01, 7.1630e-03, 
 2DIAGNOSTIC,    12, -5.982359051704e-01, 1.315443427302e-03, 2.3376e-01, 6.1421e-03, 
 2DIAGNOSTIC,    13, -5.987088680267e-01, 9.079750743695e-04, 2.4349e-01, 9.7349e-03, 
 2DIAGNOSTIC,    14, -5.987699627876e-01, 6.361465202644e-04, 2.5134e-01, 7.8521e-03, 
 2DIAGNOSTIC,    15, -5.987693071365e-01, 4.442064964678e-04, 2.5862e-01, 7.2761e-03, 
 2DIAGNOSTIC,    16, -5.992618203163e-01, 2.925508306362e-04, 2.6581e-01, 7.1931e-03, 
 2DIAGNOSTIC,    17, -5.992321372032e-01, 2.070969785564e-04, 2.7415e-01, 8.3351e-03, 
 2DIAGNOSTIC,    18, -5.995299816132e-01, 1.575889182277e-04, 2.8272e-01, 8.5759e-03, 
 2DIAGNOSTIC,    19, -5.995218157768e-01, 1.176041987492e-04, 2.8929e-01, 6.5641e-03, 
 2DIAGNOSTIC,    20, -5.993794202805e-01, 8.117146353470e-05, 2.9594e-01, 6.6519e-03, 
 2DIAGNOSTIC,    21, -5.994529128075e-01, 6.256496271817e-05, 3.0256e-01, 6.6199e-03, 
 2DIAGNOSTIC,    22, -5.994248390198e-01, 4.298640124034e-05, 3.0953e-01, 6.9749e-03, 
 2DIAGNOSTIC,    23, -5.993700623512e-01, 2.994215901708e-05, 3.1556e-01, 6.0241e-03, 
 2DIAGNOSTIC,    24, -5.993447303772e-01, 1.617767156858e-05, 3.2146e-01, 5.8980e-03, 
 2DIAGNOSTIC,    25, -5.993742942810e-01, 2.530556230340e-06, 3.2804e-01, 6.5870e-03, 
 2DIAGNOSTIC,    26, -5.995281934738e-01, 1.721517719488e-06, 3.3484e-01, 6.7980e-03, 
 2DIAGNOSTIC,    27, -5.995841026306e-01, 1.124757545767e-06, 3.4070e-01, 5.8558e-03, 
 2DIAGNOSTIC,    28, -5.996509790421e-01, 6.818296242272e-06, 3.4774e-01, 7.0460e-03, 
 2DIAGNOSTIC,    29, -5.997542142868e-01, 1.324811273662e-05, 3.5361e-01, 5.8661e-03, 
 2DIAGNOSTIC,    30, -5.998061895370e-01, 1.657268330746e-05, 3.5989e-01, 6.2830e-03, 
 2DIAGNOSTIC,    31, -6.002674698830e-01, 2.640215825522e-05, 3.6796e-01, 8.0681e-03, 
 2DIAGNOSTIC,    32, -6.017024517059e-01, 5.399996734923e-05, 3.7478e-01, 6.8190e-03, 
 2DIAGNOSTIC,    33, -6.018430590630e-01, 7.565044506919e-05, 3.8163e-01, 6.8510e-03, 
 2DIAGNOSTIC,    34, -6.020816564560e-01, 9.220246283803e-05, 3.8705e-01, 5.4150e-03, 
 2DIAGNOSTIC,    35, -6.026210784912e-01, 1.070418365998e-04, 3.9338e-01, 6.3350e-03, 
 2DIAGNOSTIC,    36, -6.031622886658e-01, 1.198482059408e-04, 4.0090e-01, 7.5161e-03, 
 2DIAGNOSTIC,    37, -6.032302379608e-01, 1.218264951603e-04, 4.0753e-01, 6.6280e-03, 
 2DIAGNOSTIC,    38, -6.031551957130e-01, 1.122045068769e-04, 4.1340e-01, 5.8751e-03, 
 2DIAGNOSTIC,    39, -6.030801534653e-01, 9.321285324404e-05, 4.1964e-01, 6.2370e-03, 
 2DIAGNOSTIC,    40, -6.030089855194e-01, 6.610303535126e-05, 4.2582e-01, 6.1860e-03, 
 2DIAGNOSTIC,    41, -6.030544042587e-01, 3.942767943954e-05, 4.3174e-01, 5.9140e-03, 
 2DIAGNOSTIC,    42, -6.031103134155e-01, 2.723529178184e-05, 4.3757e-01, 5.8360e-03, 
 2DIAGNOSTIC,    43, -6.031501889229e-01, 1.516493193776e-05, 4.4599e-01, 8.4200e-03, 
 2DIAGNOSTIC,    44, -6.031737923622e-01, 5.039559709985e-06, 4.5552e-01, 9.5282e-03, 
DIAGNOSTIC,Iteration,metricValue,convergenceValue,ITERATION_TIME_INDEX,SINCE_LAST
 2DIAGNOSTIC,     1, -4.837023913860e-01, inf, 5.9613e-01, 1.4061e-01, 
 2DIAGNOSTIC,     2, -4.843262135983e-01, inf, 6.1136e-01, 1.5233e-02, 
 2DIAGNOSTIC,     3, -4.855675399303e-01, inf, 6.2669e-01, 1.5321e-02, 
 2DIAGNOSTIC,     4, -4.873650670052e-01, inf, 6.3729e-01, 1.0609e-02, 
 2DIAGNOSTIC,     5, -4.888111054897e-01, inf, 6.4485e-01, 7.5588e-03, 
 2DIAGNOSTIC,     6, -4.903833866119e-01, inf, 6.5286e-01, 8.0080e-03, 
 2DIAGNOSTIC,     7, -4.910625219345e-01, inf, 6.6044e-01, 7.5760e-03, 
 2DIAGNOSTIC,     8, -4.920069873333e-01, inf, 6.6775e-01, 7.3149e-03, 
 2DIAGNOSTIC,     9, -4.932867288589e-01, inf, 6.7594e-01, 8.1851e-03, 
 2DIAGNOSTIC,    10, -4.953990876675e-01, 1.515573356301e-03, 6.8692e-01, 1.0980e-02, 
 2DIAGNOSTIC,    11, -4.976035058498e-01, 1.459818100557e-03, 6.9584e-01, 8.9250e-03, 
 2DIAGNOSTIC,    12, -4.984734356403e-01, 1.353586558253e-03, 7.0394e-01, 8.1010e-03, 
 2DIAGNOSTIC,    13, -4.992377758026e-01, 1.231412868947e-03, 7.1276e-01, 8.8189e-03, 
 2DIAGNOSTIC,    14, -5.003672242165e-01, 1.135245547630e-03, 7.2777e-01, 1.5008e-02, 
 2DIAGNOSTIC,    15, -5.004015564919e-01, 1.002690405585e-03, 7.3655e-01, 8.7750e-03, 
 2DIAGNOSTIC,    16, -5.004146099091e-01, 8.520300034434e-04, 7.4479e-01, 8.2400e-03, 
 2DIAGNOSTIC,    17, -5.004455447197e-01, 6.657360936515e-04, 7.5270e-01, 7.9110e-03, 
 2DIAGNOSTIC,    18, -5.005620718002e-01, 4.731882363558e-04, 7.6042e-01, 7.7229e-03, 
 2DIAGNOSTIC,    19, -5.006851553917e-01, 2.986228791997e-04, 7.6903e-01, 8.6062e-03, 
 2DIAGNOSTIC,    20, -5.007079243660e-01, 1.741659361869e-04, 7.7707e-01, 8.0409e-03, 
 2DIAGNOSTIC,    21, -5.006837844849e-01, 1.054043386830e-04, 7.8526e-01, 8.1909e-03, 
 2DIAGNOSTIC,    22, -5.006505250931e-01, 5.495176083059e-05, 7.9515e-01, 9.8970e-03, 
 2DIAGNOSTIC,    23, -5.006484985352e-01, 2.211808532593e-05, 8.0327e-01, 8.1179e-03, 
 2DIAGNOSTIC,    24, -5.006464719772e-01, 1.696112667560e-05, 8.1212e-01, 8.8530e-03, 
 2DIAGNOSTIC,    25, -5.006359815598e-01, 1.131573390012e-05, 8.2044e-01, 8.3201e-03, 
 2DIAGNOSTIC,    26, -5.006249547005e-01, 5.281172889227e-06, 8.2897e-01, 8.5289e-03, 
DIAGNOSTIC,Iteration,metricValue,convergenceValue,ITERATION_TIME_INDEX,SINCE_LAST
 2DIAGNOSTIC,     1, -4.298999309540e-01, inf, 1.1423e+00, 3.1333e-01, 
 2DIAGNOSTIC,     2, -4.299655258656e-01, inf, 1.1989e+00, 5.6588e-02, 
 2DIAGNOSTIC,     3, -4.300136566162e-01, inf, 1.2499e+00, 5.0965e-02, 
 2DIAGNOSTIC,     4, -4.299868047237e-01, inf, 1.3041e+00, 5.4286e-02, 
 2DIAGNOSTIC,     5, -4.299699664116e-01, inf, 1.3491e+00, 4.5002e-02, 
 2DIAGNOSTIC,     6, -4.299679100513e-01, inf, 1.3910e+00, 4.1832e-02, 
 2DIAGNOSTIC,     7, -4.299518167973e-01, inf, 1.4687e+00, 7.7749e-02, 
 2DIAGNOSTIC,     8, -4.299524724483e-01, inf, 1.5093e+00, 4.0608e-02, 
 2DIAGNOSTIC,     9, -4.299512803555e-01, inf, 1.5513e+00, 4.1936e-02, 
 2DIAGNOSTIC,    10, -4.299515783787e-01, 1.830269297898e-06, 1.5928e+00, 4.1524e-02, 
DIAGNOSTIC,Iteration,metricValue,convergenceValue,ITERATION_TIME_INDEX,SINCE_LAST
 2DIAGNOSTIC,     1, -3.897993564606e-01, inf, 2.3381e+00, 7.4531e-01, 
 2DIAGNOSTIC,     2, -3.899557590485e-01, inf, 2.5549e+00, 2.1684e-01, 
 2DIAGNOSTIC,     3, -3.900575637817e-01, inf, 2.7857e+00, 2.3071e-01, 
 2DIAGNOSTIC,     4, -3.900939822197e-01, inf, 3.0834e+00, 2.9776e-01, 
 2DIAGNOSTIC,     5, -3.900986611843e-01, inf, 3.3066e+00, 2.2317e-01, 
 2DIAGNOSTIC,     6, -3.900994062424e-01, inf, 3.5278e+00, 2.2120e-01, 
 2DIAGNOSTIC,     7, -3.901016414165e-01, inf, 3.7569e+00, 2.2911e-01, 
 2DIAGNOSTIC,     8, -3.901033699512e-01, inf, 4.0090e+00, 2.5208e-01, 
 2DIAGNOSTIC,     9, -3.901053071022e-01, inf, 4.2949e+00, 2.8590e-01, 
 2DIAGNOSTIC,    10, -3.901050686836e-01, 3.758890670724e-05, 4.5212e+00, 2.2630e-01, 
 2DIAGNOSTIC,    11, -3.901028931141e-01, 1.608386082808e-05, 4.7560e+00, 2.3481e-01, 
 2DIAGNOSTIC,    12, -3.901025354862e-01, 6.312191999314e-06, 4.9901e+00, 2.3414e-01, 
 2DIAGNOSTIC,    13, -3.901026248932e-01, 3.366098781044e-06, 5.2250e+00, 2.3486e-01, 
 2DIAGNOSTIC,    14, -3.901021480560e-01, 2.619194901854e-06, 5.4521e+00, 2.2712e-01, 
 2DIAGNOSTIC,    15, -3.901020884514e-01, 2.166916601709e-06, 5.6824e+00, 2.3028e-01, 
 2DIAGNOSTIC,    16, -3.901020586491e-01, 1.800648419703e-06, 5.9150e+00, 2.3261e-01, 
 2DIAGNOSTIC,    17, -3.901021480560e-01, 1.593354227225e-06, 6.1720e+00, 2.5703e-01, 
 2DIAGNOSTIC,    18, -3.901021778584e-01, 1.502053578406e-06, 6.4085e+00, 2.3648e-01, 
 2DIAGNOSTIC,    19, -3.901023268700e-01, 1.524273216091e-06, 6.6422e+00, 2.3367e-01, 
 2DIAGNOSTIC,    20, -3.901021182537e-01, 1.544114752505e-06, 6.8757e+00, 2.3349e-01, 
 2DIAGNOSTIC,    21, -3.901024758816e-01, 1.503745352238e-06, 7.1046e+00, 2.2891e-01, 
 2DIAGNOSTIC,    22, -3.901019692421e-01, 1.438762069483e-06, 7.3354e+00, 2.3080e-01, 
 2DIAGNOSTIC,    23, -3.901019394398e-01, 1.382832692798e-06, 7.5927e+00, 2.5733e-01, 
 2DIAGNOSTIC,    24, -3.901018500328e-01, 1.314448127232e-06, 7.8332e+00, 2.4050e-01, 
 2DIAGNOSTIC,    25, -3.901016116142e-01, 1.243826432074e-06, 8.0669e+00, 2.3372e-01, 
 2DIAGNOSTIC,    26, -3.901017904282e-01, 1.185566134154e-06, 8.3029e+00, 2.3597e-01, 
 2DIAGNOSTIC,    27, -3.901017010212e-01, 1.135072693614e-06, 8.5145e+00, 2.1160e-01, 
 2DIAGNOSTIC,    28, -3.901015520096e-01, 1.089220063477e-06, 8.8229e+00, 3.0837e-01, 
 2DIAGNOSTIC,    29, -3.901015520096e-01, 1.054970425685e-06, 9.1012e+00, 2.7836e-01, 
 2DIAGNOSTIC,    30, -3.901015818119e-01, 1.022231117531e-06, 9.3579e+00, 2.5666e-01, 
 2DIAGNOSTIC,    31, -3.901015222073e-01, 1.002399130812e-06, 9.5925e+00, 2.3465e-01, 
  Elapsed time (stage 0): 9.8267e+00


Stage 1
  iterations = 1000x500x250x100
  convergence threshold = 1.0000e-06
  convergence window size = 10
  number of levels = 4
  using the Mattes MI metric (number of bins = 32, weight = 1.0000e+00, use gradient filter = 0)
  preprocessing:  winsorizing the image intensities
  Shrink factors (level 1 out of 4): [8, 8, 8]
  Shrink factors (level 2 out of 4): [4, 4, 4]
  Shrink factors (level 3 out of 4): [2, 2, 2]
  Shrink factors (level 4 out of 4): [1, 1, 1]
  smoothing sigmas per level: [3, 2, 1, 0]
  regular sampling (percentage = 2.5000e-01)

*** Running AffineTransform registration ***

DIAGNOSTIC,Iteration,metricValue,convergenceValue,ITERATION_TIME_INDEX,SINCE_LAST
 2DIAGNOSTIC,     1, -6.043145656586e-01, inf, 1.1150e-01, 1.1150e-01, 
 2DIAGNOSTIC,     2, -6.068566441536e-01, inf, 1.1816e-01, 6.6600e-03, 
 2DIAGNOSTIC,     3, -6.111471652985e-01, inf, 1.2528e-01, 7.1249e-03, 
 2DIAGNOSTIC,     4, -6.185966134071e-01, inf, 1.3288e-01, 7.6010e-03, 
 2DIAGNOSTIC,     5, -6.315626502037e-01, inf, 1.4058e-01, 7.6971e-03, 
 2DIAGNOSTIC,     6, -6.509532928467e-01, inf, 1.4738e-01, 6.7971e-03, 
 2DIAGNOSTIC,     7, -6.866028308868e-01, inf, 1.5430e-01, 6.9170e-03, 
 2DIAGNOSTIC,     8, -7.330628633499e-01, inf, 1.6238e-01, 8.0841e-03, 
 2DIAGNOSTIC,     9, -7.968901395798e-01, inf, 1.7086e-01, 8.4810e-03, 
 2DIAGNOSTIC,    10, -8.524155020714e-01, 2.237462066114e-02, 1.8202e-01, 1.1157e-02, 
 2DIAGNOSTIC,    11, -8.546783924103e-01, 2.367951907218e-02, 1.8926e-01, 7.2410e-03, 
 2DIAGNOSTIC,    12, -8.740565180779e-01, 2.335106022656e-02, 1.9617e-01, 6.9110e-03, 
 2DIAGNOSTIC,    13, -8.819736838341e-01, 2.134793251753e-02, 2.0462e-01, 8.4500e-03, 
 2DIAGNOSTIC,    14, -8.941981792450e-01, 1.827455684543e-02, 2.1576e-01, 1.1136e-02, 
 2DIAGNOSTIC,    15, -8.978257179260e-01, 1.445206440985e-02, 2.2483e-01, 9.0749e-03, 
 2DIAGNOSTIC,    16, -9.024774432182e-01, 1.045987103134e-02, 2.3241e-01, 7.5741e-03, 
 2DIAGNOSTIC,    17, -9.052615761757e-01, 6.910744588822e-03, 2.4228e-01, 9.8720e-03, 
 2DIAGNOSTIC,    18, -9.060521721840e-01, 4.129776265472e-03, 2.5244e-01, 1.0162e-02, 
 2DIAGNOSTIC,    19, -9.060325622559e-01, 2.506905933842e-03, 2.6037e-01, 7.9329e-03, 
 2DIAGNOSTIC,    20, -9.059845805168e-01, 1.847274601460e-03, 2.6896e-01, 8.5919e-03, 
 2DIAGNOSTIC,    21, -9.058437347412e-01, 1.119161141105e-03, 2.7761e-01, 8.6482e-03, 
 2DIAGNOSTIC,    22, -9.058438539505e-01, 6.753851193935e-04, 2.8473e-01, 7.1139e-03, 
 2DIAGNOSTIC,    23, -9.055875539780e-01, 3.266729763709e-04, 2.9287e-01, 8.1460e-03, 
 2DIAGNOSTIC,    24, -9.057801961899e-01, 1.627376914257e-04, 3.0397e-01, 1.1093e-02, 
 2DIAGNOSTIC,    25, -9.056509733200e-01, 4.618013917934e-05, 3.1157e-01, 7.6010e-03, 
DIAGNOSTIC,Iteration,metricValue,convergenceValue,ITERATION_TIME_INDEX,SINCE_LAST
 2DIAGNOSTIC,     1, -7.633125185966e-01, inf, 4.5940e-01, 1.4783e-01, 
 2DIAGNOSTIC,     2, -7.633495330811e-01, inf, 4.7507e-01, 1.5675e-02, 
 2DIAGNOSTIC,     3, -7.633478045464e-01, inf, 4.8626e-01, 1.1193e-02, 
 2DIAGNOSTIC,     4, -7.633459568024e-01, inf, 4.9633e-01, 1.0067e-02, 
 2DIAGNOSTIC,     5, -7.633417248726e-01, inf, 5.0743e-01, 1.1101e-02, 
 2DIAGNOSTIC,     6, -7.633231282234e-01, inf, 5.1914e-01, 1.1707e-02, 
 2DIAGNOSTIC,     7, -7.633115649223e-01, inf, 5.2974e-01, 1.0605e-02, 
 2DIAGNOSTIC,     8, -7.633256316185e-01, inf, 5.4376e-01, 1.4016e-02, 
 2DIAGNOSTIC,     9, -7.633397579193e-01, inf, 5.6476e-01, 2.0997e-02, 
 2DIAGNOSTIC,    10, -7.633303999901e-01, 2.237000217065e-06, 5.8126e-01, 1.6508e-02, 
DIAGNOSTIC,Iteration,metricValue,convergenceValue,ITERATION_TIME_INDEX,SINCE_LAST
 2DIAGNOSTIC,     1, -6.404847502708e-01, inf, 8.3508e-01, 2.5381e-01, 
 2DIAGNOSTIC,     2, -6.409029364586e-01, inf, 8.9049e-01, 5.5415e-02, 
 2DIAGNOSTIC,     3, -6.413733363152e-01, inf, 9.4046e-01, 4.9967e-02, 
 2DIAGNOSTIC,     4, -6.419838070869e-01, inf, 1.0152e+00, 7.4721e-02, 
 2DIAGNOSTIC,     5, -6.425862312317e-01, inf, 1.0724e+00, 5.7228e-02, 
 2DIAGNOSTIC,     6, -6.429598331451e-01, inf, 1.1484e+00, 7.5964e-02, 
 2DIAGNOSTIC,     7, -6.429678797722e-01, inf, 1.1966e+00, 4.8198e-02, 
 2DIAGNOSTIC,     8, -6.429726481438e-01, inf, 1.2508e+00, 5.4245e-02, 
 2DIAGNOSTIC,     9, -6.429876089096e-01, inf, 1.3010e+00, 5.0133e-02, 
 2DIAGNOSTIC,    10, -6.430122256279e-01, 2.683838538360e-04, 1.3574e+00, 5.6455e-02, 
 2DIAGNOSTIC,    11, -6.430346965790e-01, 1.819012541091e-04, 1.4186e+00, 6.1229e-02, 
 2DIAGNOSTIC,    12, -6.430428624153e-01, 1.095935367630e-04, 1.4730e+00, 5.4367e-02, 
 2DIAGNOSTIC,    13, -6.430745124817e-01, 5.571940710070e-05, 1.5451e+00, 7.2088e-02, 
 2DIAGNOSTIC,    14, -6.430782675743e-01, 2.369454341533e-05, 1.6015e+00, 5.6369e-02, 
 2DIAGNOSTIC,    15, -6.430823802948e-01, 1.155956488219e-05, 1.6553e+00, 5.3869e-02, 
 2DIAGNOSTIC,    16, -6.430819630623e-01, 1.039451308316e-05, 1.7255e+00, 7.0167e-02, 
 2DIAGNOSTIC,    17, -6.430824398994e-01, 8.820572475088e-06, 1.7846e+00, 5.9155e-02, 
 2DIAGNOSTIC,    18, -6.430814862251e-01, 6.866280727991e-06, 1.8385e+00, 5.3806e-02, 
 2DIAGNOSTIC,    19, -6.430802941322e-01, 4.954951236869e-06, 1.9002e+00, 6.1790e-02, 
 2DIAGNOSTIC,    20, -6.430805325508e-01, 3.477953441688e-06, 1.9599e+00, 5.9671e-02, 
 2DIAGNOSTIC,    21, -6.430806517601e-01, 2.445115569571e-06, 2.0197e+00, 5.9760e-02, 
 2DIAGNOSTIC,    22, -6.430804729462e-01, 1.563556679685e-06, 2.0732e+00, 5.3526e-02, 
 2DIAGNOSTIC,    23, -6.430792808533e-01, 1.332691908829e-06, 2.1230e+00, 4.9819e-02, 
 2DIAGNOSTIC,    24, -6.430791616440e-01, 1.191784690491e-06, 2.1815e+00, 5.8464e-02, 
 2DIAGNOSTIC,    25, -6.430794596672e-01, 1.152582058239e-06, 2.2448e+00, 6.3303e-02, 
 2DIAGNOSTIC,    26, -6.430794000626e-01, 1.118323552873e-06, 2.3004e+00, 5.5591e-02, 
 2DIAGNOSTIC,    27, -6.430781483650e-01, 1.084324253497e-06, 2.3591e+00, 5.8712e-02, 
 2DIAGNOSTIC,    28, -6.430781483650e-01, 1.048180706675e-06, 2.4159e+00, 5.6820e-02, 
 2DIAGNOSTIC,    29, -6.430780291557e-01, 1.002600015454e-06, 2.4778e+00, 6.1924e-02, 
DIAGNOSTIC,Iteration,metricValue,convergenceValue,ITERATION_TIME_INDEX,SINCE_LAST
 2DIAGNOSTIC,     1, -5.680184960365e-01, inf, 3.3535e+00, 8.7566e-01, 
 2DIAGNOSTIC,     2, -5.684980154037e-01, inf, 3.6959e+00, 3.4243e-01, 
 2DIAGNOSTIC,     3, -5.690651535988e-01, inf, 4.0322e+00, 3.3625e-01, 
 2DIAGNOSTIC,     4, -5.695198774338e-01, inf, 4.3657e+00, 3.3348e-01, 
 2DIAGNOSTIC,     5, -5.697887539864e-01, inf, 4.7808e+00, 4.1515e-01, 
 2DIAGNOSTIC,     6, -5.699114799500e-01, inf, 5.2548e+00, 4.7398e-01, 
 2DIAGNOSTIC,     7, -5.699103474617e-01, inf, 5.6120e+00, 3.5717e-01, 
 2DIAGNOSTIC,     8, -5.699091553688e-01, inf, 5.9752e+00, 3.6329e-01, 
 2DIAGNOSTIC,     9, -5.699093937874e-01, inf, 6.5057e+00, 5.3047e-01, 
 2DIAGNOSTIC,    10, -5.699093937874e-01, 1.987813011510e-04, 6.8680e+00, 3.6231e-01, 
 2DIAGNOSTIC,    11, -5.699092149734e-01, 1.153289776994e-04, 7.2239e+00, 3.5590e-01, 
 2DIAGNOSTIC,    12, -5.699089765549e-01, 5.536168464459e-05, 7.6445e+00, 4.2054e-01, 
 2DIAGNOSTIC,    13, -5.699090957642e-01, 2.134307214874e-05, 8.0590e+00, 4.1452e-01, 
 2DIAGNOSTIC,    14, -5.699091553688e-01, 6.457234121626e-06, 8.4167e+00, 3.5775e-01, 
 2DIAGNOSTIC,    15, -5.699089169502e-01, 1.993068963202e-06, 8.7748e+00, 3.5810e-01, 
 2DIAGNOSTIC,    16, -5.699089765549e-01, 1.929101927090e-06, 9.1336e+00, 3.5878e-01, 
 2DIAGNOSTIC,    17, -5.699087977409e-01, 1.840811705733e-06, 9.4917e+00, 3.5810e-01, 
 2DIAGNOSTIC,    18, -5.699088573456e-01, 1.733580006658e-06, 9.8554e+00, 3.6367e-01, 
 2DIAGNOSTIC,    19, -5.699087977409e-01, 1.645278189244e-06, 1.0215e+01, 3.5983e-01, 
 2DIAGNOSTIC,    20, -5.699086189270e-01, 1.564286435496e-06, 1.0572e+01, 3.5725e-01, 
 2DIAGNOSTIC,    21, -5.699086189270e-01, 1.489625674367e-06, 1.0937e+01, 3.6484e-01, 
 2DIAGNOSTIC,    22, -5.699086189270e-01, 1.418587771695e-06, 1.1297e+01, 3.5972e-01, 
 2DIAGNOSTIC,    23, -5.699086189270e-01, 1.358777012683e-06, 1.1688e+01, 3.9099e-01, 
 2DIAGNOSTIC,    24, -5.699087381363e-01, 1.310115862907e-06, 1.2080e+01, 3.9171e-01, 
 2DIAGNOSTIC,    25, -5.699087381363e-01, 1.262008936465e-06, 1.2447e+01, 3.6773e-01, 
 2DIAGNOSTIC,    26, -5.699087381363e-01, 1.219897512783e-06, 1.2807e+01, 3.5936e-01, 
 2DIAGNOSTIC,    27, -5.699087977409e-01, 1.179012429020e-06, 1.3174e+01, 3.6681e-01, 
 2DIAGNOSTIC,    28, -5.699087381363e-01, 1.140954054790e-06, 1.3541e+01, 3.6736e-01, 
 2DIAGNOSTIC,    29, -5.699087381363e-01, 1.104161128751e-06, 1.3910e+01, 3.6936e-01, 
 2DIAGNOSTIC,    30, -5.699086189270e-01, 1.064205093826e-06, 1.4272e+01, 3.6135e-01, 
 2DIAGNOSTIC,    31, -5.699086785316e-01, 1.027514031193e-06, 1.4624e+01, 3.5239e-01, 
  Elapsed time (stage 1): 1.4903e+01


Stage 2
  iterations = 100x70x50x20
  convergence threshold = 1.0000e-06
  convergence window size = 10
  number of levels = 4
  using the CC metric (radius = 4, weight = 1.0000e+00, use gradient filter = 0)
  preprocessing:  winsorizing the image intensities
  Shrink factors (level 1 out of 4): [8, 8, 8]
  Shrink factors (level 2 out of 4): [4, 4, 4]
  Shrink factors (level 3 out of 4): [2, 2, 2]
  Shrink factors (level 4 out of 4): [1, 1, 1]
  smoothing sigmas per level: [3, 2, 1, 0]
  Using default NONE metricSamplingStrategy 

*** Running SyN registration (varianceForUpdateField = 3.0000e+00, varianceForTotalField = 0.0000e+00) ***

XXDIAGNOSTIC,Iteration,metricValue,convergenceValue,ITERATION_TIME_INDEX,SINCE_LAST
 1DIAGNOSTIC,     1, -9.531331062317e-01, inf, 1.6239e-01, 1.6239e-01, 
 1DIAGNOSTIC,     2, -9.596706032753e-01, inf, 2.5505e-01, 9.2661e-02, 
 1DIAGNOSTIC,     3, -9.659132361412e-01, inf, 3.4499e-01, 8.9936e-02, 
 1DIAGNOSTIC,     4, -9.708498120308e-01, inf, 4.3818e-01, 9.3194e-02, 
 1DIAGNOSTIC,     5, -9.741962552071e-01, inf, 5.2262e-01, 8.4442e-02, 
 1DIAGNOSTIC,     6, -9.768292903900e-01, inf, 6.0683e-01, 8.4210e-02, 
 1DIAGNOSTIC,     7, -9.794107079506e-01, inf, 6.9686e-01, 9.0026e-02, 
 1DIAGNOSTIC,     8, -9.819120764732e-01, inf, 8.0411e-01, 1.0725e-01, 
 1DIAGNOSTIC,     9, -9.836041331291e-01, inf, 9.0551e-01, 1.0139e-01, 
 1DIAGNOSTIC,    10, -9.840280413628e-01, 1.973996637389e-03, 9.8479e-01, 7.9280e-02, 
 1DIAGNOSTIC,    11, -9.841660261154e-01, 1.416939427145e-03, 1.0798e+00, 9.5055e-02, 
 1DIAGNOSTIC,    12, -9.845205545425e-01, 9.919496951625e-04, 1.1848e+00, 1.0500e-01, 
 1DIAGNOSTIC,    13, -9.846032857895e-01, 6.827815086581e-04, 1.2878e+00, 1.0294e-01, 
 1DIAGNOSTIC,    14, -9.849151968956e-01, 4.643414285965e-04, 1.3848e+00, 9.7046e-02, 
 1DIAGNOSTIC,    15, -9.849564433098e-01, 2.984347811434e-04, 1.4689e+00, 8.4085e-02, 
 1DIAGNOSTIC,    16, -9.852098822594e-01, 1.784087507986e-04, 1.5601e+00, 9.1142e-02, 
 1DIAGNOSTIC,    17, -9.852235317230e-01, 9.984163625631e-05, 1.6517e+00, 9.1647e-02, 
 1DIAGNOSTIC,    18, -9.854150414467e-01, 6.381130515365e-05, 1.7406e+00, 8.8870e-02, 
 1DIAGNOSTIC,    19, -9.853932261467e-01, 5.120614150655e-05, 1.8317e+00, 9.1133e-02, 
 1DIAGNOSTIC,    20, -9.855586886406e-01, 4.385340434965e-05, 1.9233e+00, 9.1547e-02, 
 1DIAGNOSTIC,    21, -9.855363368988e-01, 3.472442404018e-05, 2.0184e+00, 9.5162e-02, 
 1DIAGNOSTIC,    22, -9.856793880463e-01, 2.992535519297e-05, 2.1199e+00, 1.0150e-01, 
 1DIAGNOSTIC,    23, -9.856376051903e-01, 2.328377559024e-05, 2.2132e+00, 9.3300e-02, 
 1DIAGNOSTIC,    24, -9.857791662216e-01, 2.067047535093e-05, 2.3126e+00, 9.9390e-02, 
 1DIAGNOSTIC,    25, -9.857377409935e-01, 1.634762884350e-05, 2.4185e+00, 1.0586e-01, 
 1DIAGNOSTIC,    26, -9.858452081680e-01, 1.499882910139e-05, 2.5031e+00, 8.4668e-02, 
 1DIAGNOSTIC,    27, -9.857989549637e-01, 1.203421925311e-05, 2.5976e+00, 9.4425e-02, 
 1DIAGNOSTIC,    28, -9.858948588371e-01, 1.127293489844e-05, 2.6945e+00, 9.6921e-02, 
 1DIAGNOSTIC,    29, -9.858448505402e-01, 8.827363672026e-06, 2.7797e+00, 8.5260e-02, 
 1DIAGNOSTIC,    30, -9.859336614609e-01, 8.301810339617e-06, 2.8782e+00, 9.8417e-02, 
 1DIAGNOSTIC,    31, -9.858814477921e-01, 6.378812031471e-06, 2.9660e+00, 8.7868e-02, 
 1DIAGNOSTIC,    32, -9.859623908997e-01, 6.132770977274e-06, 3.0460e+00, 7.9944e-02, 
 1DIAGNOSTIC,    33, -9.859095215797e-01, 4.535640982795e-06, 3.1275e+00, 8.1572e-02, 
 1DIAGNOSTIC,    34, -9.859905242920e-01, 4.619019819074e-06, 3.2174e+00, 8.9867e-02, 
 1DIAGNOSTIC,    35, -9.859371781349e-01, 3.524427938828e-06, 3.3020e+00, 8.4627e-02, 
 1DIAGNOSTIC,    36, -9.860168099403e-01, 3.775162667807e-06, 3.3934e+00, 9.1402e-02, 
 1DIAGNOSTIC,    37, -9.859635233879e-01, 2.923986357928e-06, 3.4841e+00, 9.0683e-02, 
 1DIAGNOSTIC,    38, -9.860364198685e-01, 3.233842789996e-06, 3.5896e+00, 1.0547e-01, 
 1DIAGNOSTIC,    39, -9.859822988510e-01, 2.495649823686e-06, 3.6915e+00, 1.0195e-01, 
 1DIAGNOSTIC,    40, -9.860572814941e-01, 2.844221626219e-06, 3.7748e+00, 8.3309e-02, 
 1DIAGNOSTIC,    41, -9.860029816628e-01, 2.199479467890e-06, 3.8688e+00, 9.3977e-02, 
 1DIAGNOSTIC,    42, -9.860763549805e-01, 2.536852434787e-06, 3.9585e+00, 8.9665e-02, 
 1DIAGNOSTIC,    43, -9.860218763351e-01, 1.939667754414e-06, 4.0556e+00, 9.7157e-02, 
 1DIAGNOSTIC,    44, -9.860938191414e-01, 2.283733692821e-06, 4.1435e+00, 8.7841e-02, 
 1DIAGNOSTIC,    45, -9.860389232635e-01, 1.741444407344e-06, 4.2359e+00, 9.2462e-02, 
 1DIAGNOSTIC,    46, -9.861091375351e-01, 2.087514531013e-06, 4.3274e+00, 9.1433e-02, 
 1DIAGNOSTIC,    47, -9.860538840294e-01, 1.594036348251e-06, 4.4144e+00, 8.6993e-02, 
 1DIAGNOSTIC,    48, -9.861232638359e-01, 1.911412709887e-06, 4.5006e+00, 8.6245e-02, 
 1DIAGNOSTIC,    49, -9.860677123070e-01, 1.426203880328e-06, 4.5866e+00, 8.5936e-02, 
 1DIAGNOSTIC,    50, -9.861361384392e-01, 1.735334876685e-06, 4.6786e+00, 9.2056e-02, 
 1DIAGNOSTIC,    51, -9.860534071922e-01, 1.128600388256e-06, 4.7700e+00, 9.1427e-02, 
 1DIAGNOSTIC,    52, -9.861219525337e-01, 1.309350409429e-06, 4.8569e+00, 8.6902e-02, 
 1DIAGNOSTIC,    53, -9.860656857491e-01, 7.897911586952e-07, 4.9458e+00, 8.8813e-02, 
XXDIAGNOSTIC,Iteration,metricValue,convergenceValue,ITERATION_TIME_INDEX,SINCE_LAST
 1DIAGNOSTIC,     1, -9.543067216873e-01, inf, 5.4565e+00, 5.1078e-01, 
 1DIAGNOSTIC,     2, -9.567712545395e-01, inf, 5.8819e+00, 4.2534e-01, 
 1DIAGNOSTIC,     3, -9.593831300735e-01, inf, 6.3241e+00, 4.4222e-01, 
 1DIAGNOSTIC,     4, -9.616243839264e-01, inf, 6.7437e+00, 4.1962e-01, 
 1DIAGNOSTIC,     5, -9.638631343842e-01, inf, 7.1718e+00, 4.2805e-01, 
 1DIAGNOSTIC,     6, -9.657590389252e-01, inf, 7.6081e+00, 4.3638e-01, 
 1DIAGNOSTIC,     7, -9.673011302948e-01, inf, 8.0256e+00, 4.1742e-01, 
 1DIAGNOSTIC,     8, -9.686919450760e-01, inf, 8.4417e+00, 4.1618e-01, 
 1DIAGNOSTIC,     9, -9.698166847229e-01, inf, 8.8560e+00, 4.1429e-01, 
 1DIAGNOSTIC,    10, -9.708113670349e-01, 1.106026815251e-03, 9.2729e+00, 4.1683e-01, 
 1DIAGNOSTIC,    11, -9.716533422470e-01, 8.902671979740e-04, 9.6797e+00, 4.0680e-01, 
 1DIAGNOSTIC,    12, -9.725039601326e-01, 7.114273030311e-04, 1.0119e+01, 4.3927e-01, 
 1DIAGNOSTIC,    13, -9.732306003571e-01, 5.710206460208e-04, 1.0531e+01, 4.1246e-01, 
 1DIAGNOSTIC,    14, -9.739162921906e-01, 4.598057130352e-04, 1.0974e+01, 4.4215e-01, 
 1DIAGNOSTIC,    15, -9.745591878891e-01, 3.775597433560e-04, 1.1404e+01, 4.3084e-01, 
 1DIAGNOSTIC,    16, -9.751020073891e-01, 3.155029262416e-04, 1.1813e+01, 4.0824e-01, 
 1DIAGNOSTIC,    17, -9.755791425705e-01, 2.663570048753e-04, 1.2229e+01, 4.1658e-01, 
 1DIAGNOSTIC,    18, -9.759888648987e-01, 2.272981801070e-04, 1.2669e+01, 4.3997e-01, 
 1DIAGNOSTIC,    19, -9.763439893723e-01, 1.940545625985e-04, 1.3093e+01, 4.2339e-01, 
 1DIAGNOSTIC,    20, -9.766572713852e-01, 1.652470527915e-04, 1.3525e+01, 4.3224e-01, 
 1DIAGNOSTIC,    21, -9.769271016121e-01, 1.392607955495e-04, 1.4000e+01, 4.7554e-01, 
 1DIAGNOSTIC,    22, -9.771445393562e-01, 1.168649396277e-04, 1.4414e+01, 4.1374e-01, 
