---------------------
Profiling information

Pipeline: ants registrationSyN-fp
NTHREAD: 32

DATASET: ds004513
SUBJECT_ID: s003

SIF_IMG: /mnt/lustre/mathdugre/containers/ants-debug.simg
DATA_DIR: /mnt/lustre/mathdugre/mri-bottleneck/datasets/ds004513

PROJECT_DIR: /mnt/lustre/mathdugre/mri-bottleneck
PROFILING_DIR: /mnt/lustre/mathdugre/mri-bottleneck/vtune_output/32-threads/ants/registrationSyN-fp/ds004513/sub-s003/GV6Av3LlIIa4uFQ8smAr6XAUXj5EuMiR
---------------------

Command to profile: bash tmp-scripts/GV6Av3LlIIa4uFQ8smAr6XAUXj5EuMiR.sh

--------------------------------------------------------------------------------------
 Mapping parameters
--------------------------------------------------------------------------------------
 ANTSPATH is /opt/ants/bin

 Dimensionality:           3
 Output name prefix:       /data/derivatives/ants/registrationSyN-fp/sub-s003/ses-open/anat/
 Fixed images:             /templateflow/tpl-MNI152NLin2009cAsym//tpl-MNI152NLin2009cAsym_res-01_desc-brain_T1w.nii.gz
 Moving images:            /data/derivatives/fsl/fast/sub-s003/ses-open/anat/BrainExtractionBrain_seg.nii.gz
 Mask images:              
 Initial transforms:       
 Number of threads:        32
 Spline distance:          26
 SyN gradient step:        0.1
 Transform type:           s
 CC radius:                4
 Precision:                f
 Use histogram matching    0
 Repro                     0
======================================================================================
 antsRegistration call:
--------------------------------------------------------------------------------------
/opt/ants/bin/antsRegistration --verbose 1 --dimensionality 3 --float 1 --collapse-output-transforms 1 --output [ /data/derivatives/ants/registrationSyN-fp/sub-s003/ses-open/anat/,/data/derivatives/ants/registrationSyN-fp/sub-s003/ses-open/anat/Warped.nii.gz,/data/derivatives/ants/registrationSyN-fp/sub-s003/ses-open/anat/InverseWarped.nii.gz ] --interpolation Linear --use-histogram-matching 0 --winsorize-image-intensities [ 0.005,0.995 ] --initial-moving-transform [ /templateflow/tpl-MNI152NLin2009cAsym//tpl-MNI152NLin2009cAsym_res-01_desc-brain_T1w.nii.gz,/data/derivatives/fsl/fast/sub-s003/ses-open/anat/BrainExtractionBrain_seg.nii.gz,1 ] --transform Rigid[ 0.1 ] --metric MI[ /templateflow/tpl-MNI152NLin2009cAsym//tpl-MNI152NLin2009cAsym_res-01_desc-brain_T1w.nii.gz,/data/derivatives/fsl/fast/sub-s003/ses-open/anat/BrainExtractionBrain_seg.nii.gz,1,32,Regular,0.25 ] --convergence [ 1000x500x250x100,1e-6,10 ] --shrink-factors 8x4x2x1 --smoothing-sigmas 3x2x1x0vox --transform Affine[ 0.1 ] --metric MI[ /templateflow/tpl-MNI152NLin2009cAsym//tpl-MNI152NLin2009cAsym_res-01_desc-brain_T1w.nii.gz,/data/derivatives/fsl/fast/sub-s003/ses-open/anat/BrainExtractionBrain_seg.nii.gz,1,32,Regular,0.25 ] --convergence [ 1000x500x250x100,1e-6,10 ] --shrink-factors 8x4x2x1 --smoothing-sigmas 3x2x1x0vox --transform SyN[ 0.1,3,0 ] --metric CC[ /templateflow/tpl-MNI152NLin2009cAsym//tpl-MNI152NLin2009cAsym_res-01_desc-brain_T1w.nii.gz,/data/derivatives/fsl/fast/sub-s003/ses-open/anat/BrainExtractionBrain_seg.nii.gz,1,4 ] --convergence [ 100x70x50x20,1e-6,10 ] --shrink-factors 8x4x2x1 --smoothing-sigmas 3x2x1x0vox
--------------------------------------------------------------------------------------
All_Command_lines_OK
Using single precision for computations.
=============================================================================
The composite transform comprises the following transforms (in order): 
  1. Center of mass alignment using fixed image: /templateflow/tpl-MNI152NLin2009cAsym//tpl-MNI152NLin2009cAsym_res-01_desc-brain_T1w.nii.gz and moving image: /data/derivatives/fsl/fast/sub-s003/ses-open/anat/BrainExtractionBrain_seg.nii.gz (type = Euler3DTransform)
=============================================================================
  number of levels = 4
  number of levels = 4
  number of levels = 4
  fixed image: /templateflow/tpl-MNI152NLin2009cAsym//tpl-MNI152NLin2009cAsym_res-01_desc-brain_T1w.nii.gz
  moving image: /data/derivatives/fsl/fast/sub-s003/ses-open/anat/BrainExtractionBrain_seg.nii.gz
  fixed image: /templateflow/tpl-MNI152NLin2009cAsym//tpl-MNI152NLin2009cAsym_res-01_desc-brain_T1w.nii.gz
  moving image: /data/derivatives/fsl/fast/sub-s003/ses-open/anat/BrainExtractionBrain_seg.nii.gz
  fixed image: /templateflow/tpl-MNI152NLin2009cAsym//tpl-MNI152NLin2009cAsym_res-01_desc-brain_T1w.nii.gz
  moving image: /data/derivatives/fsl/fast/sub-s003/ses-open/anat/BrainExtractionBrain_seg.nii.gz
Dimension = 3
Number of stages = 3
Use histogram matching = false
Winsorize image intensities = true
  Lower quantile = 0.005
  Upper quantile = 0.995


Stage 1 State
   Image metric = Mattes
     Fixed image = Image (0x56043b6682b0)
  RTTI typeinfo:   itk::Image<float, 3u>
  Reference Count: 2
  Modified Time: 1721
  Debug: Off
  Object Name: 
  Observers: 
    none
  Source: (none)
  Source output name: (none)
  Release Data: Off
  Data Released: False
  Global Release Data: Off
  PipelineMTime: 0
  UpdateMTime: 1504
  RealTimeStamp: 0 seconds 
  LargestPossibleRegion: 
    Dimension: 3
    Index: [0, 0, 0]
    Size: [193, 229, 193]
  BufferedRegion: 
    Dimension: 3
    Index: [0, 0, 0]
    Size: [193, 229, 193]
  RequestedRegion: 
    Dimension: 3
    Index: [0, 0, 0]
    Size: [193, 229, 193]
  Spacing: [1, 1, 1]
  Origin: [96, 132, -78]
  Direction: 
-1 0 0
0 -1 0
0 0 1

  IndexToPointMatrix: 
-1 0 0
0 -1 0
0 0 1

  PointToIndexMatrix: 
-1 0 0
0 -1 0
0 0 1

  Inverse Direction: 
-1 0 0
0 -1 0
0 0 1

  PixelContainer: 
    ImportImageContainer (0x56043b670e50)
      RTTI typeinfo:   itk::ImportImageContainer<unsigned long, float>
      Reference Count: 1
      Modified Time: 1501
      Debug: Off
      Object Name: 
      Observers: 
        none
      Pointer: 0x7fee95eff010
      Container manages memory: true
      Size: 8530021
      Capacity: 8530021

     Moving image = Image (0x56043b66ddc0)
  RTTI typeinfo:   itk::Image<float, 3u>
  Reference Count: 2
  Modified Time: 1722
  Debug: Off
  Object Name: 
  Observers: 
    none
  Source: (none)
  Source output name: (none)
  Release Data: Off
  Data Released: False
  Global Release Data: Off
  PipelineMTime: 0
  UpdateMTime: 1719
  RealTimeStamp: 0 seconds 
  LargestPossibleRegion: 
    Dimension: 3
    Index: [0, 0, 0]
    Size: [176, 240, 256]
  BufferedRegion: 
    Dimension: 3
    Index: [0, 0, 0]
    Size: [176, 240, 256]
  RequestedRegion: 
    Dimension: 3
    Index: [0, 0, 0]
    Size: [176, 240, 256]
  Spacing: [0.999999, 1, 1]
  Origin: [93.3499, 86.9368, -128.957]
  Direction: 
-0.999513 -0.0279216 -0.0139567
0.0279189 -0.99961 0.000389866
-0.0139622 2.01492e-08 0.999903

  IndexToPointMatrix: 
-0.999512 -0.0279216 -0.0139567
0.0279189 -0.99961 0.000389866
-0.0139621 2.01492e-08 0.999903

  PointToIndexMatrix: 
-0.999514 0.0279189 -0.0139622
-0.0279216 -0.99961 2.01716e-08
-0.0139567 0.000389866 0.999903

  Inverse Direction: 
-0.999513 0.0279189 -0.0139622
-0.0279216 -0.99961 2.01716e-08
-0.0139567 0.000389866 0.999903

  PixelContainer: 
    ImportImageContainer (0x56043b6692c0)
      RTTI typeinfo:   itk::ImportImageContainer<unsigned long, float>
      Reference Count: 1
      Modified Time: 1716
      Debug: Off
      Object Name: 
      Observers: 
        none
      Pointer: 0x7fee935be010
      Container manages memory: true
      Size: 10813440
      Capacity: 10813440

     Weighting = 1
     Sampling strategy = regular
     Number of bins = 32
     Radius = 4
     Sampling percentage  = 0.25
   Transform = Rigid
     Gradient step = 0.1
     Update field sigma (voxel space) = 0
     Total field sigma (voxel space) = 0
     Update field time sigma = 0
     Total field time sigma  = 0
     Number of time indices = 0
     Number of time point samples = 0
Stage 2 State
   Image metric = Mattes
     Fixed image = Image (0x56043b67b1a0)
  RTTI typeinfo:   itk::Image<float, 3u>
  Reference Count: 2
  Modified Time: 2151
  Debug: Off
  Object Name: 
  Observers: 
    none
  Source: (none)
  Source output name: (none)
  Release Data: Off
  Data Released: False
  Global Release Data: Off
  PipelineMTime: 0
  UpdateMTime: 1934
  RealTimeStamp: 0 seconds 
  LargestPossibleRegion: 
    Dimension: 3
    Index: [0, 0, 0]
    Size: [193, 229, 193]
  BufferedRegion: 
    Dimension: 3
    Index: [0, 0, 0]
    Size: [193, 229, 193]
  RequestedRegion: 
    Dimension: 3
    Index: [0, 0, 0]
    Size: [193, 229, 193]
  Spacing: [1, 1, 1]
  Origin: [96, 132, -78]
  Direction: 
-1 0 0
0 -1 0
0 0 1

  IndexToPointMatrix: 
-1 0 0
0 -1 0
0 0 1

  PointToIndexMatrix: 
-1 0 0
0 -1 0
0 0 1

  Inverse Direction: 
-1 0 0
0 -1 0
0 0 1

  PixelContainer: 
    ImportImageContainer (0x56043b67a880)
      RTTI typeinfo:   itk::ImportImageContainer<unsigned long, float>
      Reference Count: 1
      Modified Time: 1931
      Debug: Off
      Object Name: 
      Observers: 
        none
      Pointer: 0x7fee91533010
      Container manages memory: true
      Size: 8530021
      Capacity: 8530021

     Moving image = Image (0x56043b6da150)
  RTTI typeinfo:   itk::Image<float, 3u>
  Reference Count: 2
  Modified Time: 2152
  Debug: Off
  Object Name: 
  Observers: 
    none
  Source: (none)
  Source output name: (none)
  Release Data: Off
  Data Released: False
  Global Release Data: Off
  PipelineMTime: 0
  UpdateMTime: 2149
  RealTimeStamp: 0 seconds 
  LargestPossibleRegion: 
    Dimension: 3
    Index: [0, 0, 0]
    Size: [176, 240, 256]
  BufferedRegion: 
    Dimension: 3
    Index: [0, 0, 0]
    Size: [176, 240, 256]
  RequestedRegion: 
    Dimension: 3
    Index: [0, 0, 0]
    Size: [176, 240, 256]
  Spacing: [0.999999, 1, 1]
  Origin: [93.3499, 86.9368, -128.957]
  Direction: 
-0.999513 -0.0279216 -0.0139567
0.0279189 -0.99961 0.000389866
-0.0139622 2.01492e-08 0.999903

  IndexToPointMatrix: 
-0.999512 -0.0279216 -0.0139567
0.0279189 -0.99961 0.000389866
-0.0139621 2.01492e-08 0.999903

  PointToIndexMatrix: 
-0.999514 0.0279189 -0.0139622
-0.0279216 -0.99961 2.01716e-08
-0.0139567 0.000389866 0.999903

  Inverse Direction: 
-0.999513 0.0279189 -0.0139622
-0.0279216 -0.99961 2.01716e-08
-0.0139567 0.000389866 0.999903

  PixelContainer: 
    ImportImageContainer (0x56043b670ec0)
      RTTI typeinfo:   itk::ImportImageContainer<unsigned long, float>
      Reference Count: 1
      Modified Time: 2146
      Debug: Off
      Object Name: 
      Observers: 
        none
      Pointer: 0x7fee8ebf2010
      Container manages memory: true
      Size: 10813440
      Capacity: 10813440

     Weighting = 1
     Sampling strategy = regular
     Number of bins = 32
     Radius = 4
     Sampling percentage  = 0.25
   Transform = Affine
     Gradient step = 0.1
     Update field sigma (voxel space) = 0
     Total field sigma (voxel space) = 0
     Update field time sigma = 0
     Total field time sigma  = 0
     Number of time indices = 0
     Number of time point samples = 0
Stage 3 State
   Image metric = CC
     Fixed image = Image (0x56043b675b50)
  RTTI typeinfo:   itk::Image<float, 3u>
  Reference Count: 2
  Modified Time: 2581
  Debug: Off
  Object Name: 
  Observers: 
    none
  Source: (none)
  Source output name: (none)
  Release Data: Off
  Data Released: False
  Global Release Data: Off
  PipelineMTime: 0
  UpdateMTime: 2364
  RealTimeStamp: 0 seconds 
  LargestPossibleRegion: 
    Dimension: 3
    Index: [0, 0, 0]
    Size: [193, 229, 193]
  BufferedRegion: 
    Dimension: 3
    Index: [0, 0, 0]
    Size: [193, 229, 193]
  RequestedRegion: 
    Dimension: 3
    Index: [0, 0, 0]
    Size: [193, 229, 193]
  Spacing: [1, 1, 1]
  Origin: [96, 132, -78]
  Direction: 
-1 0 0
0 -1 0
0 0 1

  IndexToPointMatrix: 
-1 0 0
0 -1 0
0 0 1

  PointToIndexMatrix: 
-1 0 0
0 -1 0
0 0 1

  Inverse Direction: 
-1 0 0
0 -1 0
0 0 1

  PixelContainer: 
    ImportImageContainer (0x56043b6765c0)
      RTTI typeinfo:   itk::ImportImageContainer<unsigned long, float>
      Reference Count: 1
      Modified Time: 2361
      Debug: Off
      Object Name: 
      Observers: 
        none
      Pointer: 0x7fee8cb67010
      Container manages memory: true
      Size: 8530021
      Capacity: 8530021

     Moving image = Image (0x56043b6d92c0)
  RTTI typeinfo:   itk::Image<float, 3u>
  Reference Count: 2
  Modified Time: 2582
  Debug: Off
  Object Name: 
  Observers: 
    none
  Source: (none)
  Source output name: (none)
  Release Data: Off
  Data Released: False
  Global Release Data: Off
  PipelineMTime: 0
  UpdateMTime: 2579
  RealTimeStamp: 0 seconds 
  LargestPossibleRegion: 
    Dimension: 3
    Index: [0, 0, 0]
    Size: [176, 240, 256]
  BufferedRegion: 
    Dimension: 3
    Index: [0, 0, 0]
    Size: [176, 240, 256]
  RequestedRegion: 
    Dimension: 3
    Index: [0, 0, 0]
    Size: [176, 240, 256]
  Spacing: [0.999999, 1, 1]
  Origin: [93.3499, 86.9368, -128.957]
  Direction: 
-0.999513 -0.0279216 -0.0139567
0.0279189 -0.99961 0.000389866
-0.0139622 2.01492e-08 0.999903

  IndexToPointMatrix: 
-0.999512 -0.0279216 -0.0139567
0.0279189 -0.99961 0.000389866
-0.0139621 2.01492e-08 0.999903

  PointToIndexMatrix: 
-0.999514 0.0279189 -0.0139622
-0.0279216 -0.99961 2.01716e-08
-0.0139567 0.000389866 0.999903

  Inverse Direction: 
-0.999513 0.0279189 -0.0139622
-0.0279216 -0.99961 2.01716e-08
-0.0139567 0.000389866 0.999903

  PixelContainer: 
    ImportImageContainer (0x56043b677ec0)
      RTTI typeinfo:   itk::ImportImageContainer<unsigned long, float>
      Reference Count: 1
      Modified Time: 2576
      Debug: Off
      Object Name: 
      Observers: 
        none
      Pointer: 0x7fee8a226010
      Container manages memory: true
      Size: 10813440
      Capacity: 10813440

     Weighting = 1
     Sampling strategy = none
     Number of bins = 32
     Radius = 4
     Sampling percentage  = 1
   Transform = SyN
     Gradient step = 0.1
     Update field sigma (voxel space) = 3
     Total field sigma (voxel space) = 0
     Update field time sigma = 0
     Total field time sigma  = 0
     Number of time indices = 0
     Number of time point samples = 0
Registration using 3 total stages.

Stage 0
  iterations = 1000x500x250x100
  convergence threshold = 1e-06
  convergence window size = 10
  number of levels = 4
  using the Mattes MI metric (number of bins = 32, weight = 1, use gradient filter = 0)
  preprocessing:  winsorizing the image intensities
  Shrink factors (level 1 out of 4): [8, 8, 8]
  Shrink factors (level 2 out of 4): [4, 4, 4]
  Shrink factors (level 3 out of 4): [2, 2, 2]
  Shrink factors (level 4 out of 4): [1, 1, 1]
  smoothing sigmas per level: [3, 2, 1, 0]
  regular sampling (percentage = 0.25)

*** Running Euler3DTransform registration ***

DIAGNOSTIC,Iteration,metricValue,convergenceValue,ITERATION_TIME_INDEX,SINCE_LAST
 2DIAGNOSTIC,     1, -5.221099257469e-01, inf, 1.6381e-01, 1.6381e-01, 
 2DIAGNOSTIC,     2, -5.238950848579e-01, inf, 1.7086e-01, 7.0550e-03, 
 2DIAGNOSTIC,     3, -5.271308422089e-01, inf, 1.7738e-01, 6.5150e-03, 
 2DIAGNOSTIC,     4, -5.329343080521e-01, inf, 1.8320e-01, 5.8210e-03, 
 2DIAGNOSTIC,     5, -5.395157933235e-01, inf, 1.8901e-01, 5.8150e-03, 
 2DIAGNOSTIC,     6, -5.475715398788e-01, inf, 1.9439e-01, 5.3780e-03, 
 2DIAGNOSTIC,     7, -5.550854206085e-01, inf, 1.9989e-01, 5.4970e-03, 
 2DIAGNOSTIC,     8, -5.690768361092e-01, inf, 2.0629e-01, 6.4070e-03, 
 2DIAGNOSTIC,     9, -5.721725821495e-01, inf, 2.1267e-01, 6.3782e-03, 
 2DIAGNOSTIC,    10, -5.744771361351e-01, 7.059941999614e-03, 2.3652e-01, 2.3844e-02, 
 2DIAGNOSTIC,    11, -5.778836011887e-01, 6.491717882454e-03, 2.4992e-01, 1.3401e-02, 
 2DIAGNOSTIC,    12, -5.781682729721e-01, 5.525843240321e-03, 2.5790e-01, 7.9830e-03, 
 2DIAGNOSTIC,    13, -5.786726474762e-01, 4.359288141131e-03, 2.6437e-01, 6.4700e-03, 
 2DIAGNOSTIC,    14, -5.820989012718e-01, 3.306311788037e-03, 2.7098e-01, 6.6118e-03, 
 2DIAGNOSTIC,    15, -5.851518511772e-01, 2.423638477921e-03, 2.7751e-01, 6.5269e-03, 
 2DIAGNOSTIC,    16, -5.869394540787e-01, 1.743974280544e-03, 2.8380e-01, 6.2931e-03, 
 2DIAGNOSTIC,    17, -5.966731309891e-01, 1.491279108450e-03, 2.9777e-01, 1.3971e-02, 
 2DIAGNOSTIC,    18, -5.970829129219e-01, 1.527947722934e-03, 3.0528e-01, 7.5102e-03, 
 2DIAGNOSTIC,    19, -5.970844626427e-01, 1.502636354417e-03, 3.1153e-01, 6.2451e-03, 
 2DIAGNOSTIC,    20, -5.971177220345e-01, 1.399654895067e-03, 3.1722e-01, 5.6911e-03, 
 2DIAGNOSTIC,    21, -5.972723960876e-01, 1.261389232241e-03, 3.2456e-01, 7.3390e-03, 
 2DIAGNOSTIC,    22, -5.973842144012e-01, 1.025661826134e-03, 3.3174e-01, 7.1859e-03, 
 2DIAGNOSTIC,    23, -5.976558327675e-01, 7.308794301935e-04, 3.3831e-01, 6.5689e-03, 
 2DIAGNOSTIC,    24, -5.976236462593e-01, 4.655731609091e-04, 3.4397e-01, 5.6520e-03, 
 2DIAGNOSTIC,    25, -5.977246761322e-01, 2.429863816360e-04, 3.4993e-01, 5.9609e-03, 
 2DIAGNOSTIC,    26, -5.980419516563e-01, 5.035374124418e-05, 3.5689e-01, 6.9630e-03, 
 2DIAGNOSTIC,    27, -5.982305407524e-01, 4.917175101582e-05, 3.6403e-01, 7.1440e-03, 
 2DIAGNOSTIC,    28, -5.985600352287e-01, 5.655794666382e-05, 3.7316e-01, 9.1259e-03, 
 2DIAGNOSTIC,    29, -5.985122919083e-01, 5.740578853874e-05, 3.7934e-01, 6.1829e-03, 
 2DIAGNOSTIC,    30, -5.986074209213e-01, 5.510216578841e-05, 3.8471e-01, 5.3718e-03, 
 2DIAGNOSTIC,    31, -5.989223122597e-01, 5.521659841179e-05, 3.9169e-01, 6.9790e-03, 
 2DIAGNOSTIC,    32, -5.989392995834e-01, 5.185571353650e-05, 3.9990e-01, 8.2121e-03, 
 2DIAGNOSTIC,    33, -5.988919138908e-01, 4.731376611744e-05, 4.0565e-01, 5.7430e-03, 
 2DIAGNOSTIC,    34, -5.991379022598e-01, 4.187890590401e-05, 4.1281e-01, 7.1621e-03, 
 2DIAGNOSTIC,    35, -5.992919802666e-01, 3.628996637417e-05, 4.1903e-01, 6.2151e-03, 
 2DIAGNOSTIC,    36, -5.994137525558e-01, 3.349025791977e-05, 4.2605e-01, 7.0210e-03, 
 2DIAGNOSTIC,    37, -5.994677543640e-01, 3.085565913352e-05, 4.3308e-01, 7.0350e-03, 
 2DIAGNOSTIC,    38, -5.997146368027e-01, 3.304618803668e-05, 4.4141e-01, 8.3270e-03, 
 2DIAGNOSTIC,    39, -5.998979806900e-01, 3.365697557456e-05, 4.4759e-01, 6.1810e-03, 
 2DIAGNOSTIC,    40, -6.000238060951e-01, 3.361970811966e-05, 4.5521e-01, 7.6170e-03, 
 2DIAGNOSTIC,    41, -6.001204252243e-01, 3.537949305610e-05, 4.6109e-01, 5.8861e-03, 
 2DIAGNOSTIC,    42, -6.002252101898e-01, 3.523772465996e-05, 4.6679e-01, 5.6939e-03, 
 2DIAGNOSTIC,    43, -6.002763509750e-01, 3.176397149218e-05, 4.7307e-01, 6.2799e-03, 
 2DIAGNOSTIC,    44, -6.007249355316e-01, 3.310902684461e-05, 4.8045e-01, 7.3791e-03, 
 2DIAGNOSTIC,    45, -6.009818315506e-01, 3.560206823749e-05, 4.8955e-01, 9.1012e-03, 
 2DIAGNOSTIC,    46, -6.013301610947e-01, 3.962005212088e-05, 4.9547e-01, 5.9271e-03, 
 2DIAGNOSTIC,    47, -6.014647483826e-01, 4.163855919614e-05, 5.0153e-01, 6.0561e-03, 
 2DIAGNOSTIC,    48, -6.016498804092e-01, 4.401153637446e-05, 5.0811e-01, 6.5830e-03, 
 2DIAGNOSTIC,    49, -6.031569838524e-01, 5.878494266653e-05, 5.1394e-01, 5.8281e-03, 
 2DIAGNOSTIC,    50, -6.126267910004e-01, 1.598661474418e-04, 5.2297e-01, 9.0261e-03, 
 2DIAGNOSTIC,    51, -6.146090626717e-01, 2.588757779449e-04, 5.2905e-01, 6.0821e-03, 
 2DIAGNOSTIC,    52, -6.153237819672e-01, 3.375624364708e-04, 5.3464e-01, 5.5921e-03, 
 2DIAGNOSTIC,    53, -6.193590760231e-01, 4.193438799120e-04, 5.4299e-01, 8.3511e-03, 
 2DIAGNOSTIC,    54, -6.224502921104e-01, 4.881373606622e-04, 5.5240e-01, 9.4121e-03, 
 2DIAGNOSTIC,    55, -6.227926015854e-01, 5.109561025165e-04, 5.5845e-01, 6.0420e-03, 
 2DIAGNOSTIC,    56, -6.231900453568e-01, 4.907242837362e-04, 5.6447e-01, 6.0191e-03, 
 2DIAGNOSTIC,    57, -6.238874793053e-01, 4.326820780989e-04, 5.7080e-01, 6.3341e-03, 
 2DIAGNOSTIC,    58, -6.250199079514e-01, 3.462533350103e-04, 5.7798e-01, 7.1790e-03, 
 2DIAGNOSTIC,    59, -6.263689398766e-01, 2.503194555175e-04, 5.8531e-01, 7.3280e-03, 
 2DIAGNOSTIC,    60, -6.269937157631e-01, 2.143326419173e-04, 5.9519e-01, 9.8848e-03, 
 2DIAGNOSTIC,    61, -6.272858381271e-01, 1.775742712198e-04, 6.0108e-01, 5.8868e-03, 
 2DIAGNOSTIC,    62, -6.302539110184e-01, 1.529341243440e-04, 6.0722e-01, 6.1460e-03, 
 2DIAGNOSTIC,    63, -6.332852244377e-01, 1.667544274824e-04, 6.1331e-01, 6.0880e-03, 
 2DIAGNOSTIC,    64, -6.339955925941e-01, 1.919790811371e-04, 6.1913e-01, 5.8141e-03, 
 2DIAGNOSTIC,    65, -6.389600634575e-01, 2.373474562773e-04, 6.2714e-01, 8.0111e-03, 
 2DIAGNOSTIC,    66, -6.418791413307e-01, 2.817533677444e-04, 6.3411e-01, 6.9752e-03, 
 2DIAGNOSTIC,    67, -6.449317336082e-01, 3.237094497308e-04, 6.4012e-01, 6.0060e-03, 
 2DIAGNOSTIC,    68, -6.461646556854e-01, 3.493103722576e-04, 6.4967e-01, 9.5551e-03, 
 2DIAGNOSTIC,    69, -6.463792920113e-01, 3.515664138831e-04, 6.5687e-01, 7.2010e-03, 
 2DIAGNOSTIC,    70, -6.465033292770e-01, 3.252718015574e-04, 6.6280e-01, 5.9218e-03, 
 2DIAGNOSTIC,    71, -6.468868255615e-01, 2.723457291722e-04, 6.6839e-01, 5.5950e-03, 
 2DIAGNOSTIC,    72, -6.479399800301e-01, 2.207707439084e-04, 6.7415e-01, 5.7549e-03, 
 2DIAGNOSTIC,    73, -6.514224410057e-01, 1.918510388350e-04, 6.8389e-01, 9.7461e-03, 
 2DIAGNOSTIC,    74, -6.515696644783e-01, 1.498658384662e-04, 6.9089e-01, 7.0002e-03, 
 2DIAGNOSTIC,    75, -6.517892479897e-01, 1.274364040000e-04, 6.9662e-01, 5.7259e-03, 
 2DIAGNOSTIC,    76, -6.521465182304e-01, 1.135374841397e-04, 7.0224e-01, 5.6210e-03, 
 2DIAGNOSTIC,    77, -6.528776884079e-01, 1.118294385378e-04, 7.0842e-01, 6.1851e-03, 
 2DIAGNOSTIC,    78, -6.539780497551e-01, 1.130349628511e-04, 7.1540e-01, 6.9780e-03, 
 2DIAGNOSTIC,    79, -6.559100747108e-01, 1.160116371466e-04, 7.2385e-01, 8.4491e-03, 
 2DIAGNOSTIC,    80, -6.563801765442e-01, 1.113722901209e-04, 7.2934e-01, 5.4851e-03, 
 2DIAGNOSTIC,    81, -6.566278338432e-01, 9.998824680224e-05, 7.3534e-01, 6.0039e-03, 
 2DIAGNOSTIC,    82, -6.567524075508e-01, 8.554817031836e-05, 7.4091e-01, 5.5649e-03, 
 2DIAGNOSTIC,    83, -6.575866937637e-01, 8.749135304242e-05, 7.4902e-01, 8.1179e-03, 
 2DIAGNOSTIC,    84, -6.591051816940e-01, 8.997810073197e-05, 7.5467e-01, 5.6450e-03, 
 2DIAGNOSTIC,    85, -6.593498587608e-01, 8.613087265985e-05, 7.6757e-01, 1.2903e-02, 
 2DIAGNOSTIC,    86, -6.593622565269e-01, 7.633427594556e-05, 7.7358e-01, 6.0060e-03, 
 2DIAGNOSTIC,    87, -6.596087217331e-01, 6.479071453214e-05, 7.8000e-01, 6.4230e-03, 
 2DIAGNOSTIC,    88, -6.599069833755e-01, 5.434179911390e-05, 7.8666e-01, 6.6612e-03, 
 2DIAGNOSTIC,    89, -6.600949168205e-01, 4.978228025720e-05, 7.9375e-01, 7.0858e-03, 
 2DIAGNOSTIC,    90, -6.604549884796e-01, 4.484533201321e-05, 7.9985e-01, 6.0990e-03, 
 2DIAGNOSTIC,    91, -6.609603166580e-01, 3.970100078732e-05, 8.0678e-01, 6.9358e-03, 
 2DIAGNOSTIC,    92, -6.615211367607e-01, 3.426002513152e-05, 8.1554e-01, 8.7609e-03, 
 2DIAGNOSTIC,    93, -6.614784002304e-01, 2.935822158179e-05, 8.2254e-01, 7.0000e-03, 
 2DIAGNOSTIC,    94, -6.614631414413e-01, 2.920791666838e-05, 8.2858e-01, 6.0380e-03, 
 2DIAGNOSTIC,    95, -6.615014076233e-01, 2.768778176687e-05, 8.3561e-01, 7.0322e-03, 
 2DIAGNOSTIC,    96, -6.617465019226e-01, 2.472916094121e-05, 8.4186e-01, 6.2501e-03, 
 2DIAGNOSTIC,    97, -6.625561714172e-01, 2.441943070153e-05, 8.4765e-01, 5.7881e-03, 
 2DIAGNOSTIC,    98, -6.644447445869e-01, 3.202092193533e-05, 8.5484e-01, 7.1931e-03, 
 2DIAGNOSTIC,    99, -6.650595664978e-01, 3.996794839622e-05, 8.6584e-01, 1.0994e-02, 
 2DIAGNOSTIC,   100, -6.655382514000e-01, 4.781283132615e-05, 8.7513e-01, 9.2919e-03, 
 2DIAGNOSTIC,   101, -6.653283834457e-01, 5.224502820056e-05, 8.8150e-01, 6.3710e-03, 
 2DIAGNOSTIC,   102, -6.661014556885e-01, 5.758347469964e-05, 8.8842e-01, 6.9139e-03, 
 2DIAGNOSTIC,   103, -6.664533019066e-01, 5.842899190611e-05, 8.9549e-01, 7.0751e-03, 
 2DIAGNOSTIC,   104, -6.672667264938e-01, 5.712064012187e-05, 9.0365e-01, 8.1592e-03, 
 2DIAGNOSTIC,   105, -6.675705909729e-01, 5.191302989260e-05, 9.0940e-01, 5.7490e-03, 
 2DIAGNOSTIC,   106, -6.680060029030e-01, 4.482676013140e-05, 9.1652e-01, 7.1170e-03, 
 2DIAGNOSTIC,   107, -6.680924296379e-01, 3.720636595972e-05, 9.2280e-01, 6.2840e-03, 
 2DIAGNOSTIC,   108, -6.681399941444e-01, 3.429388743825e-05, 9.2995e-01, 7.1502e-03, 
 2DIAGNOSTIC,   109, -6.684541702271e-01, 3.199396451237e-05, 9.3706e-01, 7.1111e-03, 
 2DIAGNOSTIC,   110, -6.685392856598e-01, 2.903233871621e-05, 9.4446e-01, 7.4041e-03, 
 2DIAGNOSTIC,   111, -6.687295436859e-01, 2.321834290342e-05, 9.5129e-01, 6.8278e-03, 
 2DIAGNOSTIC,   112, -6.690757870674e-01, 1.986943425436e-05, 9.5851e-01, 7.2188e-03, 
 2DIAGNOSTIC,   113, -6.693978905678e-01, 1.732559758238e-05, 9.6775e-01, 9.2380e-03, 
 2DIAGNOSTIC,   114, -6.696006059647e-01, 1.720669934002e-05, 9.7490e-01, 7.1521e-03, 
 2DIAGNOSTIC,   115, -6.696937084198e-01, 1.698439882603e-05, 9.8126e-01, 6.3541e-03, 
 2DIAGNOSTIC,   116, -6.696275472641e-01, 1.661254100327e-05, 9.8829e-01, 7.0310e-03, 
 2DIAGNOSTIC,   117, -6.696372032166e-01, 1.504901138105e-05, 9.9430e-01, 6.0160e-03, 
 2DIAGNOSTIC,   118, -6.695519685745e-01, 1.189227259601e-05, 1.0017e+00, 7.4341e-03, 
 2DIAGNOSTIC,   119, -6.695557236671e-01, 8.890038770915e-06, 1.0083e+00, 6.6130e-03, 
 2DIAGNOSTIC,   120, -6.696528792381e-01, 5.800986855320e-06, 1.0167e+00, 8.3690e-03, 
 2DIAGNOSTIC,   121, -6.695661544800e-01, 2.597281763883e-06, 1.0225e+00, 5.7359e-03, 
DIAGNOSTIC,Iteration,metricValue,convergenceValue,ITERATION_TIME_INDEX,SINCE_LAST
 2DIAGNOSTIC,     1, -5.408561825752e-01, inf, 1.1691e+00, 1.4666e-01, 
 2DIAGNOSTIC,     2, -5.412288308144e-01, inf, 1.1876e+00, 1.8455e-02, 
 2DIAGNOSTIC,     3, -5.415736436844e-01, inf, 1.2001e+00, 1.2521e-02, 
 2DIAGNOSTIC,     4, -5.419069528580e-01, inf, 1.2132e+00, 1.3095e-02, 
 2DIAGNOSTIC,     5, -5.421647429466e-01, inf, 1.2217e+00, 8.5621e-03, 
 2DIAGNOSTIC,     6, -5.426858067513e-01, inf, 1.2294e+00, 7.6859e-03, 
 2DIAGNOSTIC,     7, -5.442654490471e-01, inf, 1.2399e+00, 1.0478e-02, 
 2DIAGNOSTIC,     8, -5.445615053177e-01, inf, 1.2473e+00, 7.3578e-03, 
 2DIAGNOSTIC,     9, -5.448981523514e-01, inf, 1.2549e+00, 7.5960e-03, 
 2DIAGNOSTIC,    10, -5.453692674637e-01, 5.791646544822e-04, 1.2661e+00, 1.1228e-02, 
 2DIAGNOSTIC,    11, -5.457678437233e-01, 5.420335219242e-04, 1.2747e+00, 8.6198e-03, 
 2DIAGNOSTIC,    12, -5.459747314453e-01, 4.866605158895e-04, 1.2839e+00, 9.1550e-03, 
 2DIAGNOSTIC,    13, -5.465145111084e-01, 4.315538972151e-04, 1.2978e+00, 1.3938e-02, 
 2DIAGNOSTIC,    14, -5.467339754105e-01, 3.663799725473e-04, 1.3078e+00, 1.0001e-02, 
 2DIAGNOSTIC,    15, -5.468238592148e-01, 2.888773451559e-04, 1.3172e+00, 9.3660e-03, 
 2DIAGNOSTIC,    16, -5.469281673431e-01, 2.140329743270e-04, 1.3261e+00, 8.9560e-03, 
 2DIAGNOSTIC,    17, -5.470133423805e-01, 1.795772695914e-04, 1.3366e+00, 1.0479e-02, 
 2DIAGNOSTIC,    18, -5.473729372025e-01, 1.513308234280e-04, 1.3446e+00, 7.9820e-03, 
 2DIAGNOSTIC,    19, -5.475655794144e-01, 1.262280275114e-04, 1.3541e+00, 9.4841e-03, 
 2DIAGNOSTIC,    20, -5.476502776146e-01, 1.065027026925e-04, 1.3623e+00, 8.2729e-03, 
 2DIAGNOSTIC,    21, -5.477067828178e-01, 9.038078860613e-05, 1.3707e+00, 8.3261e-03, 
 2DIAGNOSTIC,    22, -5.479865074158e-01, 7.868136890465e-05, 1.3802e+00, 9.5639e-03, 
 2DIAGNOSTIC,    23, -5.481224060059e-01, 7.571600872325e-05, 1.3922e+00, 1.1941e-02, 
 2DIAGNOSTIC,    24, -5.481657385826e-01, 7.164229464252e-05, 1.4003e+00, 8.1351e-03, 
 2DIAGNOSTIC,    25, -5.485546588898e-01, 7.140603702283e-05, 1.4093e+00, 8.9729e-03, 
 2DIAGNOSTIC,    26, -5.487212538719e-01, 6.990618567215e-05, 1.4179e+00, 8.6291e-03, 
 2DIAGNOSTIC,    27, -5.487961769104e-01, 6.491766544059e-05, 1.4269e+00, 9.0289e-03, 
 2DIAGNOSTIC,    28, -5.488919615746e-01, 6.272768223425e-05, 1.4376e+00, 1.0702e-02, 
 2DIAGNOSTIC,    29, -5.489297509193e-01, 5.902806879021e-05, 1.4462e+00, 8.5311e-03, 
 2DIAGNOSTIC,    30, -5.492409467697e-01, 5.693080311175e-05, 1.4553e+00, 9.0859e-03, 
 2DIAGNOSTIC,    31, -5.492808818817e-01, 5.101377610117e-05, 1.4636e+00, 8.3771e-03, 
 2DIAGNOSTIC,    32, -5.493186712265e-01, 4.595916834660e-05, 1.4727e+00, 9.0790e-03, 
 2DIAGNOSTIC,    33, -5.493829250336e-01, 4.023898873129e-05, 1.4873e+00, 1.4547e-02, 
 2DIAGNOSTIC,    34, -5.493909120560e-01, 3.174885205226e-05, 1.4951e+00, 7.8158e-03, 
 2DIAGNOSTIC,    35, -5.494132637978e-01, 2.683020829863e-05, 1.5038e+00, 8.7180e-03, 
 2DIAGNOSTIC,    36, -5.494182109833e-01, 2.217252222181e-05, 1.5127e+00, 8.9052e-03, 
 2DIAGNOSTIC,    37, -5.494174361229e-01, 1.681250432739e-05, 1.5215e+00, 8.7740e-03, 
 2DIAGNOSTIC,    38, -5.494221448898e-01, 1.162611351901e-05, 1.5315e+00, 9.9759e-03, 
 2DIAGNOSTIC,    39, -5.494307279587e-01, 6.185843631101e-06, 1.5393e+00, 7.8561e-03, 
 2DIAGNOSTIC,    40, -5.494491457939e-01, 4.785732471646e-06, 1.5510e+00, 1.1642e-02, 
 2DIAGNOSTIC,    41, -5.494831800461e-01, 4.002459263575e-06, 1.5617e+00, 1.0786e-02, 
 2DIAGNOSTIC,    42, -5.495787262917e-01, 4.573261321639e-06, 1.5706e+00, 8.9009e-03, 
 2DIAGNOSTIC,    43, -5.496931672096e-01, 6.887613380968e-06, 1.5797e+00, 9.0449e-03, 
 2DIAGNOSTIC,    44, -5.498114824295e-01, 9.971623512683e-06, 1.5928e+00, 1.3139e-02, 
 2DIAGNOSTIC,    45, -5.498795509338e-01, 1.306581907556e-05, 1.6016e+00, 8.8201e-03, 
 2DIAGNOSTIC,    46, -5.498991608620e-01, 1.512620110589e-05, 1.6104e+00, 8.7919e-03, 
 2DIAGNOSTIC,    47, -5.499083399773e-01, 1.581305332365e-05, 1.6196e+00, 9.1159e-03, 
 2DIAGNOSTIC,    48, -5.499136447906e-01, 1.511807295174e-05, 1.6284e+00, 8.8222e-03, 
 2DIAGNOSTIC,    49, -5.499168038368e-01, 1.318110844295e-05, 1.6361e+00, 7.7071e-03, 
 2DIAGNOSTIC,    50, -5.499370694160e-01, 1.052783773048e-05, 1.6461e+00, 9.9890e-03, 
 2DIAGNOSTIC,    51, -5.499399900436e-01, 7.401798029605e-06, 1.6545e+00, 8.4541e-03, 
 2DIAGNOSTIC,    52, -5.499411225319e-01, 4.703731519839e-06, 1.6631e+00, 8.6060e-03, 
 2DIAGNOSTIC,    53, -5.499463081360e-01, 2.866735940188e-06, 1.6711e+00, 7.9288e-03, 
 2DIAGNOSTIC,    54, -5.499750971794e-01, 2.277043904542e-06, 1.6786e+00, 7.5769e-03, 
 2DIAGNOSTIC,    55, -5.500509738922e-01, 2.891142685257e-06, 1.6864e+00, 7.7710e-03, 
 2DIAGNOSTIC,    56, -5.501449704170e-01, 4.295144663047e-06, 1.6947e+00, 8.2500e-03, 
 2DIAGNOSTIC,    57, -5.502979159355e-01, 6.756963557564e-06, 1.7074e+00, 1.2736e-02, 
 2DIAGNOSTIC,    58, -5.503391623497e-01, 8.936318408814e-06, 1.7153e+00, 7.9229e-03, 
 2DIAGNOSTIC,    59, -5.503940582275e-01, 1.075328964362e-05, 1.7232e+00, 7.8390e-03, 
 2DIAGNOSTIC,    60, -5.504396557808e-01, 1.209396123159e-05, 1.7320e+00, 8.8859e-03, 
 2DIAGNOSTIC,    61, -5.504426956177e-01, 1.231258920598e-05, 1.7408e+00, 8.7819e-03, 
 2DIAGNOSTIC,    62, -5.505106449127e-01, 1.196502307721e-05, 1.7533e+00, 1.2491e-02, 
 2DIAGNOSTIC,    63, -5.505134463310e-01, 1.058380257746e-05, 1.7615e+00, 8.1539e-03, 
 2DIAGNOSTIC,    64, -5.505610704422e-01, 8.902833542379e-06, 1.7705e+00, 9.0010e-03, 
 2DIAGNOSTIC,    65, -5.505819320679e-01, 7.225123681565e-06, 1.7782e+00, 7.7689e-03, 
 2DIAGNOSTIC,    66, -5.505815148354e-01, 5.657868314302e-06, 1.7867e+00, 8.4481e-03, 
 2DIAGNOSTIC,    67, -5.506083369255e-01, 5.030830834585e-06, 1.7950e+00, 8.3361e-03, 
 2DIAGNOSTIC,    68, -5.506483912468e-01, 4.588819592755e-06, 1.8032e+00, 8.1851e-03, 
 2DIAGNOSTIC,    69, -5.507262945175e-01, 4.746106696984e-06, 1.8114e+00, 8.1699e-03, 
 2DIAGNOSTIC,    70, -5.508518815041e-01, 5.745609996666e-06, 1.8196e+00, 8.2140e-03, 
 2DIAGNOSTIC,    71, -5.510262846947e-01, 7.477853614546e-06, 1.8292e+00, 9.5611e-03, 
 2DIAGNOSTIC,    72, -5.511305928230e-01, 9.709577170725e-06, 1.8431e+00, 1.3955e-02, 
 2DIAGNOSTIC,    73, -5.512220859528e-01, 1.164805598819e-05, 1.8517e+00, 8.5831e-03, 
 2DIAGNOSTIC,    74, -5.512692928314e-01, 1.311192227149e-05, 1.8610e+00, 9.3288e-03, 
 2DIAGNOSTIC,    75, -5.513263940811e-01, 1.384713505104e-05, 1.8716e+00, 1.0536e-02, 
 2DIAGNOSTIC,    76, -5.513367056847e-01, 1.331861403742e-05, 1.8804e+00, 8.8620e-03, 
 2DIAGNOSTIC,    77, -5.513489842415e-01, 1.182343839901e-05, 1.8883e+00, 7.9129e-03, 
 2DIAGNOSTIC,    78, -5.513657927513e-01, 9.647671504354e-06, 1.8971e+00, 8.7450e-03, 
 2DIAGNOSTIC,    79, -5.513671040535e-01, 7.145932613639e-06, 1.9052e+00, 8.0950e-03, 
 2DIAGNOSTIC,    80, -5.513892173767e-01, 4.992386493541e-06, 1.9142e+00, 9.0201e-03, 
 2DIAGNOSTIC,    81, -5.513972043991e-01, 3.602753622545e-06, 1.9236e+00, 9.4459e-03, 
 2DIAGNOSTIC,    82, -5.513951778412e-01, 2.574562586233e-06, 1.9317e+00, 8.0459e-03, 
 2DIAGNOSTIC,    83, -5.514135360718e-01, 2.043592758127e-06, 1.9396e+00, 7.9291e-03, 
 2DIAGNOSTIC,    84, -5.514271855354e-01, 1.728491838549e-06, 1.9478e+00, 8.1589e-03, 
 2DIAGNOSTIC,    85, -5.514642000198e-01, 1.860947236310e-06, 1.9557e+00, 7.9422e-03, 
 2DIAGNOSTIC,    86, -5.515140295029e-01, 2.203225449193e-06, 1.9646e+00, 8.9018e-03, 
 2DIAGNOSTIC,    87, -5.515437722206e-01, 2.605065674288e-06, 1.9741e+00, 9.5081e-03, 
 2DIAGNOSTIC,    88, -5.515288114548e-01, 2.794333568090e-06, 1.9833e+00, 9.1722e-03, 
 2DIAGNOSTIC,    89, -5.515810251236e-01, 3.058971515202e-06, 1.9939e+00, 1.0568e-02, 
 2DIAGNOSTIC,    90, -5.515635013580e-01, 3.071426817769e-06, 2.0032e+00, 9.3541e-03, 
 2DIAGNOSTIC,    91, -5.515431761742e-01, 2.752348109425e-06, 2.0122e+00, 8.9920e-03, 
 2DIAGNOSTIC,    92, -5.515479445457e-01, 2.228027369711e-06, 2.0200e+00, 7.7460e-03, 
 2DIAGNOSTIC,    93, -5.515376925468e-01, 1.578983642503e-06, 2.0281e+00, 8.1379e-03, 
DIAGNOSTIC,Iteration,metricValue,convergenceValue,ITERATION_TIME_INDEX,SINCE_LAST
 2DIAGNOSTIC,     1, -4.866987764835e-01, inf, 2.3308e+00, 3.0269e-01, 
 2DIAGNOSTIC,     2, -4.871032238007e-01, inf, 2.3937e+00, 6.2917e-02, 
 2DIAGNOSTIC,     3, -4.875202476978e-01, inf, 2.4467e+00, 5.2968e-02, 
 2DIAGNOSTIC,     4, -4.876961708069e-01, inf, 2.4945e+00, 4.7860e-02, 
 2DIAGNOSTIC,     5, -4.877445101738e-01, inf, 2.5380e+00, 4.3498e-02, 
 2DIAGNOSTIC,     6, -4.877517223358e-01, inf, 2.5843e+00, 4.6310e-02, 
 2DIAGNOSTIC,     7, -4.878223240376e-01, inf, 2.6247e+00, 4.0344e-02, 
 2DIAGNOSTIC,     8, -4.879685044289e-01, inf, 2.6641e+00, 3.9442e-02, 
 2DIAGNOSTIC,     9, -4.880913794041e-01, inf, 2.7141e+00, 4.9978e-02, 
 2DIAGNOSTIC,    10, -4.880883395672e-01, 1.563236874063e-04, 2.7535e+00, 3.9379e-02, 
 2DIAGNOSTIC,    11, -4.881397783756e-01, 1.049590209732e-04, 2.7945e+00, 4.1020e-02, 
 2DIAGNOSTIC,    12, -4.882510006428e-01, 7.754936814308e-05, 2.8523e+00, 5.7795e-02, 
 2DIAGNOSTIC,    13, -4.882477223873e-01, 6.568806566065e-05, 2.8983e+00, 4.5969e-02, 
 2DIAGNOSTIC,    14, -4.882502555847e-01, 5.718558168155e-05, 2.9520e+00, 5.3706e-02, 
 2DIAGNOSTIC,    15, -4.882493317127e-01, 4.680671190727e-05, 2.9981e+00, 4.6153e-02, 
 2DIAGNOSTIC,    16, -4.882476925850e-01, 3.384884621482e-05, 3.0418e+00, 4.3712e-02, 
 2DIAGNOSTIC,    17, -4.882457256317e-01, 2.167314778490e-05, 3.0806e+00, 3.8787e-02, 
 2DIAGNOSTIC,    18, -4.882434308529e-01, 1.357903056487e-05, 3.1227e+00, 4.2113e-02, 
 2DIAGNOSTIC,    19, -4.882422983646e-01, 9.052296263690e-06, 3.1690e+00, 4.6289e-02, 
 2DIAGNOSTIC,    20, -4.882445037365e-01, 4.262822130841e-06, 3.2150e+00, 4.5937e-02, 
 2DIAGNOSTIC,    21, -4.882446229458e-01, 1.020387117023e-06, 3.2592e+00, 4.4211e-02, 
 2DIAGNOSTIC,    22, -4.882445931435e-01, 1.067162543222e-06, 3.3042e+00, 4.5046e-02, 
 2DIAGNOSTIC,    23, -4.882438480854e-01, 1.042944177243e-06, 3.3656e+00, 6.1341e-02, 
 2DIAGNOSTIC,    24, -4.882431924343e-01, 1.098669144994e-06, 3.4135e+00, 4.7940e-02, 
 2DIAGNOSTIC,    25, -4.882425367832e-01, 1.133603404924e-06, 3.4562e+00, 4.2740e-02, 
 2DIAGNOSTIC,    26, -4.882434904575e-01, 1.163579895547e-06, 3.4998e+00, 4.3516e-02, 
 2DIAGNOSTIC,    27, -4.882436096668e-01, 1.158148279501e-06, 3.5537e+00, 5.3963e-02, 
 2DIAGNOSTIC,    28, -4.882435798645e-01, 1.108223273150e-06, 3.6097e+00, 5.5971e-02, 
 2DIAGNOSTIC,    29, -4.882436394691e-01, 1.042309804689e-06, 3.6515e+00, 4.1848e-02, 
 2DIAGNOSTIC,    30, -4.882435500622e-01, 1.026953214023e-06, 3.7090e+00, 5.7505e-02, 
 2DIAGNOSTIC,    31, -4.882435798645e-01, 1.018022203425e-06, 3.7516e+00, 4.2517e-02, 
 2DIAGNOSTIC,    32, -4.882434308529e-01, 1.007135438158e-06, 3.7933e+00, 4.1741e-02, 
DIAGNOSTIC,Iteration,metricValue,convergenceValue,ITERATION_TIME_INDEX,SINCE_LAST
 2DIAGNOSTIC,     1, -4.475014805794e-01, inf, 4.5491e+00, 7.5583e-01, 
 2DIAGNOSTIC,     2, -4.475969374180e-01, inf, 4.7700e+00, 2.2092e-01, 
 2DIAGNOSTIC,     3, -4.476850330830e-01, inf, 5.0512e+00, 2.8115e-01, 
 2DIAGNOSTIC,     4, -4.476938843727e-01, inf, 5.3494e+00, 2.9817e-01, 
 2DIAGNOSTIC,     5, -4.476959407330e-01, inf, 5.5869e+00, 2.3755e-01, 
 2DIAGNOSTIC,     6, -4.476960003376e-01, inf, 5.8306e+00, 2.4373e-01, 
 2DIAGNOSTIC,     7, -4.476985931396e-01, inf, 6.0626e+00, 2.3199e-01, 
 2DIAGNOSTIC,     8, -4.477004706860e-01, inf, 6.2834e+00, 2.2078e-01, 
 2DIAGNOSTIC,     9, -4.477087557316e-01, inf, 6.5411e+00, 2.5765e-01, 
 2DIAGNOSTIC,    10, -4.477244913578e-01, 2.436877184664e-05, 6.7662e+00, 2.2515e-01, 
 2DIAGNOSTIC,    11, -4.477692544460e-01, 1.557569703436e-05, 7.0910e+00, 3.2478e-01, 
 2DIAGNOSTIC,    12, -4.477747678757e-01, 1.227333450515e-05, 7.3399e+00, 2.4889e-01, 
 2DIAGNOSTIC,    13, -4.477766752243e-01, 1.302193959418e-05, 7.5556e+00, 2.1577e-01, 
 2DIAGNOSTIC,    14, -4.477823674679e-01, 1.338611764368e-05, 7.7862e+00, 2.3059e-01, 
 2DIAGNOSTIC,    15, -4.477976262569e-01, 1.340061680821e-05, 8.0084e+00, 2.2219e-01, 
 2DIAGNOSTIC,    16, -4.478248357773e-01, 1.341760344076e-05, 8.2298e+00, 2.2141e-01, 
 2DIAGNOSTIC,    17, -4.479109048843e-01, 1.567337130837e-05, 8.4514e+00, 2.2153e-01, 
 2DIAGNOSTIC,    18, -4.480839073658e-01, 2.252480589959e-05, 8.7228e+00, 2.7140e-01, 
 2DIAGNOSTIC,    19, -4.481939375401e-01, 3.056789864786e-05, 9.0795e+00, 3.5677e-01, 
 2DIAGNOSTIC,    20, -4.482086300850e-01, 3.604784797062e-05, 9.3128e+00, 2.3329e-01, 
 2DIAGNOSTIC,    21, -4.482517540455e-01, 4.053751763422e-05, 9.5784e+00, 2.6563e-01, 
 2DIAGNOSTIC,    22, -4.482558667660e-01, 4.121830352233e-05, 9.8183e+00, 2.3987e-01, 
 2DIAGNOSTIC,    23, -4.482579827309e-01, 3.815954551101e-05, 1.0075e+01, 2.5659e-01, 
 2DIAGNOSTIC,    24, -4.482614994049e-01, 3.213700983906e-05, 1.0313e+01, 2.3770e-01, 
 2DIAGNOSTIC,    25, -4.482663571835e-01, 2.427122853987e-05, 1.0535e+01, 2.2215e-01, 
 2DIAGNOSTIC,    26, -4.482811093330e-01, 1.588560007804e-05, 1.0768e+01, 2.3285e-01, 
 2DIAGNOSTIC,    27, -4.482946097851e-01, 8.988033187052e-06, 1.1016e+01, 2.4808e-01, 
 2DIAGNOSTIC,    28, -4.482993781567e-01, 5.819488251291e-06, 1.1290e+01, 2.7389e-01, 
 2DIAGNOSTIC,    29, -4.483059644699e-01, 4.986418844055e-06, 1.1549e+01, 2.5971e-01, 
 2DIAGNOSTIC,    30, -4.483077228069e-01, 4.163483936281e-06, 1.1808e+01, 2.5862e-01, 
 2DIAGNOSTIC,    31, -4.483100473881e-01, 4.025134785479e-06, 1.2061e+01, 2.5340e-01, 
 2DIAGNOSTIC,    32, -4.483114480972e-01, 3.717114623214e-06, 1.2315e+01, 2.5398e-01, 
 2DIAGNOSTIC,    33, -4.483127295971e-01, 3.236014435970e-06, 1.2572e+01, 2.5656e-01, 
 2DIAGNOSTIC,    34, -4.483133554459e-01, 2.647528162925e-06, 1.2803e+01, 2.3096e-01, 
 2DIAGNOSTIC,    35, -4.483208656311e-01, 2.150173258997e-06, 1.3029e+01, 2.2669e-01, 
 2DIAGNOSTIC,    36, -4.483321011066e-01, 2.012317281697e-06, 1.3253e+01, 2.2338e-01, 
 2DIAGNOSTIC,    37, -4.483651518822e-01, 2.567737965364e-06, 1.3547e+01, 2.9396e-01, 
 2DIAGNOSTIC,    38, -4.483761489391e-01, 3.180333123964e-06, 1.3799e+01, 2.5257e-01, 
 2DIAGNOSTIC,    39, -4.483815431595e-01, 3.736719691005e-06, 1.4027e+01, 2.2745e-01, 
 2DIAGNOSTIC,    40, -4.483924508095e-01, 4.192616415821e-06, 1.4284e+01, 2.5670e-01, 
 2DIAGNOSTIC,    41, -4.483982324600e-01, 4.420950517670e-06, 1.4535e+01, 2.5187e-01, 
 2DIAGNOSTIC,    42, -4.484052658081e-01, 4.410318979353e-06, 1.4834e+01, 2.9876e-01, 
 2DIAGNOSTIC,    43, -4.484089016914e-01, 4.123358849029e-06, 1.5089e+01, 2.5479e-01, 
 2DIAGNOSTIC,    44, -4.484115242958e-01, 3.578090399969e-06, 1.5311e+01, 2.2237e-01, 
 2DIAGNOSTIC,    45, -4.484137892723e-01, 2.923429974544e-06, 1.5531e+01, 2.1987e-01, 
 2DIAGNOSTIC,    46, -4.484186172485e-01, 2.294746309417e-06, 1.5776e+01, 2.4470e-01, 
