---------------------
Profiling information

Pipeline: ants registrationSyN-fp
NTHREAD: 32

DATASET: ds004513
SUBJECT_ID: s035

SIF_IMG: /mnt/lustre/mathdugre/containers/ants-debug.simg
DATA_DIR: /mnt/lustre/mathdugre/mri-bottleneck/datasets/ds004513

PROJECT_DIR: /mnt/lustre/mathdugre/mri-bottleneck
PROFILING_DIR: /mnt/lustre/mathdugre/mri-bottleneck/vtune_output/32-threads/ants/registrationSyN-fp/ds004513/sub-s035/9ZkeXAweZKuhKYnP4fNh4d6POZDjahNA
---------------------

Command to profile: bash tmp-scripts/9ZkeXAweZKuhKYnP4fNh4d6POZDjahNA.sh

--------------------------------------------------------------------------------------
 Mapping parameters
--------------------------------------------------------------------------------------
 ANTSPATH is /opt/ants/bin

 Dimensionality:           3
 Output name prefix:       /data/derivatives/ants/registrationSyN-fp/sub-s035/ses-open/anat/
 Fixed images:             /templateflow/tpl-MNI152NLin2009cAsym//tpl-MNI152NLin2009cAsym_res-01_desc-brain_T1w.nii.gz
 Moving images:            /data/derivatives/fsl/fast/sub-s035/ses-open/anat/BrainExtractionBrain_seg.nii.gz
 Mask images:              
 Initial transforms:       
 Number of threads:        32
 Spline distance:          26
 SyN gradient step:        0.1
 Transform type:           s
 CC radius:                4
 Precision:                f
 Use histogram matching    0
 Repro                     0
======================================================================================
 antsRegistration call:
--------------------------------------------------------------------------------------
/opt/ants/bin/antsRegistration --verbose 1 --dimensionality 3 --float 1 --collapse-output-transforms 1 --output [ /data/derivatives/ants/registrationSyN-fp/sub-s035/ses-open/anat/,/data/derivatives/ants/registrationSyN-fp/sub-s035/ses-open/anat/Warped.nii.gz,/data/derivatives/ants/registrationSyN-fp/sub-s035/ses-open/anat/InverseWarped.nii.gz ] --interpolation Linear --use-histogram-matching 0 --winsorize-image-intensities [ 0.005,0.995 ] --initial-moving-transform [ /templateflow/tpl-MNI152NLin2009cAsym//tpl-MNI152NLin2009cAsym_res-01_desc-brain_T1w.nii.gz,/data/derivatives/fsl/fast/sub-s035/ses-open/anat/BrainExtractionBrain_seg.nii.gz,1 ] --transform Rigid[ 0.1 ] --metric MI[ /templateflow/tpl-MNI152NLin2009cAsym//tpl-MNI152NLin2009cAsym_res-01_desc-brain_T1w.nii.gz,/data/derivatives/fsl/fast/sub-s035/ses-open/anat/BrainExtractionBrain_seg.nii.gz,1,32,Regular,0.25 ] --convergence [ 1000x500x250x100,1e-6,10 ] --shrink-factors 8x4x2x1 --smoothing-sigmas 3x2x1x0vox --transform Affine[ 0.1 ] --metric MI[ /templateflow/tpl-MNI152NLin2009cAsym//tpl-MNI152NLin2009cAsym_res-01_desc-brain_T1w.nii.gz,/data/derivatives/fsl/fast/sub-s035/ses-open/anat/BrainExtractionBrain_seg.nii.gz,1,32,Regular,0.25 ] --convergence [ 1000x500x250x100,1e-6,10 ] --shrink-factors 8x4x2x1 --smoothing-sigmas 3x2x1x0vox --transform SyN[ 0.1,3,0 ] --metric CC[ /templateflow/tpl-MNI152NLin2009cAsym//tpl-MNI152NLin2009cAsym_res-01_desc-brain_T1w.nii.gz,/data/derivatives/fsl/fast/sub-s035/ses-open/anat/BrainExtractionBrain_seg.nii.gz,1,4 ] --convergence [ 100x70x50x20,1e-6,10 ] --shrink-factors 8x4x2x1 --smoothing-sigmas 3x2x1x0vox
--------------------------------------------------------------------------------------
All_Command_lines_OK
Using single precision for computations.
=============================================================================
The composite transform comprises the following transforms (in order): 
  1. Center of mass alignment using fixed image: /templateflow/tpl-MNI152NLin2009cAsym//tpl-MNI152NLin2009cAsym_res-01_desc-brain_T1w.nii.gz and moving image: /data/derivatives/fsl/fast/sub-s035/ses-open/anat/BrainExtractionBrain_seg.nii.gz (type = Euler3DTransform)
=============================================================================
  number of levels = 4
  number of levels = 4
  number of levels = 4
  fixed image: /templateflow/tpl-MNI152NLin2009cAsym//tpl-MNI152NLin2009cAsym_res-01_desc-brain_T1w.nii.gz
  moving image: /data/derivatives/fsl/fast/sub-s035/ses-open/anat/BrainExtractionBrain_seg.nii.gz
  fixed image: /templateflow/tpl-MNI152NLin2009cAsym//tpl-MNI152NLin2009cAsym_res-01_desc-brain_T1w.nii.gz
  moving image: /data/derivatives/fsl/fast/sub-s035/ses-open/anat/BrainExtractionBrain_seg.nii.gz
  fixed image: /templateflow/tpl-MNI152NLin2009cAsym//tpl-MNI152NLin2009cAsym_res-01_desc-brain_T1w.nii.gz
  moving image: /data/derivatives/fsl/fast/sub-s035/ses-open/anat/BrainExtractionBrain_seg.nii.gz
Dimension = 3
Number of stages = 3
Use histogram matching = false
Winsorize image intensities = true
  Lower quantile = 0.005
  Upper quantile = 0.995


Stage 1 State
   Image metric = Mattes
     Fixed image = Image (0x5622830d62b0)
  RTTI typeinfo:   itk::Image<float, 3u>
  Reference Count: 2
  Modified Time: 1717
  Debug: Off
  Object Name: 
  Observers: 
    none
  Source: (none)
  Source output name: (none)
  Release Data: Off
  Data Released: False
  Global Release Data: Off
  PipelineMTime: 0
  UpdateMTime: 1502
  RealTimeStamp: 0 seconds 
  LargestPossibleRegion: 
    Dimension: 3
    Index: [0, 0, 0]
    Size: [193, 229, 193]
  BufferedRegion: 
    Dimension: 3
    Index: [0, 0, 0]
    Size: [193, 229, 193]
  RequestedRegion: 
    Dimension: 3
    Index: [0, 0, 0]
    Size: [193, 229, 193]
  Spacing: [1, 1, 1]
  Origin: [96, 132, -78]
  Direction: 
-1 0 0
0 -1 0
0 0 1

  IndexToPointMatrix: 
-1 0 0
0 -1 0
0 0 1

  PointToIndexMatrix: 
-1 0 0
0 -1 0
0 0 1

  Inverse Direction: 
-1 0 0
0 -1 0
0 0 1

  PixelContainer: 
    ImportImageContainer (0x5622830dee50)
      RTTI typeinfo:   itk::ImportImageContainer<unsigned long, float>
      Reference Count: 1
      Modified Time: 1499
      Debug: Off
      Object Name: 
      Observers: 
        none
      Pointer: 0x7f906f8b0010
      Container manages memory: true
      Size: 8530021
      Capacity: 8530021

     Moving image = Image (0x5622830d7630)
  RTTI typeinfo:   itk::Image<float, 3u>
  Reference Count: 2
  Modified Time: 1718
  Debug: Off
  Object Name: 
  Observers: 
    none
  Source: (none)
  Source output name: (none)
  Release Data: Off
  Data Released: False
  Global Release Data: Off
  PipelineMTime: 0
  UpdateMTime: 1715
  RealTimeStamp: 0 seconds 
  LargestPossibleRegion: 
    Dimension: 3
    Index: [0, 0, 0]
    Size: [160, 240, 256]
  BufferedRegion: 
    Dimension: 3
    Index: [0, 0, 0]
    Size: [160, 240, 256]
  RequestedRegion: 
    Dimension: 3
    Index: [0, 0, 0]
    Size: [160, 240, 256]
  Spacing: [1, 1, 1]
  Origin: [98.6438, 87.6358, -117.989]
  Direction: 
-0.993515 -0.100993 -0.0522355
0.100854 -0.994887 0.00530255
-0.0525039 1.93537e-08 0.998621

  IndexToPointMatrix: 
-0.993515 -0.100993 -0.0522355
0.100854 -0.994887 0.00530255
-0.0525039 1.93537e-08 0.998621

  PointToIndexMatrix: 
-0.993515 0.100854 -0.0525039
-0.100993 -0.994887 1.93006e-08
-0.0522355 0.00530255 0.998621

  Inverse Direction: 
-0.993515 0.100854 -0.0525039
-0.100993 -0.994887 1.93006e-08
-0.0522355 0.00530255 0.998621

  PixelContainer: 
    ImportImageContainer (0x5622830d72c0)
      RTTI typeinfo:   itk::ImportImageContainer<unsigned long, float>
      Reference Count: 1
      Modified Time: 1712
      Debug: Off
      Object Name: 
      Observers: 
        none
      Pointer: 0x7f906d32f010
      Container manages memory: true
      Size: 9830400
      Capacity: 9830400

     Weighting = 1
     Sampling strategy = regular
     Number of bins = 32
     Radius = 4
     Sampling percentage  = 0.25
   Transform = Rigid
     Gradient step = 0.1
     Update field sigma (voxel space) = 0
     Total field sigma (voxel space) = 0
     Update field time sigma = 0
     Total field time sigma  = 0
     Number of time indices = 0
     Number of time point samples = 0
Stage 2 State
   Image metric = Mattes
     Fixed image = Image (0x5622830e8f80)
  RTTI typeinfo:   itk::Image<float, 3u>
  Reference Count: 2
  Modified Time: 2145
  Debug: Off
  Object Name: 
  Observers: 
    none
  Source: (none)
  Source output name: (none)
  Release Data: Off
  Data Released: False
  Global Release Data: Off
  PipelineMTime: 0
  UpdateMTime: 1930
  RealTimeStamp: 0 seconds 
  LargestPossibleRegion: 
    Dimension: 3
    Index: [0, 0, 0]
    Size: [193, 229, 193]
  BufferedRegion: 
    Dimension: 3
    Index: [0, 0, 0]
    Size: [193, 229, 193]
  RequestedRegion: 
    Dimension: 3
    Index: [0, 0, 0]
    Size: [193, 229, 193]
  Spacing: [1, 1, 1]
  Origin: [96, 132, -78]
  Direction: 
-1 0 0
0 -1 0
0 0 1

  IndexToPointMatrix: 
-1 0 0
0 -1 0
0 0 1

  PointToIndexMatrix: 
-1 0 0
0 -1 0
0 0 1

  Inverse Direction: 
-1 0 0
0 -1 0
0 0 1

  PixelContainer: 
    ImportImageContainer (0x5622830e52c0)
      RTTI typeinfo:   itk::ImportImageContainer<unsigned long, float>
      Reference Count: 1
      Modified Time: 1927
      Debug: Off
      Object Name: 
      Observers: 
        none
      Pointer: 0x7f906b2a4010
      Container manages memory: true
      Size: 8530021
      Capacity: 8530021

     Moving image = Image (0x562283135e80)
  RTTI typeinfo:   itk::Image<float, 3u>
  Reference Count: 2
  Modified Time: 2146
  Debug: Off
  Object Name: 
  Observers: 
    none
  Source: (none)
  Source output name: (none)
  Release Data: Off
  Data Released: False
  Global Release Data: Off
  PipelineMTime: 0
  UpdateMTime: 2143
  RealTimeStamp: 0 seconds 
  LargestPossibleRegion: 
    Dimension: 3
    Index: [0, 0, 0]
    Size: [160, 240, 256]
  BufferedRegion: 
    Dimension: 3
    Index: [0, 0, 0]
    Size: [160, 240, 256]
  RequestedRegion: 
    Dimension: 3
    Index: [0, 0, 0]
    Size: [160, 240, 256]
  Spacing: [1, 1, 1]
  Origin: [98.6438, 87.6358, -117.989]
  Direction: 
-0.993515 -0.100993 -0.0522355
0.100854 -0.994887 0.00530255
-0.0525039 1.93537e-08 0.998621

  IndexToPointMatrix: 
-0.993515 -0.100993 -0.0522355
0.100854 -0.994887 0.00530255
-0.0525039 1.93537e-08 0.998621

  PointToIndexMatrix: 
-0.993515 0.100854 -0.0525039
-0.100993 -0.994887 1.93006e-08
-0.0522355 0.00530255 0.998621

  Inverse Direction: 
-0.993515 0.100854 -0.0525039
-0.100993 -0.994887 1.93006e-08
-0.0522355 0.00530255 0.998621

  PixelContainer: 
    ImportImageContainer (0x562283136640)
      RTTI typeinfo:   itk::ImportImageContainer<unsigned long, float>
      Reference Count: 1
      Modified Time: 2140
      Debug: Off
      Object Name: 
      Observers: 
        none
      Pointer: 0x7f9068d23010
      Container manages memory: true
      Size: 9830400
      Capacity: 9830400

     Weighting = 1
     Sampling strategy = regular
     Number of bins = 32
     Radius = 4
     Sampling percentage  = 0.25
   Transform = Affine
     Gradient step = 0.1
     Update field sigma (voxel space) = 0
     Total field sigma (voxel space) = 0
     Update field time sigma = 0
     Total field time sigma  = 0
     Number of time indices = 0
     Number of time point samples = 0
Stage 3 State
   Image metric = CC
     Fixed image = Image (0x562283138420)
  RTTI typeinfo:   itk::Image<float, 3u>
  Reference Count: 2
  Modified Time: 2573
  Debug: Off
  Object Name: 
  Observers: 
    none
  Source: (none)
  Source output name: (none)
  Release Data: Off
  Data Released: False
  Global Release Data: Off
  PipelineMTime: 0
  UpdateMTime: 2358
  RealTimeStamp: 0 seconds 
  LargestPossibleRegion: 
    Dimension: 3
    Index: [0, 0, 0]
    Size: [193, 229, 193]
  BufferedRegion: 
    Dimension: 3
    Index: [0, 0, 0]
    Size: [193, 229, 193]
  RequestedRegion: 
    Dimension: 3
    Index: [0, 0, 0]
    Size: [193, 229, 193]
  Spacing: [1, 1, 1]
  Origin: [96, 132, -78]
  Direction: 
-1 0 0
0 -1 0
0 0 1

  IndexToPointMatrix: 
-1 0 0
0 -1 0
0 0 1

  PointToIndexMatrix: 
-1 0 0
0 -1 0
0 0 1

  Inverse Direction: 
-1 0 0
0 -1 0
0 0 1

  PixelContainer: 
    ImportImageContainer (0x562283138a80)
      RTTI typeinfo:   itk::ImportImageContainer<unsigned long, float>
      Reference Count: 1
      Modified Time: 2355
      Debug: Off
      Object Name: 
      Observers: 
        none
      Pointer: 0x7f9066c98010
      Container manages memory: true
      Size: 8530021
      Capacity: 8530021

     Moving image = Image (0x562283134430)
  RTTI typeinfo:   itk::Image<float, 3u>
  Reference Count: 2
  Modified Time: 2574
  Debug: Off
  Object Name: 
  Observers: 
    none
  Source: (none)
  Source output name: (none)
  Release Data: Off
  Data Released: False
  Global Release Data: Off
  PipelineMTime: 0
  UpdateMTime: 2571
  RealTimeStamp: 0 seconds 
  LargestPossibleRegion: 
    Dimension: 3
    Index: [0, 0, 0]
    Size: [160, 240, 256]
  BufferedRegion: 
    Dimension: 3
    Index: [0, 0, 0]
    Size: [160, 240, 256]
  RequestedRegion: 
    Dimension: 3
    Index: [0, 0, 0]
    Size: [160, 240, 256]
  Spacing: [1, 1, 1]
  Origin: [98.6438, 87.6358, -117.989]
  Direction: 
-0.993515 -0.100993 -0.0522355
0.100854 -0.994887 0.00530255
-0.0525039 1.93537e-08 0.998621

  IndexToPointMatrix: 
-0.993515 -0.100993 -0.0522355
0.100854 -0.994887 0.00530255
-0.0525039 1.93537e-08 0.998621

  PointToIndexMatrix: 
-0.993515 0.100854 -0.0525039
-0.100993 -0.994887 1.93006e-08
-0.0522355 0.00530255 0.998621

  Inverse Direction: 
-0.993515 0.100854 -0.0525039
-0.100993 -0.994887 1.93006e-08
-0.0522355 0.00530255 0.998621

  PixelContainer: 
    ImportImageContainer (0x5622830e5640)
      RTTI typeinfo:   itk::ImportImageContainer<unsigned long, float>
      Reference Count: 1
      Modified Time: 2568
      Debug: Off
      Object Name: 
      Observers: 
        none
      Pointer: 0x7f9064717010
      Container manages memory: true
      Size: 9830400
      Capacity: 9830400

     Weighting = 1
     Sampling strategy = none
     Number of bins = 32
     Radius = 4
     Sampling percentage  = 1
   Transform = SyN
     Gradient step = 0.1
     Update field sigma (voxel space) = 3
     Total field sigma (voxel space) = 0
     Update field time sigma = 0
     Total field time sigma  = 0
     Number of time indices = 0
     Number of time point samples = 0
Registration using 3 total stages.

Stage 0
  iterations = 1000x500x250x100
  convergence threshold = 1e-06
  convergence window size = 10
  number of levels = 4
  using the Mattes MI metric (number of bins = 32, weight = 1, use gradient filter = 0)
  preprocessing:  winsorizing the image intensities
  Shrink factors (level 1 out of 4): [8, 8, 8]
  Shrink factors (level 2 out of 4): [4, 4, 4]
  Shrink factors (level 3 out of 4): [2, 2, 2]
  Shrink factors (level 4 out of 4): [1, 1, 1]
  smoothing sigmas per level: [3, 2, 1, 0]
  regular sampling (percentage = 0.25)

*** Running Euler3DTransform registration ***

DIAGNOSTIC,Iteration,metricValue,convergenceValue,ITERATION_TIME_INDEX,SINCE_LAST
 2DIAGNOSTIC,     1, -5.574233531952e-01, inf, 1.2571e-01, 1.2571e-01, 
 2DIAGNOSTIC,     2, -5.594829916954e-01, inf, 1.3159e-01, 5.8751e-03, 
 2DIAGNOSTIC,     3, -5.635433793068e-01, inf, 1.3760e-01, 6.0089e-03, 
 2DIAGNOSTIC,     4, -5.683487653732e-01, inf, 1.4478e-01, 7.1769e-03, 
 2DIAGNOSTIC,     5, -5.700446367264e-01, inf, 1.5083e-01, 6.0551e-03, 
 2DIAGNOSTIC,     6, -5.715072751045e-01, inf, 1.5700e-01, 6.1688e-03, 
 2DIAGNOSTIC,     7, -5.735121965408e-01, inf, 1.6327e-01, 6.2730e-03, 
 2DIAGNOSTIC,     8, -5.766147971153e-01, inf, 1.6921e-01, 5.9400e-03, 
 2DIAGNOSTIC,     9, -5.830522775650e-01, inf, 1.7494e-01, 5.7230e-03, 
 2DIAGNOSTIC,    10, -5.840753912926e-01, 2.944664331153e-03, 1.9242e-01, 1.7488e-02, 
 2DIAGNOSTIC,    11, -5.860279202461e-01, 2.631301293150e-03, 2.0411e-01, 1.1690e-02, 
 2DIAGNOSTIC,    12, -5.861777067184e-01, 2.226513344795e-03, 2.1071e-01, 6.6011e-03, 
 2DIAGNOSTIC,    13, -5.870598554611e-01, 1.867375685833e-03, 2.1733e-01, 6.6180e-03, 
 2DIAGNOSTIC,    14, -5.892719030380e-01, 1.634636428207e-03, 2.2536e-01, 8.0299e-03, 
 2DIAGNOSTIC,    15, -5.915659666061e-01, 1.413453486748e-03, 2.3186e-01, 6.4969e-03, 
 2DIAGNOSTIC,    16, -5.923612117767e-01, 1.161448541097e-03, 2.4030e-01, 8.4419e-03, 
 2DIAGNOSTIC,    17, -5.926147699356e-01, 8.994468953460e-04, 2.4794e-01, 7.6392e-03, 
 2DIAGNOSTIC,    18, -5.930818915367e-01, 6.783209973946e-04, 2.5602e-01, 8.0810e-03, 
 2DIAGNOSTIC,    19, -5.949686169624e-01, 6.316957296804e-04, 2.6191e-01, 5.8892e-03, 
 2DIAGNOSTIC,    20, -6.232981085777e-01, 1.243233797140e-03, 2.6755e-01, 5.6350e-03, 
 2DIAGNOSTIC,    21, -6.327915787697e-01, 1.923421048559e-03, 2.7387e-01, 6.3281e-03, 
 2DIAGNOSTIC,    22, -6.376439332962e-01, 2.470215782523e-03, 2.8236e-01, 8.4860e-03, 
 2DIAGNOSTIC,    23, -6.418467760086e-01, 2.849555807188e-03, 2.9182e-01, 9.4578e-03, 
 2DIAGNOSTIC,    24, -6.572884321213e-01, 3.276423085481e-03, 2.9761e-01, 5.7909e-03, 
 2DIAGNOSTIC,    25, -6.769804358482e-01, 3.758431412280e-03, 3.0447e-01, 6.8638e-03, 
 2DIAGNOSTIC,    26, -6.815795898438e-01, 3.934017848223e-03, 3.1205e-01, 7.5819e-03, 
 2DIAGNOSTIC,    27, -6.831159591675e-01, 3.769436385483e-03, 3.1782e-01, 5.7640e-03, 
 2DIAGNOSTIC,    28, -6.855532526970e-01, 3.323197131976e-03, 3.2732e-01, 9.5060e-03, 
 2DIAGNOSTIC,    29, -6.868224143982e-01, 2.634822856635e-03, 3.3367e-01, 6.3410e-03, 
 2DIAGNOSTIC,    30, -6.874983906746e-01, 2.191874198616e-03, 3.4120e-01, 7.5319e-03, 
 2DIAGNOSTIC,    31, -6.878429055214e-01, 1.722178887576e-03, 3.4971e-01, 8.5139e-03, 
 2DIAGNOSTIC,    32, -6.882347464561e-01, 1.203606370836e-03, 3.5483e-01, 5.1150e-03, 
 2DIAGNOSTIC,    33, -6.889325976372e-01, 6.722465041094e-04, 3.6464e-01, 9.8102e-03, 
 2DIAGNOSTIC,    34, -6.891012191772e-01, 3.155945742037e-04, 3.7013e-01, 5.4970e-03, 
 2DIAGNOSTIC,    35, -6.892787218094e-01, 2.102161088260e-04, 3.7595e-01, 5.8119e-03, 
 2DIAGNOSTIC,    36, -6.894657015800e-01, 1.521265512565e-04, 3.8245e-01, 6.5069e-03, 
 2DIAGNOSTIC,    37, -6.897243261337e-01, 1.045321187121e-04, 3.9038e-01, 7.9260e-03, 
 2DIAGNOSTIC,    38, -6.899809241295e-01, 8.152329974109e-05, 3.9713e-01, 6.7511e-03, 
 2DIAGNOSTIC,    39, -6.900249123573e-01, 6.718193617417e-05, 4.0250e-01, 5.3709e-03, 
 2DIAGNOSTIC,    40, -6.900988817215e-01, 5.586412225966e-05, 4.0769e-01, 5.1901e-03, 
 2DIAGNOSTIC,    41, -6.904226541519e-01, 4.722190351458e-05, 4.1317e-01, 5.4779e-03, 
 2DIAGNOSTIC,    42, -6.904453039169e-01, 3.873318928527e-05, 4.2074e-01, 7.5700e-03, 
 2DIAGNOSTIC,    43, -6.905393004417e-01, 3.530308094923e-05, 4.2892e-01, 8.1859e-03, 
 2DIAGNOSTIC,    44, -6.904961466789e-01, 3.004915924976e-05, 4.3443e-01, 5.5051e-03, 
 2DIAGNOSTIC,    45, -6.905450224876e-01, 2.452000262565e-05, 4.3986e-01, 5.4328e-03, 
 2DIAGNOSTIC,    46, -6.906200647354e-01, 1.942431663338e-05, 4.4560e-01, 5.7411e-03, 
 2DIAGNOSTIC,    47, -6.906201243401e-01, 1.513236657047e-05, 4.5374e-01, 8.1370e-03, 
 2DIAGNOSTIC,    48, -6.905587911606e-01, 1.150936350314e-05, 4.5925e-01, 5.5120e-03, 
 2DIAGNOSTIC,    49, -6.906124353409e-01, 7.944078788569e-06, 4.6477e-01, 5.5170e-03, 
 2DIAGNOSTIC,    50, -6.907321810722e-01, 5.458407940750e-06, 4.7411e-01, 9.3360e-03, 
 2DIAGNOSTIC,    51, -6.908566951752e-01, 6.456873052230e-06, 4.7926e-01, 5.1551e-03, 
 2DIAGNOSTIC,    52, -6.908641457558e-01, 7.083638593031e-06, 4.8488e-01, 5.6171e-03, 
 2DIAGNOSTIC,    53, -6.908774375916e-01, 8.020213499549e-06, 4.9059e-01, 5.7118e-03, 
 2DIAGNOSTIC,    54, -6.909002661705e-01, 8.047675692069e-06, 4.9555e-01, 4.9620e-03, 
 2DIAGNOSTIC,    55, -6.909445524216e-01, 8.057366358116e-06, 5.0470e-01, 9.1500e-03, 
 2DIAGNOSTIC,    56, -6.909577846527e-01, 8.019548658922e-06, 5.1066e-01, 5.9621e-03, 
 2DIAGNOSTIC,    57, -6.909767389297e-01, 7.450434168277e-06, 5.1613e-01, 5.4710e-03, 
 2DIAGNOSTIC,    58, -6.910189390182e-01, 6.114083134889e-06, 5.2143e-01, 5.2998e-03, 
 2DIAGNOSTIC,    59, -6.916048526764e-01, 9.012845112011e-06, 5.2946e-01, 8.0271e-03, 
 2DIAGNOSTIC,    60, -6.919842958450e-01, 1.448704097129e-05, 5.3517e-01, 5.7070e-03, 
 2DIAGNOSTIC,    61, -6.922164559364e-01, 2.096121716022e-05, 5.4072e-01, 5.5561e-03, 
 2DIAGNOSTIC,    62, -6.925354003906e-01, 2.760023016890e-05, 5.4711e-01, 6.3820e-03, 
 2DIAGNOSTIC,    63, -6.930930018425e-01, 3.533966446412e-05, 5.5405e-01, 6.9392e-03, 
 2DIAGNOSTIC,    64, -6.938775777817e-01, 4.482384247240e-05, 5.5961e-01, 5.5680e-03, 
 2DIAGNOSTIC,    65, -6.940549015999e-01, 5.108804543852e-05, 5.6516e-01, 5.5470e-03, 
 2DIAGNOSTIC,    66, -6.940637826920e-01, 5.253774361336e-05, 5.7632e-01, 1.1156e-02, 
 2DIAGNOSTIC,    67, -6.941497325897e-01, 4.973137038178e-05, 5.8381e-01, 7.4968e-03, 
 2DIAGNOSTIC,    68, -6.942201256752e-01, 4.285312388674e-05, 5.8948e-01, 5.6710e-03, 
 2DIAGNOSTIC,    69, -6.942824721336e-01, 3.605248275562e-05, 5.9858e-01, 9.0990e-03, 
 2DIAGNOSTIC,    70, -6.944155693054e-01, 2.920514634752e-05, 6.0444e-01, 5.8610e-03, 
 2DIAGNOSTIC,    71, -6.944585442543e-01, 2.151437183784e-05, 6.0998e-01, 5.5349e-03, 
 2DIAGNOSTIC,    72, -6.945105791092e-01, 1.422395780537e-05, 6.1738e-01, 7.4000e-03, 
 2DIAGNOSTIC,    73, -6.945310235023e-01, 9.114683962252e-06, 6.2285e-01, 5.4729e-03, 
 2DIAGNOSTIC,    74, -6.945915222168e-01, 8.217183676607e-06, 6.3014e-01, 7.2920e-03, 
 2DIAGNOSTIC,    75, -6.947342157364e-01, 8.428219189227e-06, 6.3578e-01, 5.6310e-03, 
 2DIAGNOSTIC,    76, -6.946977376938e-01, 7.678518159082e-06, 6.4131e-01, 5.5389e-03, 
 2DIAGNOSTIC,    77, -6.948708891869e-01, 7.719653694949e-06, 6.4889e-01, 7.5800e-03, 
 2DIAGNOSTIC,    78, -6.950224637985e-01, 8.262893061328e-06, 6.5548e-01, 6.5811e-03, 
 2DIAGNOSTIC,    79, -6.950898170471e-01, 8.703840649105e-06, 6.6093e-01, 5.4572e-03, 
 2DIAGNOSTIC,    80, -6.954810619354e-01, 1.115007307817e-05, 6.6828e-01, 7.3462e-03, 
 2DIAGNOSTIC,    81, -6.957797408104e-01, 1.426163544238e-05, 6.7462e-01, 6.3429e-03, 
 2DIAGNOSTIC,    82, -6.959409117699e-01, 1.705309114186e-05, 6.8102e-01, 6.3970e-03, 
 2DIAGNOSTIC,    83, -6.971768736839e-01, 2.466496516718e-05, 6.8718e-01, 6.1629e-03, 
 2DIAGNOSTIC,    84, -6.979703903198e-01, 3.392954749870e-05, 6.9316e-01, 5.9769e-03, 
 2DIAGNOSTIC,    85, -6.986336112022e-01, 4.374837953947e-05, 6.9905e-01, 5.8951e-03, 
 2DIAGNOSTIC,    86, -6.987342834473e-01, 4.946536500938e-05, 7.0456e-01, 5.5032e-03, 
 2DIAGNOSTIC,    87, -6.991049051285e-01, 5.303641592036e-05, 7.1277e-01, 8.2171e-03, 
 2DIAGNOSTIC,    88, -6.994718313217e-01, 5.387785495259e-05, 7.2110e-01, 8.3270e-03, 
 2DIAGNOSTIC,    89, -6.994935274124e-01, 4.981230449630e-05, 7.2663e-01, 5.5318e-03, 
 2DIAGNOSTIC,    90, -6.995683312416e-01, 4.331599120633e-05, 7.3200e-01, 5.3680e-03, 
 2DIAGNOSTIC,    91, -6.997104287148e-01, 3.498695150483e-05, 7.3745e-01, 5.4460e-03, 
 2DIAGNOSTIC,    92, -6.998538970947e-01, 2.479294926161e-05, 7.4795e-01, 1.0499e-02, 
 2DIAGNOSTIC,    93, -7.001175284386e-01, 1.924094249262e-05, 7.5784e-01, 9.8982e-03, 
 2DIAGNOSTIC,    94, -7.002632617950e-01, 1.616631379875e-05, 7.6891e-01, 1.1068e-02, 
 2DIAGNOSTIC,    95, -7.003151178360e-01, 1.486764176661e-05, 7.7880e-01, 9.8891e-03, 
 2DIAGNOSTIC,    96, -7.003157734871e-01, 1.262232581212e-05, 7.8426e-01, 5.4619e-03, 
 2DIAGNOSTIC,    97, -7.003372311592e-01, 1.091381363949e-05, 7.9121e-01, 6.9439e-03, 
 2DIAGNOSTIC,    98, -7.003580927849e-01, 9.890119144984e-06, 7.9794e-01, 6.7320e-03, 
 2DIAGNOSTIC,    99, -7.003596425056e-01, 8.054787031142e-06, 8.0381e-01, 5.8720e-03, 
 2DIAGNOSTIC,   100, -7.003678679466e-01, 5.868211701454e-06, 8.0943e-01, 5.6210e-03, 
 2DIAGNOSTIC,   101, -7.003812193871e-01, 3.850120265270e-06, 8.1499e-01, 5.5571e-03, 
 2DIAGNOSTIC,   102, -7.004029750824e-01, 2.196632294726e-06, 8.2159e-01, 6.6020e-03, 
 2DIAGNOSTIC,   103, -7.004157900810e-01, 1.516637894383e-06, 8.3121e-01, 9.6171e-03, 
 2DIAGNOSTIC,   104, -7.004190087318e-01, 1.337438902738e-06, 8.3671e-01, 5.5051e-03, 
 2DIAGNOSTIC,   105, -7.004237771034e-01, 1.295094875786e-06, 8.4228e-01, 5.5711e-03, 
 2DIAGNOSTIC,   106, -7.004306912422e-01, 1.186806343867e-06, 8.4827e-01, 5.9881e-03, 
 2DIAGNOSTIC,   107, -7.004459500313e-01, 1.137419189945e-06, 8.6113e-01, 1.2856e-02, 
 2DIAGNOSTIC,   108, -7.004458308220e-01, 1.088956992135e-06, 8.6752e-01, 6.3951e-03, 
DIAGNOSTIC,Iteration,metricValue,convergenceValue,ITERATION_TIME_INDEX,SINCE_LAST
 2DIAGNOSTIC,     1, -5.815800428391e-01, inf, 1.0169e+00, 1.4940e-01, 
 2DIAGNOSTIC,     2, -5.819793343544e-01, inf, 1.0349e+00, 1.7945e-02, 
 2DIAGNOSTIC,     3, -5.824453234673e-01, inf, 1.0556e+00, 2.0724e-02, 
 2DIAGNOSTIC,     4, -5.826588273048e-01, inf, 1.0694e+00, 1.3825e-02, 
 2DIAGNOSTIC,     5, -5.830393433571e-01, inf, 1.0804e+00, 1.1005e-02, 
 2DIAGNOSTIC,     6, -5.838708877563e-01, inf, 1.0903e+00, 9.9261e-03, 
 2DIAGNOSTIC,     7, -5.852689146996e-01, inf, 1.1013e+00, 1.0939e-02, 
 2DIAGNOSTIC,     8, -5.854490399361e-01, inf, 1.1112e+00, 9.9030e-03, 
 2DIAGNOSTIC,     9, -5.854805707932e-01, inf, 1.1194e+00, 8.1680e-03, 
 2DIAGNOSTIC,    10, -5.854839086533e-01, 5.108795594424e-04, 1.1282e+00, 8.8501e-03, 
 2DIAGNOSTIC,    11, -5.854793787003e-01, 4.229092737660e-04, 1.1363e+00, 8.1270e-03, 
 2DIAGNOSTIC,    12, -5.854734182358e-01, 3.266690182500e-04, 1.1443e+00, 7.9761e-03, 
 2DIAGNOSTIC,    13, -5.854698419571e-01, 2.334679011256e-04, 1.1534e+00, 9.0561e-03, 
 2DIAGNOSTIC,    14, -5.854961872101e-01, 1.416817249265e-04, 1.1628e+00, 9.4450e-03, 
 2DIAGNOSTIC,    15, -5.855042934418e-01, 6.186969403643e-05, 1.1710e+00, 8.1680e-03, 
 2DIAGNOSTIC,    16, -5.855309367180e-01, 1.152720778919e-05, 1.1793e+00, 8.3661e-03, 
 2DIAGNOSTIC,    17, -5.855778455734e-01, 7.434320650646e-06, 1.1881e+00, 8.7099e-03, 
 2DIAGNOSTIC,    18, -5.856127738953e-01, 9.042791134561e-06, 1.2003e+00, 1.2212e-02, 
 2DIAGNOSTIC,    19, -5.856240987778e-01, 1.088625867851e-05, 1.2092e+00, 8.9529e-03, 
 2DIAGNOSTIC,    20, -5.856301784515e-01, 1.193104526465e-05, 1.2171e+00, 7.8890e-03, 
 2DIAGNOSTIC,    21, -5.856347680092e-01, 1.192458421428e-05, 1.2251e+00, 7.9861e-03, 
 2DIAGNOSTIC,    22, -5.856396555901e-01, 1.091574722523e-05, 1.2328e+00, 7.6590e-03, 
 2DIAGNOSTIC,    23, -5.856581330299e-01, 9.402385330759e-06, 1.2423e+00, 9.5010e-03, 
 2DIAGNOSTIC,    24, -5.856713652611e-01, 8.067557246250e-06, 1.2513e+00, 9.0261e-03, 
 2DIAGNOSTIC,    25, -5.856699943542e-01, 6.340287200146e-06, 1.2634e+00, 1.2088e-02, 
 2DIAGNOSTIC,    26, -5.856727361679e-01, 4.812113729713e-06, 1.2739e+00, 1.0492e-02, 
 2DIAGNOSTIC,    27, -5.856744050980e-01, 3.919021764887e-06, 1.2822e+00, 8.3430e-03, 
 2DIAGNOSTIC,    28, -5.856773853302e-01, 3.478972075754e-06, 1.2903e+00, 8.0700e-03, 
 2DIAGNOSTIC,    29, -5.856996774673e-01, 3.405571305848e-06, 1.2980e+00, 7.7500e-03, 
 2DIAGNOSTIC,    30, -5.857067704201e-01, 3.326038950036e-06, 1.3075e+00, 9.4271e-03, 
 2DIAGNOSTIC,    31, -5.857191085815e-01, 3.308307213956e-06, 1.3221e+00, 1.4616e-02, 
 2DIAGNOSTIC,    32, -5.857238769531e-01, 3.216882078050e-06, 1.3302e+00, 8.1720e-03, 
 2DIAGNOSTIC,    33, -5.857275128365e-01, 3.240453679609e-06, 1.3380e+00, 7.7388e-03, 
 2DIAGNOSTIC,    34, -5.857317447662e-01, 3.293855343145e-06, 1.3467e+00, 8.7678e-03, 
 2DIAGNOSTIC,    35, -5.857502818108e-01, 3.354858108651e-06, 1.3548e+00, 8.0891e-03, 
 2DIAGNOSTIC,    36, -5.857531428337e-01, 3.251227553847e-06, 1.3643e+00, 9.4361e-03, 
 2DIAGNOSTIC,    37, -5.857526063919e-01, 2.947683924504e-06, 1.3735e+00, 9.2511e-03, 
 2DIAGNOSTIC,    38, -5.857542753220e-01, 2.519566578485e-06, 1.3831e+00, 9.6209e-03, 
 2DIAGNOSTIC,    39, -5.857453942299e-01, 2.118453494404e-06, 1.3919e+00, 8.7352e-03, 
 2DIAGNOSTIC,    40, -5.857457518578e-01, 1.699938934507e-06, 1.4012e+00, 9.2850e-03, 
 2DIAGNOSTIC,    41, -5.857369899750e-01, 1.255248776033e-06, 1.4090e+00, 7.8852e-03, 
DIAGNOSTIC,Iteration,metricValue,convergenceValue,ITERATION_TIME_INDEX,SINCE_LAST
 2DIAGNOSTIC,     1, -5.168434381485e-01, inf, 1.7111e+00, 3.0208e-01, 
 2DIAGNOSTIC,     2, -5.169470310211e-01, inf, 1.7743e+00, 6.3203e-02, 
 2DIAGNOSTIC,     3, -5.170122981071e-01, inf, 1.8252e+00, 5.0839e-02, 
 2DIAGNOSTIC,     4, -5.170911550522e-01, inf, 1.8722e+00, 4.6993e-02, 
 2DIAGNOSTIC,     5, -5.171966552734e-01, inf, 1.9264e+00, 5.4218e-02, 
 2DIAGNOSTIC,     6, -5.172886252403e-01, inf, 1.9674e+00, 4.0978e-02, 
 2DIAGNOSTIC,     7, -5.173376798630e-01, inf, 2.0027e+00, 3.5371e-02, 
 2DIAGNOSTIC,     8, -5.174154639244e-01, inf, 2.0376e+00, 3.4880e-02, 
 2DIAGNOSTIC,     9, -5.174863338470e-01, inf, 2.0837e+00, 4.6104e-02, 
 2DIAGNOSTIC,    10, -5.175316333771e-01, 8.960031846073e-05, 2.1372e+00, 5.3505e-02, 
 2DIAGNOSTIC,    11, -5.175311565399e-01, 7.410040416289e-05, 2.1736e+00, 3.6404e-02, 
 2DIAGNOSTIC,    12, -5.175720453262e-01, 6.146360101411e-05, 2.2144e+00, 4.0768e-02, 
 2DIAGNOSTIC,    13, -5.175926685333e-01, 4.902045111521e-05, 2.2508e+00, 3.6454e-02, 
 2DIAGNOSTIC,    14, -5.176084041595e-01, 3.772483614739e-05, 2.2870e+00, 3.6109e-02, 
 2DIAGNOSTIC,    15, -5.176496505737e-01, 3.002490666404e-05, 2.3242e+00, 3.7291e-02, 
 2DIAGNOSTIC,    16, -5.176947116852e-01, 2.542426591390e-05, 2.3599e+00, 3.5649e-02, 
 2DIAGNOSTIC,    17, -5.177470445633e-01, 2.242114169348e-05, 2.4174e+00, 5.7455e-02, 
 2DIAGNOSTIC,    18, -5.177783966064e-01, 2.111271896865e-05, 2.4528e+00, 3.5444e-02, 
 2DIAGNOSTIC,    19, -5.177839398384e-01, 2.033931559708e-05, 2.4882e+00, 3.5414e-02, 
 2DIAGNOSTIC,    20, -5.177947282791e-01, 1.947652890522e-05, 2.5246e+00, 3.6349e-02, 
 2DIAGNOSTIC,    21, -5.178111195564e-01, 1.740658262861e-05, 2.5737e+00, 4.9092e-02, 
 2DIAGNOSTIC,    22, -5.178192853928e-01, 1.523722767161e-05, 2.6090e+00, 3.5353e-02, 
 2DIAGNOSTIC,    23, -5.178228616714e-01, 1.254840844922e-05, 2.6441e+00, 3.5101e-02, 
 2DIAGNOSTIC,    24, -5.178326964378e-01, 9.627528015699e-06, 2.6793e+00, 3.5171e-02, 
 2DIAGNOSTIC,    25, -5.178515911102e-01, 7.470644959540e-06, 2.7144e+00, 3.5106e-02, 
 2DIAGNOSTIC,    26, -5.178806185722e-01, 6.424900220736e-06, 2.7679e+00, 5.3553e-02, 
 2DIAGNOSTIC,    27, -5.178833603859e-01, 6.060291980248e-06, 2.8059e+00, 3.7985e-02, 
 2DIAGNOSTIC,    28, -5.178933739662e-01, 6.086101620895e-06, 2.8406e+00, 3.4727e-02, 
 2DIAGNOSTIC,    29, -5.179037451744e-01, 5.943870291958e-06, 2.8754e+00, 3.4727e-02, 
 2DIAGNOSTIC,    30, -5.179303884506e-01, 6.021353783581e-06, 2.9159e+00, 4.0494e-02, 
 2DIAGNOSTIC,    31, -5.179474949837e-01, 6.198572464200e-06, 2.9607e+00, 4.4807e-02, 
 2DIAGNOSTIC,    32, -5.180278420448e-01, 7.395598913718e-06, 3.0186e+00, 5.7925e-02, 
 2DIAGNOSTIC,    33, -5.180299282074e-01, 7.982888746483e-06, 3.0619e+00, 4.3299e-02, 
 2DIAGNOSTIC,    34, -5.180297493935e-01, 8.036987310334e-06, 3.1066e+00, 4.4730e-02, 
 2DIAGNOSTIC,    35, -5.180290937424e-01, 7.701776667091e-06, 3.1532e+00, 4.6538e-02, 
 2DIAGNOSTIC,    36, -5.180286169052e-01, 7.168157480919e-06, 3.2025e+00, 4.9333e-02, 
 2DIAGNOSTIC,    37, -5.180295109749e-01, 6.102222414484e-06, 3.2442e+00, 4.1693e-02, 
 2DIAGNOSTIC,    38, -5.180284976959e-01, 4.722131961898e-06, 3.2845e+00, 4.0354e-02, 
 2DIAGNOSTIC,    39, -5.180276632309e-01, 3.187913534930e-06, 3.3295e+00, 4.4950e-02, 
 2DIAGNOSTIC,    40, -5.180276632309e-01, 1.877518798210e-06, 3.3703e+00, 4.0846e-02, 
DIAGNOSTIC,Iteration,metricValue,convergenceValue,ITERATION_TIME_INDEX,SINCE_LAST
 2DIAGNOSTIC,     1, -4.744182527065e-01, inf, 4.1012e+00, 7.3085e-01, 
 2DIAGNOSTIC,     2, -4.744694232941e-01, inf, 4.3194e+00, 2.1817e-01, 
 2DIAGNOSTIC,     3, -4.744945764542e-01, inf, 4.5342e+00, 2.1488e-01, 
 2DIAGNOSTIC,     4, -4.745189845562e-01, inf, 4.7410e+00, 2.0673e-01, 
 2DIAGNOSTIC,     5, -4.745620191097e-01, inf, 5.0598e+00, 3.1885e-01, 
 2DIAGNOSTIC,     6, -4.745672047138e-01, inf, 5.2998e+00, 2.3998e-01, 
 2DIAGNOSTIC,     7, -4.745694696903e-01, inf, 5.5221e+00, 2.2228e-01, 
 2DIAGNOSTIC,     8, -4.745774567127e-01, inf, 5.7447e+00, 2.2260e-01, 
 2DIAGNOSTIC,     9, -4.745932817459e-01, inf, 5.9520e+00, 2.0733e-01, 
 2DIAGNOSTIC,    10, -4.746079146862e-01, 2.596873491711e-05, 6.3046e+00, 3.5253e-01, 
 2DIAGNOSTIC,    11, -4.746088683605e-01, 1.912825609907e-05, 6.5723e+00, 2.6771e-01, 
 2DIAGNOSTIC,    12, -4.746079742908e-01, 1.451111074857e-05, 6.8144e+00, 2.4212e-01, 
 2DIAGNOSTIC,    13, -4.746076762676e-01, 1.067749872163e-05, 7.0450e+00, 2.3063e-01, 
 2DIAGNOSTIC,    14, -4.746073484421e-01, 7.611141427333e-06, 7.2833e+00, 2.3830e-01, 
 2DIAGNOSTIC,    15, -4.746072888374e-01, 6.169728294481e-06, 7.5139e+00, 2.3061e-01, 
 2DIAGNOSTIC,    16, -4.746070802212e-01, 4.731547960546e-06, 7.8080e+00, 2.9406e-01, 
 2DIAGNOSTIC,    17, -4.746066629887e-01, 3.282629904788e-06, 8.0929e+00, 2.8493e-01, 
 2DIAGNOSTIC,    18, -4.746067225933e-01, 2.123948206645e-06, 8.3745e+00, 2.8163e-01, 
 2DIAGNOSTIC,    19, -4.746068716049e-01, 1.544271299281e-06, 8.6125e+00, 2.3791e-01, 
 2DIAGNOSTIC,    20, -4.746066033840e-01, 1.463280796088e-06, 8.8447e+00, 2.3221e-01, 
 2DIAGNOSTIC,    21, -4.746063351631e-01, 1.422339323653e-06, 9.1099e+00, 2.6527e-01, 
 2DIAGNOSTIC,    22, -4.746063947678e-01, 1.371535631733e-06, 9.3491e+00, 2.3919e-01, 
 2DIAGNOSTIC,    23, -4.746063947678e-01, 1.324252366430e-06, 9.5931e+00, 2.4394e-01, 
 2DIAGNOSTIC,    24, -4.746063053608e-01, 1.275693080061e-06, 9.8410e+00, 2.4788e-01, 
 2DIAGNOSTIC,    25, -4.746063649654e-01, 1.235944637301e-06, 1.0080e+01, 2.3898e-01, 
 2DIAGNOSTIC,    26, -4.746063053608e-01, 1.196917651214e-06, 1.0325e+01, 2.4510e-01, 
 2DIAGNOSTIC,    27, -4.746061563492e-01, 1.150655066340e-06, 1.0616e+01, 2.9125e-01, 
 2DIAGNOSTIC,    28, -4.746062159538e-01, 1.112690256377e-06, 1.0854e+01, 2.3800e-01, 
 2DIAGNOSTIC,    29, -4.746060967445e-01, 1.080219135474e-06, 1.1095e+01, 2.4061e-01, 
 2DIAGNOSTIC,    30, -4.746059179306e-01, 1.042763869918e-06, 1.1330e+01, 2.3547e-01, 
 2DIAGNOSTIC,    31, -4.746059179306e-01, 1.004265755000e-06, 1.1575e+01, 2.4457e-01, 
  Elapsed time (stage 0): 1.1804e+01


Stage 1
  iterations = 1000x500x250x100
  convergence threshold = 1.0000e-06
  convergence window size = 10
  number of levels = 4
  using the Mattes MI metric (number of bins = 32, weight = 1.0000e+00, use gradient filter = 0)
  preprocessing:  winsorizing the image intensities
  Shrink factors (level 1 out of 4): [8, 8, 8]
  Shrink factors (level 2 out of 4): [4, 4, 4]
  Shrink factors (level 3 out of 4): [2, 2, 2]
  Shrink factors (level 4 out of 4): [1, 1, 1]
  smoothing sigmas per level: [3, 2, 1, 0]
  regular sampling (percentage = 2.5000e-01)

*** Running AffineTransform registration ***

DIAGNOSTIC,Iteration,metricValue,convergenceValue,ITERATION_TIME_INDEX,SINCE_LAST
 2DIAGNOSTIC,     1, -6.870908141136e-01, inf, 1.1038e-01, 1.1038e-01, 
 2DIAGNOSTIC,     2, -6.890755295753e-01, inf, 1.1882e-01, 8.4312e-03, 
 2DIAGNOSTIC,     3, -6.929537653923e-01, inf, 1.2620e-01, 7.3872e-03, 
 2DIAGNOSTIC,     4, -7.019429206848e-01, inf, 1.3297e-01, 6.7680e-03, 
 2DIAGNOSTIC,     5, -7.227799296379e-01, inf, 1.3961e-01, 6.6419e-03, 
 2DIAGNOSTIC,     6, -7.451480627060e-01, inf, 1.4717e-01, 7.5562e-03, 
 2DIAGNOSTIC,     7, -7.522786855698e-01, inf, 1.5491e-01, 7.7379e-03, 
 2DIAGNOSTIC,     8, -7.580456733704e-01, inf, 1.6352e-01, 8.6141e-03, 
 2DIAGNOSTIC,     9, -7.592567801476e-01, inf, 1.7030e-01, 6.7801e-03, 
 2DIAGNOSTIC,    10, -7.606964111328e-01, 8.128188550472e-03, 1.8065e-01, 1.0354e-02, 
 2DIAGNOSTIC,    11, -7.611825466156e-01, 6.697965320200e-03, 1.8831e-01, 7.6511e-03, 
 2DIAGNOSTIC,    12, -7.609551548958e-01, 4.978504963219e-03, 1.9730e-01, 8.9970e-03, 
 2DIAGNOSTIC,    13, -7.613911032677e-01, 3.221171908081e-03, 2.0857e-01, 1.1265e-02, 
 2DIAGNOSTIC,    14, -7.616353034973e-01, 1.678746542893e-03, 2.1588e-01, 7.3159e-03, 
 2DIAGNOSTIC,    15, -7.619543671608e-01, 7.258193218149e-04, 2.2266e-01, 6.7739e-03, 
 2DIAGNOSTIC,    16, -7.625597715378e-01, 3.778028767556e-04, 2.2921e-01, 6.5560e-03, 
 2DIAGNOSTIC,    17, -7.633713483810e-01, 2.134094102075e-04, 2.3566e-01, 6.4449e-03, 
 2DIAGNOSTIC,    18, -7.640738487244e-01, 1.852610439528e-04, 2.4717e-01, 1.1508e-02, 
 2DIAGNOSTIC,    19, -7.638019919395e-01, 1.611420011614e-04, 2.5457e-01, 7.4048e-03, 
 2DIAGNOSTIC,    20, -7.637784481049e-01, 1.519405777799e-04, 2.6201e-01, 7.4379e-03, 
 2DIAGNOSTIC,    21, -7.639641165733e-01, 1.420279440936e-04, 2.6945e-01, 7.4451e-03, 
 2DIAGNOSTIC,    22, -7.638339996338e-01, 1.131788740167e-04, 2.7593e-01, 6.4750e-03, 
 2DIAGNOSTIC,    23, -7.641819119453e-01, 8.938901737565e-05, 2.8348e-01, 7.5541e-03, 
 2DIAGNOSTIC,    24, -7.645733356476e-01, 6.952610419830e-05, 2.9049e-01, 7.0050e-03, 
 2DIAGNOSTIC,    25, -7.653517723083e-01, 6.148536340334e-05, 3.0539e-01, 1.4900e-02, 
 2DIAGNOSTIC,    26, -7.654240131378e-01, 5.781531217508e-05, 3.1245e-01, 7.0620e-03, 
 2DIAGNOSTIC,    27, -7.656314373016e-01, 6.326273432933e-05, 3.1966e-01, 7.2091e-03, 
 2DIAGNOSTIC,    28, -7.659434080124e-01, 7.633712812094e-05, 3.2684e-01, 7.1840e-03, 
 2DIAGNOSTIC,    29, -7.659010291100e-01, 7.709676719969e-05, 3.3415e-01, 7.3030e-03, 
 2DIAGNOSTIC,    30, -7.657347917557e-01, 6.813596701249e-05, 3.4181e-01, 7.6661e-03, 
 2DIAGNOSTIC,    31, -7.661499381065e-01, 6.097259029048e-05, 3.5573e-01, 1.3921e-02, 
 2DIAGNOSTIC,    32, -7.660975456238e-01, 4.629306204151e-05, 3.6351e-01, 7.7748e-03, 
 2DIAGNOSTIC,    33, -7.669810652733e-01, 4.228085890645e-05, 3.7328e-01, 9.7768e-03, 
 2DIAGNOSTIC,    34, -7.671861648560e-01, 4.079863356310e-05, 3.8101e-01, 7.7209e-03, 
 2DIAGNOSTIC,    35, -7.669272422791e-01, 4.133320908295e-05, 3.8934e-01, 8.3301e-03, 
 2DIAGNOSTIC,    36, -7.669977545738e-01, 3.965054202126e-05, 3.9631e-01, 6.9721e-03, 
 2DIAGNOSTIC,    37, -7.669928669930e-01, 3.625335375546e-05, 4.0527e-01, 8.9591e-03, 
 2DIAGNOSTIC,    38, -7.671975493431e-01, 3.466346242931e-05, 4.1242e-01, 7.1511e-03, 
 2DIAGNOSTIC,    39, -7.674489617348e-01, 3.193645534338e-05, 4.1977e-01, 7.3481e-03, 
 2DIAGNOSTIC,    40, -7.677038908005e-01, 2.722017052292e-05, 4.3204e-01, 1.2277e-02, 
 2DIAGNOSTIC,    41, -7.677152156830e-01, 2.426221362839e-05, 4.3909e-01, 7.0460e-03, 
 2DIAGNOSTIC,    42, -7.677761316299e-01, 1.909316597448e-05, 4.4659e-01, 7.4971e-03, 
 2DIAGNOSTIC,    43, -7.683089375496e-01, 2.471193329256e-05, 4.5480e-01, 8.2171e-03, 
 2DIAGNOSTIC,    44, -7.685505151749e-01, 3.149202530039e-05, 4.6740e-01, 1.2595e-02, 
 2DIAGNOSTIC,    45, -7.685750126839e-01, 3.303950143163e-05, 4.7525e-01, 7.8559e-03, 
 2DIAGNOSTIC,    46, -7.684713006020e-01, 3.128846219624e-05, 4.8301e-01, 7.7572e-03, 
 2DIAGNOSTIC,    47, -7.683690190315e-01, 2.587358540040e-05, 4.9114e-01, 8.1320e-03, 
 2DIAGNOSTIC,    48, -7.683757543564e-01, 1.983470792766e-05, 4.9795e-01, 6.8061e-03, 
 2DIAGNOSTIC,    49, -7.682737112045e-01, 1.323524975305e-05, 5.0499e-01, 7.0429e-03, 
 2DIAGNOSTIC,    50, -7.682919502258e-01, 7.817984624126e-06, 5.1350e-01, 8.5039e-03, 
 2DIAGNOSTIC,    51, -7.683049440384e-01, 2.173360599045e-06, 5.2171e-01, 8.2102e-03, 
DIAGNOSTIC,Iteration,metricValue,convergenceValue,ITERATION_TIME_INDEX,SINCE_LAST
 2DIAGNOSTIC,     1, -6.239277720451e-01, inf, 6.6269e-01, 1.4098e-01, 
 2DIAGNOSTIC,     2, -6.244465708733e-01, inf, 6.7729e-01, 1.4600e-02, 
 2DIAGNOSTIC,     3, -6.250856518745e-01, inf, 6.8852e-01, 1.1239e-02, 
 2DIAGNOSTIC,     4, -6.261146068573e-01, inf, 7.0042e-01, 1.1897e-02, 
 2DIAGNOSTIC,     5, -6.271540522575e-01, inf, 7.1032e-01, 9.8960e-03, 
 2DIAGNOSTIC,     6, -6.277378201485e-01, inf, 7.2049e-01, 1.0174e-02, 
 2DIAGNOSTIC,     7, -6.281352639198e-01, inf, 7.3235e-01, 1.1854e-02, 
 2DIAGNOSTIC,     8, -6.283456087112e-01, inf, 7.4584e-01, 1.3492e-02, 
 2DIAGNOSTIC,     9, -6.283981800079e-01, inf, 7.5770e-01, 1.1859e-02, 
 2DIAGNOSTIC,    10, -6.284140944481e-01, 5.140888970345e-04, 7.6954e-01, 1.1845e-02, 
 2DIAGNOSTIC,    11, -6.285308003426e-01, 3.827562322840e-04, 7.8043e-01, 1.0891e-02, 
 2DIAGNOSTIC,    12, -6.285968422890e-01, 2.613622345962e-04, 7.9048e-01, 1.0052e-02, 
 2DIAGNOSTIC,    13, -6.287091374397e-01, 1.610701292520e-04, 8.0241e-01, 1.1926e-02, 
 2DIAGNOSTIC,    14, -6.287643909454e-01, 9.521909669274e-05, 8.2015e-01, 1.7739e-02, 
 2DIAGNOSTIC,    15, -6.287577152252e-01, 6.061352542019e-05, 8.3347e-01, 1.3317e-02, 
 2DIAGNOSTIC,    16, -6.287774443626e-01, 4.184838326182e-05, 8.4858e-01, 1.5109e-02, 
