---------------------
Profiling information

Pipeline: ants registrationSyN
NTHREAD: 32

DATASET: ds004513
SUBJECT_ID: s037

SIF_IMG: /mnt/lustre/mathdugre/containers/ants-debug.simg
DATA_DIR: /mnt/lustre/mathdugre/mri-bottleneck/datasets/ds004513

PROJECT_DIR: /mnt/lustre/mathdugre/mri-bottleneck
PROFILING_DIR: /mnt/lustre/mathdugre/mri-bottleneck/vtune_output/32-threads/ants/registrationSyN/ds004513/sub-s037/VRPXKvZ7O82YMvudUL9X59HxYqtdSUp7
---------------------

Command to profile: bash tmp-scripts/VRPXKvZ7O82YMvudUL9X59HxYqtdSUp7.sh

--------------------------------------------------------------------------------------
 Mapping parameters
--------------------------------------------------------------------------------------
 ANTSPATH is /opt/ants/bin

 Dimensionality:           3
 Output name prefix:       /data/derivatives/ants/registrationSyN/sub-s037/ses-open/anat/
 Fixed images:             /templateflow/tpl-MNI152NLin2009cAsym//tpl-MNI152NLin2009cAsym_res-01_desc-brain_T1w.nii.gz
 Moving images:            /data/derivatives/fsl/fast/sub-s037/ses-open/anat/BrainExtractionBrain_seg.nii.gz
 Mask images:              
 Initial transforms:       
 Number of threads:        32
 Spline distance:          26
 SyN gradient step:        0.1
 Transform type:           s
 CC radius:                4
 Precision:                d
 Use histogram matching    0
 Repro                     0
======================================================================================
 antsRegistration call:
--------------------------------------------------------------------------------------
/opt/ants/bin/antsRegistration --verbose 1 --dimensionality 3 --float 0 --collapse-output-transforms 1 --output [ /data/derivatives/ants/registrationSyN/sub-s037/ses-open/anat/,/data/derivatives/ants/registrationSyN/sub-s037/ses-open/anat/Warped.nii.gz,/data/derivatives/ants/registrationSyN/sub-s037/ses-open/anat/InverseWarped.nii.gz ] --interpolation Linear --use-histogram-matching 0 --winsorize-image-intensities [ 0.005,0.995 ] --initial-moving-transform [ /templateflow/tpl-MNI152NLin2009cAsym//tpl-MNI152NLin2009cAsym_res-01_desc-brain_T1w.nii.gz,/data/derivatives/fsl/fast/sub-s037/ses-open/anat/BrainExtractionBrain_seg.nii.gz,1 ] --transform Rigid[ 0.1 ] --metric MI[ /templateflow/tpl-MNI152NLin2009cAsym//tpl-MNI152NLin2009cAsym_res-01_desc-brain_T1w.nii.gz,/data/derivatives/fsl/fast/sub-s037/ses-open/anat/BrainExtractionBrain_seg.nii.gz,1,32,Regular,0.25 ] --convergence [ 1000x500x250x100,1e-6,10 ] --shrink-factors 8x4x2x1 --smoothing-sigmas 3x2x1x0vox --transform Affine[ 0.1 ] --metric MI[ /templateflow/tpl-MNI152NLin2009cAsym//tpl-MNI152NLin2009cAsym_res-01_desc-brain_T1w.nii.gz,/data/derivatives/fsl/fast/sub-s037/ses-open/anat/BrainExtractionBrain_seg.nii.gz,1,32,Regular,0.25 ] --convergence [ 1000x500x250x100,1e-6,10 ] --shrink-factors 8x4x2x1 --smoothing-sigmas 3x2x1x0vox --transform SyN[ 0.1,3,0 ] --metric CC[ /templateflow/tpl-MNI152NLin2009cAsym//tpl-MNI152NLin2009cAsym_res-01_desc-brain_T1w.nii.gz,/data/derivatives/fsl/fast/sub-s037/ses-open/anat/BrainExtractionBrain_seg.nii.gz,1,4 ] --convergence [ 100x70x50x20,1e-6,10 ] --shrink-factors 8x4x2x1 --smoothing-sigmas 3x2x1x0vox
--------------------------------------------------------------------------------------
All_Command_lines_OK
Using double precision for computations.
=============================================================================
The composite transform comprises the following transforms (in order): 
  1. Center of mass alignment using fixed image: /templateflow/tpl-MNI152NLin2009cAsym//tpl-MNI152NLin2009cAsym_res-01_desc-brain_T1w.nii.gz and moving image: /data/derivatives/fsl/fast/sub-s037/ses-open/anat/BrainExtractionBrain_seg.nii.gz (type = Euler3DTransform)
=============================================================================
  number of levels = 4
  number of levels = 4
  number of levels = 4
  fixed image: /templateflow/tpl-MNI152NLin2009cAsym//tpl-MNI152NLin2009cAsym_res-01_desc-brain_T1w.nii.gz
  moving image: /data/derivatives/fsl/fast/sub-s037/ses-open/anat/BrainExtractionBrain_seg.nii.gz
  fixed image: /templateflow/tpl-MNI152NLin2009cAsym//tpl-MNI152NLin2009cAsym_res-01_desc-brain_T1w.nii.gz
  moving image: /data/derivatives/fsl/fast/sub-s037/ses-open/anat/BrainExtractionBrain_seg.nii.gz
  fixed image: /templateflow/tpl-MNI152NLin2009cAsym//tpl-MNI152NLin2009cAsym_res-01_desc-brain_T1w.nii.gz
  moving image: /data/derivatives/fsl/fast/sub-s037/ses-open/anat/BrainExtractionBrain_seg.nii.gz
Dimension = 3
Number of stages = 3
Use histogram matching = false
Winsorize image intensities = true
  Lower quantile = 0.005
  Upper quantile = 0.995


Stage 1 State
   Image metric = Mattes
     Fixed image = Image (0x5608a0f49f70)
  RTTI typeinfo:   itk::Image<double, 3u>
  Reference Count: 2
  Modified Time: 1717
  Debug: Off
  Object Name: 
  Observers: 
    none
  Source: (none)
  Source output name: (none)
  Release Data: Off
  Data Released: False
  Global Release Data: Off
  PipelineMTime: 0
  UpdateMTime: 1502
  RealTimeStamp: 0 seconds 
  LargestPossibleRegion: 
    Dimension: 3
    Index: [0, 0, 0]
    Size: [193, 229, 193]
  BufferedRegion: 
    Dimension: 3
    Index: [0, 0, 0]
    Size: [193, 229, 193]
  RequestedRegion: 
    Dimension: 3
    Index: [0, 0, 0]
    Size: [193, 229, 193]
  Spacing: [1, 1, 1]
  Origin: [96, 132, -78]
  Direction: 
-1 0 0
0 -1 0
0 0 1

  IndexToPointMatrix: 
-1 0 0
0 -1 0
0 0 1

  PointToIndexMatrix: 
-1 0 0
0 -1 0
0 0 1

  Inverse Direction: 
-1 0 0
0 -1 0
0 0 1

  PixelContainer: 
    ImportImageContainer (0x5608a0f52cf0)
      RTTI typeinfo:   itk::ImportImageContainer<unsigned long, double>
      Reference Count: 1
      Modified Time: 1499
      Debug: Off
      Object Name: 
      Observers: 
        none
      Pointer: 0x7f8734fc3010
      Container manages memory: true
      Size: 8530021
      Capacity: 8530021

     Moving image = Image (0x5608a0f4bde0)
  RTTI typeinfo:   itk::Image<double, 3u>
  Reference Count: 2
  Modified Time: 1718
  Debug: Off
  Object Name: 
  Observers: 
    none
  Source: (none)
  Source output name: (none)
  Release Data: Off
  Data Released: False
  Global Release Data: Off
  PipelineMTime: 0
  UpdateMTime: 1715
  RealTimeStamp: 0 seconds 
  LargestPossibleRegion: 
    Dimension: 3
    Index: [0, 0, 0]
    Size: [160, 240, 256]
  BufferedRegion: 
    Dimension: 3
    Index: [0, 0, 0]
    Size: [160, 240, 256]
  RequestedRegion: 
    Dimension: 3
    Index: [0, 0, 0]
    Size: [160, 240, 256]
  Spacing: [1, 1, 1]
  Origin: [87.9508, 102.562, -147.639]
  Direction: 
-0.998659 -0.0436121 -0.0279129
0.043595 -0.999049 0.00121847
-0.0279395 -2.65543e-08 0.99961

  IndexToPointMatrix: 
-0.998659 -0.0436121 -0.0279129
0.043595 -0.999049 0.00121847
-0.0279395 -2.65543e-08 0.99961

  PointToIndexMatrix: 
-0.998659 0.043595 -0.0279395
-0.0436121 -0.999049 -2.65517e-08
-0.0279129 0.00121847 0.99961

  Inverse Direction: 
-0.998659 0.043595 -0.0279395
-0.0436121 -0.999049 -2.65517e-08
-0.0279129 0.00121847 0.99961

  PixelContainer: 
    ImportImageContainer (0x5608a0f51b40)
      RTTI typeinfo:   itk::ImportImageContainer<unsigned long, double>
      Reference Count: 1
      Modified Time: 1712
      Debug: Off
      Object Name: 
      Observers: 
        none
      Pointer: 0x7f87304c2010
      Container manages memory: true
      Size: 9830400
      Capacity: 9830400

     Weighting = 1
     Sampling strategy = regular
     Number of bins = 32
     Radius = 4
     Sampling percentage  = 0.25
   Transform = Rigid
     Gradient step = 0.1
     Update field sigma (voxel space) = 0
     Total field sigma (voxel space) = 0
     Update field time sigma = 0
     Total field time sigma  = 0
     Number of time indices = 0
     Number of time point samples = 0
Stage 2 State
   Image metric = Mattes
     Fixed image = Image (0x5608a10055c0)
  RTTI typeinfo:   itk::Image<double, 3u>
  Reference Count: 2
  Modified Time: 2145
  Debug: Off
  Object Name: 
  Observers: 
    none
  Source: (none)
  Source output name: (none)
  Release Data: Off
  Data Released: False
  Global Release Data: Off
  PipelineMTime: 0
  UpdateMTime: 1930
  RealTimeStamp: 0 seconds 
  LargestPossibleRegion: 
    Dimension: 3
    Index: [0, 0, 0]
    Size: [193, 229, 193]
  BufferedRegion: 
    Dimension: 3
    Index: [0, 0, 0]
    Size: [193, 229, 193]
  RequestedRegion: 
    Dimension: 3
    Index: [0, 0, 0]
    Size: [193, 229, 193]
  Spacing: [1, 1, 1]
  Origin: [96, 132, -78]
  Direction: 
-1 0 0
0 -1 0
0 0 1

  IndexToPointMatrix: 
-1 0 0
0 -1 0
0 0 1

  PointToIndexMatrix: 
-1 0 0
0 -1 0
0 0 1

  Inverse Direction: 
-1 0 0
0 -1 0
0 0 1

  PixelContainer: 
    ImportImageContainer (0x5608a0f4ee50)
      RTTI typeinfo:   itk::ImportImageContainer<unsigned long, double>
      Reference Count: 1
      Modified Time: 1927
      Debug: Off
      Object Name: 
      Observers: 
        none
      Pointer: 0x7f872c3ad010
      Container manages memory: true
      Size: 8530021
      Capacity: 8530021

     Moving image = Image (0x5608a0f7cdc0)
  RTTI typeinfo:   itk::Image<double, 3u>
  Reference Count: 2
  Modified Time: 2146
  Debug: Off
  Object Name: 
  Observers: 
    none
  Source: (none)
  Source output name: (none)
  Release Data: Off
  Data Released: False
  Global Release Data: Off
  PipelineMTime: 0
  UpdateMTime: 2143
  RealTimeStamp: 0 seconds 
  LargestPossibleRegion: 
    Dimension: 3
    Index: [0, 0, 0]
    Size: [160, 240, 256]
  BufferedRegion: 
    Dimension: 3
    Index: [0, 0, 0]
    Size: [160, 240, 256]
  RequestedRegion: 
    Dimension: 3
    Index: [0, 0, 0]
    Size: [160, 240, 256]
  Spacing: [1, 1, 1]
  Origin: [87.9508, 102.562, -147.639]
  Direction: 
-0.998659 -0.0436121 -0.0279129
0.043595 -0.999049 0.00121847
-0.0279395 -2.65543e-08 0.99961

  IndexToPointMatrix: 
-0.998659 -0.0436121 -0.0279129
0.043595 -0.999049 0.00121847
-0.0279395 -2.65543e-08 0.99961

  PointToIndexMatrix: 
-0.998659 0.043595 -0.0279395
-0.0436121 -0.999049 -2.65517e-08
-0.0279129 0.00121847 0.99961

  Inverse Direction: 
-0.998659 0.043595 -0.0279395
-0.0436121 -0.999049 -2.65517e-08
-0.0279129 0.00121847 0.99961

  PixelContainer: 
    ImportImageContainer (0x5608a0f7bbc0)
      RTTI typeinfo:   itk::ImportImageContainer<unsigned long, double>
      Reference Count: 1
      Modified Time: 2140
      Debug: Off
      Object Name: 
      Observers: 
        none
      Pointer: 0x7f87278ac010
      Container manages memory: true
      Size: 9830400
      Capacity: 9830400

     Weighting = 1
     Sampling strategy = regular
     Number of bins = 32
     Radius = 4
     Sampling percentage  = 0.25
   Transform = Affine
     Gradient step = 0.1
     Update field sigma (voxel space) = 0
     Total field sigma (voxel space) = 0
     Update field time sigma = 0
     Total field time sigma  = 0
     Number of time indices = 0
     Number of time point samples = 0
Stage 3 State
   Image metric = CC
     Fixed image = Image (0x5608a0f7a710)
  RTTI typeinfo:   itk::Image<double, 3u>
  Reference Count: 2
  Modified Time: 2573
  Debug: Off
  Object Name: 
  Observers: 
    none
  Source: (none)
  Source output name: (none)
  Release Data: Off
  Data Released: False
  Global Release Data: Off
  PipelineMTime: 0
  UpdateMTime: 2358
  RealTimeStamp: 0 seconds 
  LargestPossibleRegion: 
    Dimension: 3
    Index: [0, 0, 0]
    Size: [193, 229, 193]
  BufferedRegion: 
    Dimension: 3
    Index: [0, 0, 0]
    Size: [193, 229, 193]
  RequestedRegion: 
    Dimension: 3
    Index: [0, 0, 0]
    Size: [193, 229, 193]
  Spacing: [1, 1, 1]
  Origin: [96, 132, -78]
  Direction: 
-1 0 0
0 -1 0
0 0 1

  IndexToPointMatrix: 
-1 0 0
0 -1 0
0 0 1

  PointToIndexMatrix: 
-1 0 0
0 -1 0
0 0 1

  Inverse Direction: 
-1 0 0
0 -1 0
0 0 1

  PixelContainer: 
    ImportImageContainer (0x5608a10051f0)
      RTTI typeinfo:   itk::ImportImageContainer<unsigned long, double>
      Reference Count: 1
      Modified Time: 2355
      Debug: Off
      Object Name: 
      Observers: 
        none
      Pointer: 0x7f8723797010
      Container manages memory: true
      Size: 8530021
      Capacity: 8530021

     Moving image = Image (0x5608a0feb8f0)
  RTTI typeinfo:   itk::Image<double, 3u>
  Reference Count: 2
  Modified Time: 2574
  Debug: Off
  Object Name: 
  Observers: 
    none
  Source: (none)
  Source output name: (none)
  Release Data: Off
  Data Released: False
  Global Release Data: Off
  PipelineMTime: 0
  UpdateMTime: 2571
  RealTimeStamp: 0 seconds 
  LargestPossibleRegion: 
    Dimension: 3
    Index: [0, 0, 0]
    Size: [160, 240, 256]
  BufferedRegion: 
    Dimension: 3
    Index: [0, 0, 0]
    Size: [160, 240, 256]
  RequestedRegion: 
    Dimension: 3
    Index: [0, 0, 0]
    Size: [160, 240, 256]
  Spacing: [1, 1, 1]
  Origin: [87.9508, 102.562, -147.639]
  Direction: 
-0.998659 -0.0436121 -0.0279129
0.043595 -0.999049 0.00121847
-0.0279395 -2.65543e-08 0.99961

  IndexToPointMatrix: 
-0.998659 -0.0436121 -0.0279129
0.043595 -0.999049 0.00121847
-0.0279395 -2.65543e-08 0.99961

  PointToIndexMatrix: 
-0.998659 0.043595 -0.0279395
-0.0436121 -0.999049 -2.65517e-08
-0.0279129 0.00121847 0.99961

  Inverse Direction: 
-0.998659 0.043595 -0.0279395
-0.0436121 -0.999049 -2.65517e-08
-0.0279129 0.00121847 0.99961

  PixelContainer: 
    ImportImageContainer (0x5608a0f9d910)
      RTTI typeinfo:   itk::ImportImageContainer<unsigned long, double>
      Reference Count: 1
      Modified Time: 2568
      Debug: Off
      Object Name: 
      Observers: 
        none
      Pointer: 0x7f871ec96010
      Container manages memory: true
      Size: 9830400
      Capacity: 9830400

     Weighting = 1
     Sampling strategy = none
     Number of bins = 32
     Radius = 4
     Sampling percentage  = 1
   Transform = SyN
     Gradient step = 0.1
     Update field sigma (voxel space) = 3
     Total field sigma (voxel space) = 0
     Update field time sigma = 0
     Total field time sigma  = 0
     Number of time indices = 0
     Number of time point samples = 0
Registration using 3 total stages.

Stage 0
  iterations = 1000x500x250x100
  convergence threshold = 1e-06
  convergence window size = 10
  number of levels = 4
  using the Mattes MI metric (number of bins = 32, weight = 1, use gradient filter = 0)
  preprocessing:  winsorizing the image intensities
  Shrink factors (level 1 out of 4): [8, 8, 8]
  Shrink factors (level 2 out of 4): [4, 4, 4]
  Shrink factors (level 3 out of 4): [2, 2, 2]
  Shrink factors (level 4 out of 4): [1, 1, 1]
  smoothing sigmas per level: [3, 2, 1, 0]
  regular sampling (percentage = 0.25)

*** Running Euler3DTransform registration ***

DIAGNOSTIC,Iteration,metricValue,convergenceValue,ITERATION_TIME_INDEX,SINCE_LAST
 2DIAGNOSTIC,     1, -4.466616806380e-01, 1.797693134862e+308, 1.3641e-01, 1.3641e-01, 
 2DIAGNOSTIC,     2, -4.478227230531e-01, 1.797693134862e+308, 1.4287e-01, 6.4569e-03, 
 2DIAGNOSTIC,     3, -4.502657800000e-01, 1.797693134862e+308, 1.4921e-01, 6.3441e-03, 
 2DIAGNOSTIC,     4, -4.528888464856e-01, 1.797693134862e+308, 1.5534e-01, 6.1250e-03, 
 2DIAGNOSTIC,     5, -4.537936069200e-01, 1.797693134862e+308, 1.6312e-01, 7.7858e-03, 
 2DIAGNOSTIC,     6, -4.561975384724e-01, 1.797693134862e+308, 1.7027e-01, 7.1502e-03, 
 2DIAGNOSTIC,     7, -4.770195047236e-01, 1.797693134862e+308, 1.7681e-01, 6.5401e-03, 
 2DIAGNOSTIC,     8, -4.828551954878e-01, 1.797693134862e+308, 1.8345e-01, 6.6359e-03, 
 2DIAGNOSTIC,     9, -4.931512344401e-01, 1.797693134862e+308, 1.9359e-01, 1.0143e-02, 
 2DIAGNOSTIC,    10, -4.974108565121e-01, 7.623343209323e-03, 2.0285e-01, 9.2618e-03, 
 2DIAGNOSTIC,    11, -5.003121095875e-01, 7.658764387820e-03, 2.1099e-01, 8.1360e-03, 
 2DIAGNOSTIC,    12, -5.064574641620e-01, 7.350711464812e-03, 2.1960e-01, 8.6131e-03, 
 2DIAGNOSTIC,    13, -5.079711441840e-01, 6.599700033183e-03, 2.2822e-01, 8.6181e-03, 
 2DIAGNOSTIC,    14, -5.085613047964e-01, 5.511763454606e-03, 2.3593e-01, 7.7140e-03, 
 2DIAGNOSTIC,    15, -5.088449767942e-01, 4.133937343733e-03, 2.4361e-01, 7.6721e-03, 
 2DIAGNOSTIC,    16, -5.095521686473e-01, 2.659780552491e-03, 2.5178e-01, 8.1758e-03, 
 2DIAGNOSTIC,    17, -5.103848180120e-01, 1.870799299116e-03, 2.5954e-01, 7.7550e-03, 
 2DIAGNOSTIC,    18, -5.113964865501e-01, 1.216676495800e-03, 2.6808e-01, 8.5421e-03, 
 2DIAGNOSTIC,    19, -5.120405770997e-01, 8.591303099881e-04, 2.7728e-01, 9.1991e-03, 
 2DIAGNOSTIC,    20, -5.129074337912e-01, 6.095319078177e-04, 2.8395e-01, 6.6710e-03, 
 2DIAGNOSTIC,    21, -5.143911922492e-01, 4.452419429402e-04, 2.9185e-01, 7.8981e-03, 
 2DIAGNOSTIC,    22, -5.161612176410e-01, 4.620697317660e-04, 2.9869e-01, 6.8469e-03, 
 2DIAGNOSTIC,    23, -5.167885448887e-01, 4.871358763364e-04, 3.0915e-01, 1.0455e-02, 
 2DIAGNOSTIC,    24, -5.170800177938e-01, 4.863511412450e-04, 3.1558e-01, 6.4342e-03, 
 2DIAGNOSTIC,    25, -5.175014416353e-01, 4.566943282258e-04, 3.2359e-01, 8.0090e-03, 
 2DIAGNOSTIC,    26, -5.181284194342e-01, 4.154151598471e-04, 3.3107e-01, 7.4742e-03, 
 2DIAGNOSTIC,    27, -5.186625319629e-01, 3.663214836177e-04, 3.3799e-01, 6.9270e-03, 
 2DIAGNOSTIC,    28, -5.190046660492e-01, 3.141621694991e-04, 3.4569e-01, 7.7012e-03, 
 2DIAGNOSTIC,    29, -5.194469105723e-01, 2.580718716010e-04, 3.5220e-01, 6.5062e-03, 
 2DIAGNOSTIC,    30, -5.208061450507e-01, 2.235974134130e-04, 3.5969e-01, 7.4930e-03, 
 2DIAGNOSTIC,    31, -5.213052995246e-01, 2.054168169047e-04, 3.6750e-01, 7.8020e-03, 
 2DIAGNOSTIC,    32, -5.215994756566e-01, 2.056312613631e-04, 3.7576e-01, 8.2681e-03, 
 2DIAGNOSTIC,    33, -5.220546789655e-01, 2.054032278021e-04, 3.8533e-01, 9.5708e-03, 
 2DIAGNOSTIC,    34, -5.229868201188e-01, 2.060564304365e-04, 3.9228e-01, 6.9439e-03, 
 2DIAGNOSTIC,    35, -5.251911798527e-01, 2.289458653215e-04, 3.9941e-01, 7.1352e-03, 
 2DIAGNOSTIC,    36, -5.309221532579e-01, 3.277915601528e-04, 4.0602e-01, 6.6020e-03, 
 2DIAGNOSTIC,    37, -5.351130143480e-01, 4.603015801817e-04, 4.1705e-01, 1.1037e-02, 
 2DIAGNOSTIC,    38, -5.360477719163e-01, 5.604283863265e-04, 4.2539e-01, 8.3408e-03, 
 2DIAGNOSTIC,    39, -5.365065404828e-01, 6.157726346494e-04, 4.3231e-01, 6.9151e-03, 
 2DIAGNOSTIC,    40, -5.390951022919e-01, 6.650628155166e-04, 4.4027e-01, 7.9629e-03, 
 2DIAGNOSTIC,    41, -5.527075011466e-01, 8.389798803982e-04, 4.4851e-01, 8.2381e-03, 
 2DIAGNOSTIC,    42, -5.618052852214e-01, 1.043273477784e-03, 4.5660e-01, 8.0881e-03, 
 2DIAGNOSTIC,    43, -5.795040045144e-01, 1.372375258742e-03, 4.6780e-01, 1.1205e-02, 
 2DIAGNOSTIC,    44, -5.954735604541e-01, 1.764618789586e-03, 4.7825e-01, 1.0444e-02, 
 2DIAGNOSTIC,    45, -5.983793335388e-01, 2.027601839204e-03, 4.8900e-01, 1.0755e-02, 
 2DIAGNOSTIC,    46, -6.002968680169e-01, 2.175870189013e-03, 4.9718e-01, 8.1789e-03, 
 2DIAGNOSTIC,    47, -6.008964126544e-01, 2.165163802120e-03, 5.0548e-01, 8.2991e-03, 
 2DIAGNOSTIC,    48, -6.005054288920e-01, 1.953473883725e-03, 5.1266e-01, 7.1750e-03, 
 2DIAGNOSTIC,    49, -6.008110152874e-01, 1.573087049604e-03, 5.2195e-01, 9.2919e-03, 
 2DIAGNOSTIC,    50, -6.008757738502e-01, 1.087613181941e-03, 5.3039e-01, 8.4460e-03, 
 2DIAGNOSTIC,    51, -6.009614516337e-01, 6.675636965006e-04, 5.3765e-01, 7.2539e-03, 
 2DIAGNOSTIC,    52, -6.014705478379e-01, 2.992702737440e-04, 5.5207e-01, 1.4419e-02, 
 2DIAGNOSTIC,    53, -6.015635198520e-01, 9.536321591061e-05, 5.5872e-01, 6.6569e-03, 
 2DIAGNOSTIC,    54, -6.016807603790e-01, 5.085550816309e-05, 5.6570e-01, 6.9809e-03, 
 2DIAGNOSTIC,    55, -6.017110184444e-01, 3.154725094886e-05, 5.7215e-01, 6.4442e-03, 
 2DIAGNOSTIC,    56, -6.017011672477e-01, 2.812970681891e-05, 5.7888e-01, 6.7370e-03, 
 2DIAGNOSTIC,    57, -6.016568997680e-01, 2.750493038511e-05, 5.8588e-01, 6.9950e-03, 
 2DIAGNOSTIC,    58, -6.018110418153e-01, 2.206818959618e-05, 5.9421e-01, 8.3261e-03, 
 2DIAGNOSTIC,    59, -6.019100947151e-01, 1.842885352832e-05, 6.0242e-01, 8.2111e-03, 
 2DIAGNOSTIC,    60, -6.020670997916e-01, 1.520017276512e-05, 6.0946e-01, 7.0381e-03, 
 2DIAGNOSTIC,    61, -6.025845981046e-01, 1.582069972191e-05, 6.1690e-01, 7.4470e-03, 
 2DIAGNOSTIC,    62, -6.029787325500e-01, 2.255642714164e-05, 6.2814e-01, 1.1241e-02, 
 2DIAGNOSTIC,    63, -6.032601435977e-01, 3.000560921469e-05, 6.3429e-01, 6.1471e-03, 
 2DIAGNOSTIC,    64, -6.035650767652e-01, 3.784380852647e-05, 6.4063e-01, 6.3429e-03, 
 2DIAGNOSTIC,    65, -6.038466254356e-01, 4.433647419828e-05, 6.4729e-01, 6.6609e-03, 
 2DIAGNOSTIC,    66, -6.041241511754e-01, 4.848019716938e-05, 6.5553e-01, 8.2400e-03, 
 2DIAGNOSTIC,    67, -6.041281938052e-01, 4.748268172318e-05, 6.6156e-01, 6.0229e-03, 
 2DIAGNOSTIC,    68, -6.057461375475e-01, 5.568791189211e-05, 6.6900e-01, 7.4382e-03, 
 2DIAGNOSTIC,    69, -6.059365802852e-01, 6.020088838897e-05, 6.7520e-01, 6.2060e-03, 
 2DIAGNOSTIC,    70, -6.062196315917e-01, 6.211372430538e-05, 6.8430e-01, 9.0950e-03, 
 2DIAGNOSTIC,    71, -6.065551899905e-01, 6.437431253780e-05, 6.9113e-01, 6.8290e-03, 
 2DIAGNOSTIC,    72, -6.066047538350e-01, 6.354275917464e-05, 6.9739e-01, 6.2640e-03, 
 2DIAGNOSTIC,    73, -6.065725562869e-01, 5.828034827857e-05, 7.0306e-01, 5.6751e-03, 
 2DIAGNOSTIC,    74, -6.066783444475e-01, 5.042547618696e-05, 7.0919e-01, 6.1209e-03, 
 2DIAGNOSTIC,    75, -6.071123678887e-01, 4.298675649936e-05, 7.1542e-01, 6.2301e-03, 
 2DIAGNOSTIC,    76, -6.083308024133e-01, 4.186066978186e-05, 7.2784e-01, 1.2422e-02, 
 2DIAGNOSTIC,    77, -6.085843350872e-01, 3.803642826372e-05, 7.3370e-01, 5.8582e-03, 
 2DIAGNOSTIC,    78, -6.087513188092e-01, 4.260517718064e-05, 7.4102e-01, 7.3209e-03, 
 2DIAGNOSTIC,    79, -6.089168321662e-01, 4.537426890492e-05, 7.5030e-01, 9.2809e-03, 
 2DIAGNOSTIC,    80, -6.089437322882e-01, 4.559243744502e-05, 7.5891e-01, 8.6110e-03, 
 2DIAGNOSTIC,    81, -6.089632007484e-01, 4.357537858457e-05, 7.6466e-01, 5.7530e-03, 
 2DIAGNOSTIC,    82, -6.091209591401e-01, 3.875886541294e-05, 7.7037e-01, 5.7061e-03, 
 2DIAGNOSTIC,    83, -6.093729943855e-01, 3.181112823924e-05, 7.7719e-01, 6.8221e-03, 
 2DIAGNOSTIC,    84, -6.094289819476e-01, 2.298636755889e-05, 7.8255e-01, 5.3561e-03, 
 2DIAGNOSTIC,    85, -6.092959942992e-01, 1.386092409689e-05, 7.8837e-01, 5.8229e-03, 
 2DIAGNOSTIC,    86, -6.093325537745e-01, 1.114504173729e-05, 7.9429e-01, 5.9209e-03, 
 2DIAGNOSTIC,    87, -6.093628727270e-01, 9.077583760824e-06, 7.9999e-01, 5.7001e-03, 
 2DIAGNOSTIC,    88, -6.094113331736e-01, 7.401736662334e-06, 8.0585e-01, 5.8591e-03, 
 2DIAGNOSTIC,    89, -6.095714661396e-01, 6.952399859336e-06, 8.1207e-01, 6.2201e-03, 
 2DIAGNOSTIC,    90, -6.099270997716e-01, 8.061276302419e-06, 8.2478e-01, 1.2711e-02, 
 2DIAGNOSTIC,    91, -6.100542407973e-01, 9.173540356289e-06, 8.3608e-01, 1.1302e-02, 
 2DIAGNOSTIC,    92, -6.101173651787e-01, 1.059249441645e-05, 8.4190e-01, 5.8231e-03, 
 2DIAGNOSTIC,    93, -6.101556362353e-01, 1.257974966074e-05, 8.4775e-01, 5.8498e-03, 
 2DIAGNOSTIC,    94, -6.105069692310e-01, 1.554624803152e-05, 8.5413e-01, 6.3741e-03, 
 2DIAGNOSTIC,    95, -6.124864036876e-01, 2.672269483884e-05, 8.6369e-01, 9.5632e-03, 
 2DIAGNOSTIC,    96, -6.127331648340e-01, 3.630778985188e-05, 8.6919e-01, 5.4951e-03, 
 2DIAGNOSTIC,    97, -6.129138752312e-01, 4.344040822468e-05, 8.7486e-01, 5.6689e-03, 
 2DIAGNOSTIC,    98, -6.133605600360e-01, 4.894729344518e-05, 8.8058e-01, 5.7290e-03, 
 2DIAGNOSTIC,    99, -6.136986157008e-01, 5.202613535128e-05, 8.8777e-01, 7.1890e-03, 
 2DIAGNOSTIC,   100, -6.138283744694e-01, 5.228410768796e-05, 8.9672e-01, 8.9459e-03, 
 2DIAGNOSTIC,   101, -6.138225678558e-01, 4.811374995303e-05, 9.0382e-01, 7.0961e-03, 
 2DIAGNOSTIC,   102, -6.139739937323e-01, 4.064835938688e-05, 9.1085e-01, 7.0322e-03, 
 2DIAGNOSTIC,   103, -6.140370085084e-01, 2.996203264038e-05, 9.1779e-01, 6.9401e-03, 
 2DIAGNOSTIC,   104, -6.140443108214e-01, 1.807724366260e-05, 9.2360e-01, 5.8088e-03, 
 2DIAGNOSTIC,   105, -6.140886930169e-01, 1.439195602029e-05, 9.2950e-01, 5.9080e-03, 
 2DIAGNOSTIC,   106, -6.142263593805e-01, 1.125874359941e-05, 9.3638e-01, 6.8791e-03, 
 2DIAGNOSTIC,   107, -6.142795199680e-01, 8.164952738299e-06, 9.4306e-01, 6.6781e-03, 
 2DIAGNOSTIC,   108, -6.142882359963e-01, 6.440823820389e-06, 9.4981e-01, 6.7458e-03, 
 2DIAGNOSTIC,   109, -6.142995061296e-01, 5.763293638999e-06, 9.5567e-01, 5.8651e-03, 
 2DIAGNOSTIC,   110, -6.142196698912e-01, 4.808855439549e-06, 9.6582e-01, 1.0143e-02, 
 2DIAGNOSTIC,   111, -6.142456818497e-01, 3.512082728108e-06, 9.7774e-01, 1.1922e-02, 
 2DIAGNOSTIC,   112, -6.142526364062e-01, 2.617584472417e-06, 9.8463e-01, 6.8910e-03, 
 2DIAGNOSTIC,   113, -6.142543023914e-01, 1.805858844574e-06, 9.9162e-01, 6.9931e-03, 
DIAGNOSTIC,Iteration,metricValue,convergenceValue,ITERATION_TIME_INDEX,SINCE_LAST
 2DIAGNOSTIC,     1, -4.939101078463e-01, 1.797693134862e+308, 1.1442e+00, 1.5258e-01, 
 2DIAGNOSTIC,     2, -4.941163854681e-01, 1.797693134862e+308, 1.1801e+00, 3.5855e-02, 
 2DIAGNOSTIC,     3, -4.942898704979e-01, 1.797693134862e+308, 1.2128e+00, 3.2773e-02, 
 2DIAGNOSTIC,     4, -4.947209939460e-01, 1.797693134862e+308, 1.2330e+00, 2.0148e-02, 
 2DIAGNOSTIC,     5, -4.950221137559e-01, 1.797693134862e+308, 1.2534e+00, 2.0465e-02, 
 2DIAGNOSTIC,     6, -4.953159623758e-01, 1.797693134862e+308, 1.2688e+00, 1.5354e-02, 
 2DIAGNOSTIC,     7, -4.967306415747e-01, 1.797693134862e+308, 1.2789e+00, 1.0095e-02, 
 2DIAGNOSTIC,     8, -4.976806068594e-01, 1.797693134862e+308, 1.2897e+00, 1.0848e-02, 
 2DIAGNOSTIC,     9, -4.986774056052e-01, 1.797693134862e+308, 1.3006e+00, 1.0821e-02, 
 2DIAGNOSTIC,    10, -4.997610407107e-01, 7.596727082743e-04, 1.3099e+00, 9.3791e-03, 
 2DIAGNOSTIC,    11, -4.999199097211e-01, 7.751253805111e-04, 1.3213e+00, 1.1405e-02, 
 2DIAGNOSTIC,    12, -5.001156811149e-01, 7.379985596926e-04, 1.3326e+00, 1.1307e-02, 
 2DIAGNOSTIC,    13, -5.001496014047e-01, 6.487196792849e-04, 1.3413e+00, 8.6229e-03, 
 2DIAGNOSTIC,    14, -5.004181722052e-01, 5.420452551308e-04, 1.3501e+00, 8.8739e-03, 
 2DIAGNOSTIC,    15, -5.007561679719e-01, 4.246512236602e-04, 1.3597e+00, 9.5739e-03, 
 2DIAGNOSTIC,    16, -5.010523824338e-01, 3.034075605869e-04, 1.3683e+00, 8.6141e-03, 
 2DIAGNOSTIC,    17, -5.013018181471e-01, 2.246025772623e-04, 1.3765e+00, 8.2090e-03, 
 2DIAGNOSTIC,    18, -5.019116883245e-01, 1.830571008258e-04, 1.3901e+00, 1.3606e-02, 
 2DIAGNOSTIC,    19, -5.024627168962e-01, 1.743317104223e-04, 1.3991e+00, 8.9309e-03, 
 2DIAGNOSTIC,    20, -5.025093040582e-01, 1.822709207556e-04, 1.4092e+00, 1.0123e-02, 
 2DIAGNOSTIC,    21, -5.025295242428e-01, 1.776792716775e-04, 1.4189e+00, 9.6929e-03, 
 2DIAGNOSTIC,    22, -5.025443669133e-01, 1.627561735364e-04, 1.4282e+00, 9.3491e-03, 
 2DIAGNOSTIC,    23, -5.026232162330e-01, 1.365590205164e-04, 1.4430e+00, 1.4766e-02, 
 2DIAGNOSTIC,    24, -5.026526601304e-01, 1.065931173107e-04, 1.4523e+00, 9.2840e-03, 
 2DIAGNOSTIC,    25, -5.026494675758e-01, 7.682392465670e-05, 1.4623e+00, 9.9971e-03, 
 2DIAGNOSTIC,    26, -5.026466954351e-01, 4.890440959140e-05, 1.4724e+00, 1.0061e-02, 
 2DIAGNOSTIC,    27, -5.026511250725e-01, 2.371036859141e-05, 1.4837e+00, 1.1380e-02, 
 2DIAGNOSTIC,    28, -5.026447574586e-01, 1.012352838842e-05, 1.4929e+00, 9.1472e-03, 
 2DIAGNOSTIC,    29, -5.026300247666e-01, 7.118646108931e-06, 1.5022e+00, 9.3350e-03, 
 2DIAGNOSTIC,    30, -5.026330663698e-01, 4.710804102172e-06, 1.5121e+00, 9.8970e-03, 
 2DIAGNOSTIC,    31, -5.026466550092e-01, 2.746563893742e-06, 1.5215e+00, 9.4371e-03, 
 2DIAGNOSTIC,    32, -5.026561002672e-01, 1.128582152683e-06, 1.5320e+00, 1.0499e-02, 
 2DIAGNOSTIC,    33, -5.026738198729e-01, 1.245305749173e-06, 1.5419e+00, 9.8281e-03, 
 2DIAGNOSTIC,    34, -5.026824845286e-01, 1.969367265410e-06, 1.5511e+00, 9.1960e-03, 
 2DIAGNOSTIC,    35, -5.027068386472e-01, 2.899174104416e-06, 1.5600e+00, 8.9478e-03, 
 2DIAGNOSTIC,    36, -5.027068286799e-01, 3.528199274586e-06, 1.5710e+00, 1.1027e-02, 
 2DIAGNOSTIC,    37, -5.027274093061e-01, 4.258939740216e-06, 1.5814e+00, 1.0394e-02, 
 2DIAGNOSTIC,    38, -5.027569298725e-01, 4.975509222113e-06, 1.5911e+00, 9.6259e-03, 
 2DIAGNOSTIC,    39, -5.027527282410e-01, 4.975733218265e-06, 1.6036e+00, 1.2540e-02, 
 2DIAGNOSTIC,    40, -5.027545082490e-01, 4.653425504812e-06, 1.6162e+00, 1.2638e-02, 
 2DIAGNOSTIC,    41, -5.027489812123e-01, 4.094791271676e-06, 1.6264e+00, 1.0156e-02, 
 2DIAGNOSTIC,    42, -5.027423611091e-01, 3.279701180532e-06, 1.6366e+00, 1.0181e-02, 
 2DIAGNOSTIC,    43, -5.027355376283e-01, 2.401046070414e-06, 1.6458e+00, 9.1810e-03, 
 2DIAGNOSTIC,    44, -5.027296657553e-01, 1.435040680432e-06, 1.6539e+00, 8.1441e-03, 
DIAGNOSTIC,Iteration,metricValue,convergenceValue,ITERATION_TIME_INDEX,SINCE_LAST
 2DIAGNOSTIC,     1, -4.364438664807e-01, 1.797693134862e+308, 2.0243e+00, 3.7041e-01, 
 2DIAGNOSTIC,     2, -4.365198061923e-01, 1.797693134862e+308, 2.0878e+00, 6.3527e-02, 
 2DIAGNOSTIC,     3, -4.366478101470e-01, 1.797693134862e+308, 2.1441e+00, 5.6209e-02, 
 2DIAGNOSTIC,     4, -4.367384809539e-01, 1.797693134862e+308, 2.2181e+00, 7.4069e-02, 
 2DIAGNOSTIC,     5, -4.367414054830e-01, 1.797693134862e+308, 2.2663e+00, 4.8183e-02, 
 2DIAGNOSTIC,     6, -4.367401372320e-01, 1.797693134862e+308, 2.3217e+00, 5.5389e-02, 
 2DIAGNOSTIC,     7, -4.367374353062e-01, 1.797693134862e+308, 2.3773e+00, 5.5644e-02, 
 2DIAGNOSTIC,     8, -4.367370331710e-01, 1.797693134862e+308, 2.4250e+00, 4.7709e-02, 
 2DIAGNOSTIC,     9, -4.367366187013e-01, 1.797693134862e+308, 2.4674e+00, 4.2317e-02, 
 2DIAGNOSTIC,    10, -4.367356798188e-01, 3.853311875437e-05, 2.5144e+00, 4.7061e-02, 
 2DIAGNOSTIC,    11, -4.367339391761e-01, 1.987864882635e-05, 2.5586e+00, 4.4198e-02, 
 2DIAGNOSTIC,    12, -4.367327209438e-01, 6.730439487290e-06, 2.6057e+00, 4.7033e-02, 
 2DIAGNOSTIC,    13, -4.367332390612e-01, 1.542587527117e-06, 2.6483e+00, 4.2629e-02, 
 2DIAGNOSTIC,    14, -4.367328044942e-01, 1.364144599503e-06, 2.6936e+00, 4.5291e-02, 
 2DIAGNOSTIC,    15, -4.367322250154e-01, 1.395024633352e-06, 2.7372e+00, 4.3652e-02, 
 2DIAGNOSTIC,    16, -4.367315868253e-01, 1.416066121404e-06, 2.7777e+00, 4.0517e-02, 
 2DIAGNOSTIC,    17, -4.367309635419e-01, 1.360798247418e-06, 2.8176e+00, 3.9830e-02, 
 2DIAGNOSTIC,    18, -4.367288347046e-01, 1.266254037832e-06, 2.8613e+00, 4.3721e-02, 
 2DIAGNOSTIC,    19, -4.367290923486e-01, 1.223977300735e-06, 2.9063e+00, 4.4993e-02, 
 2DIAGNOSTIC,    20, -4.367269857904e-01, 1.129144861174e-06, 2.9516e+00, 4.5349e-02, 
 2DIAGNOSTIC,    21, -4.367264560981e-01, 1.018390539578e-06, 2.9955e+00, 4.3876e-02, 
DIAGNOSTIC,Iteration,metricValue,convergenceValue,ITERATION_TIME_INDEX,SINCE_LAST
 2DIAGNOSTIC,     1, -3.983153965250e-01, 1.797693134862e+308, 3.8243e+00, 8.2882e-01, 
 2DIAGNOSTIC,     2, -3.985226817395e-01, 1.797693134862e+308, 4.0327e+00, 2.0835e-01, 
 2DIAGNOSTIC,     3, -3.986937437633e-01, 1.797693134862e+308, 4.2357e+00, 2.0302e-01, 
 2DIAGNOSTIC,     4, -3.987271229729e-01, 1.797693134862e+308, 4.4420e+00, 2.0633e-01, 
 2DIAGNOSTIC,     5, -3.988484126913e-01, 1.797693134862e+308, 4.6815e+00, 2.3949e-01, 
 2DIAGNOSTIC,     6, -3.989790383856e-01, 1.797693134862e+308, 4.8952e+00, 2.1372e-01, 
 2DIAGNOSTIC,     7, -3.990495206812e-01, 1.797693134862e+308, 5.1920e+00, 2.9674e-01, 
 2DIAGNOSTIC,     8, -3.991584109649e-01, 1.797693134862e+308, 5.5284e+00, 3.3642e-01, 
 2DIAGNOSTIC,     9, -3.991586673524e-01, 1.797693134862e+308, 5.8372e+00, 3.0882e-01, 
 2DIAGNOSTIC,    10, -3.991584910255e-01, 1.383553096735e-04, 6.0636e+00, 2.2642e-01, 
 2DIAGNOSTIC,    11, -3.991583989523e-01, 1.001227132457e-04, 6.3361e+00, 2.7248e-01, 
 2DIAGNOSTIC,    12, -3.991582647136e-01, 7.157399078593e-05, 6.5854e+00, 2.4930e-01, 
 2DIAGNOSTIC,    13, -3.991581956764e-01, 5.059727599649e-05, 6.8179e+00, 2.3249e-01, 
 2DIAGNOSTIC,    14, -3.991580322386e-01, 2.987648471611e-05, 7.0167e+00, 1.9882e-01, 
 2DIAGNOSTIC,    15, -3.991579646871e-01, 1.510396676475e-05, 7.2408e+00, 2.2406e-01, 
 2DIAGNOSTIC,    16, -3.991579007922e-01, 6.770033652251e-06, 7.4510e+00, 2.1018e-01, 
 2DIAGNOSTIC,    17, -3.991577535912e-01, 1.793250283572e-06, 7.6580e+00, 2.0699e-01, 
 2DIAGNOSTIC,    18, -3.991578884572e-01, 1.691178177415e-06, 7.8817e+00, 2.2371e-01, 
 2DIAGNOSTIC,    19, -3.991578563982e-01, 1.615317020899e-06, 8.1293e+00, 2.4765e-01, 
 2DIAGNOSTIC,    20, -3.991577914700e-01, 1.544058130937e-06, 8.3531e+00, 2.2379e-01, 
 2DIAGNOSTIC,    21, -3.991576485279e-01, 1.476198557920e-06, 8.5960e+00, 2.4292e-01, 
 2DIAGNOSTIC,    22, -3.991575891993e-01, 1.412020000514e-06, 8.7983e+00, 2.0227e-01, 
 2DIAGNOSTIC,    23, -3.991577245814e-01, 1.358698920345e-06, 9.0089e+00, 2.1062e-01, 
 2DIAGNOSTIC,    24, -3.991581543478e-01, 1.319815783191e-06, 9.2404e+00, 2.3149e-01, 
 2DIAGNOSTIC,    25, -3.991580473587e-01, 1.279419036659e-06, 9.4672e+00, 2.2677e-01, 
 2DIAGNOSTIC,    26, -3.991580194104e-01, 1.239500678277e-06, 9.6914e+00, 2.2421e-01, 
 2DIAGNOSTIC,    27, -3.991578265339e-01, 1.192150301838e-06, 9.9231e+00, 2.3173e-01, 
 2DIAGNOSTIC,    28, -3.991577121324e-01, 1.147351270811e-06, 1.0154e+01, 2.3057e-01, 
 2DIAGNOSTIC,    29, -3.991576701864e-01, 1.102599272433e-06, 1.0369e+01, 2.1517e-01, 
 2DIAGNOSTIC,    30, -3.991577467513e-01, 1.060655603451e-06, 1.0609e+01, 2.4046e-01, 
 2DIAGNOSTIC,    31, -3.991577075934e-01, 1.017398847482e-06, 1.0841e+01, 2.3138e-01, 
  Elapsed time (stage 0): 1.1063e+01


Stage 1
  iterations = 1000x500x250x100
  convergence threshold = 1.0000e-06
  convergence window size = 10
  number of levels = 4
  using the Mattes MI metric (number of bins = 32, weight = 1.0000e+00, use gradient filter = 0)
  preprocessing:  winsorizing the image intensities
  Shrink factors (level 1 out of 4): [8, 8, 8]
  Shrink factors (level 2 out of 4): [4, 4, 4]
  Shrink factors (level 3 out of 4): [2, 2, 2]
  Shrink factors (level 4 out of 4): [1, 1, 1]
  smoothing sigmas per level: [3, 2, 1, 0]
  regular sampling (percentage = 2.5000e-01)

*** Running AffineTransform registration ***

DIAGNOSTIC,Iteration,metricValue,convergenceValue,ITERATION_TIME_INDEX,SINCE_LAST
 2DIAGNOSTIC,     1, -6.115002784911e-01, 1.797693134862e+308, 1.1665e-01, 1.1665e-01, 
 2DIAGNOSTIC,     2, -6.132057834212e-01, 1.797693134862e+308, 1.2335e-01, 6.6998e-03, 
 2DIAGNOSTIC,     3, -6.158812131893e-01, 1.797693134862e+308, 1.3336e-01, 1.0013e-02, 
 2DIAGNOSTIC,     4, -6.217977340067e-01, 1.797693134862e+308, 1.4166e-01, 8.2920e-03, 
 2DIAGNOSTIC,     5, -6.295371158821e-01, 1.797693134862e+308, 1.4941e-01, 7.7560e-03, 
 2DIAGNOSTIC,     6, -6.620992341244e-01, 1.797693134862e+308, 1.5627e-01, 6.8622e-03, 
 2DIAGNOSTIC,     7, -6.872257189013e-01, 1.797693134862e+308, 1.6349e-01, 7.2148e-03, 
 2DIAGNOSTIC,     8, -7.261483605873e-01, 1.797693134862e+308, 1.7325e-01, 9.7580e-03, 
 2DIAGNOSTIC,     9, -7.293677828936e-01, 1.797693134862e+308, 1.8107e-01, 7.8199e-03, 
 2DIAGNOSTIC,    10, -7.379607623971e-01, 1.462289860240e-02, 1.9541e-01, 1.4342e-02, 
 2DIAGNOSTIC,    11, -7.381790878859e-01, 1.374142936074e-02, 2.0272e-01, 7.3111e-03, 
 2DIAGNOSTIC,    12, -7.404641538395e-01, 1.192055973066e-02, 2.1019e-01, 7.4720e-03, 
 2DIAGNOSTIC,    13, -7.438509544092e-01, 9.519560002392e-03, 2.1771e-01, 7.5171e-03, 
 2DIAGNOSTIC,    14, -7.500405204781e-01, 6.994009266076e-03, 2.2476e-01, 7.0510e-03, 
 2DIAGNOSTIC,    15, -7.578956447616e-01, 4.617359909131e-03, 2.3321e-01, 8.4538e-03, 
 2DIAGNOSTIC,    16, -7.651987203800e-01, 3.151818077392e-03, 2.4965e-01, 1.6432e-02, 
 2DIAGNOSTIC,    17, -7.652537604044e-01, 2.164228018975e-03, 2.5645e-01, 6.8030e-03, 
 2DIAGNOSTIC,    18, -7.655632276112e-01, 1.981090615100e-03, 2.6478e-01, 8.3320e-03, 
 2DIAGNOSTIC,    19, -7.659009866047e-01, 1.706404597218e-03, 2.7276e-01, 7.9792e-03, 
 2DIAGNOSTIC,    20, -7.661493791519e-01, 1.478409133925e-03, 2.8160e-01, 8.8379e-03, 
 2DIAGNOSTIC,    21, -7.664747531788e-01, 1.145608515293e-03, 2.9005e-01, 8.4560e-03, 
 2DIAGNOSTIC,    22, -7.671143899742e-01, 7.929875918390e-04, 2.9759e-01, 7.5338e-03, 
 2DIAGNOSTIC,    23, -7.672521845523e-01, 4.604142104837e-04, 3.0530e-01, 7.7128e-03, 
 2DIAGNOSTIC,    24, -7.674872769209e-01, 2.180668193899e-04, 3.1486e-01, 9.5589e-03, 
 2DIAGNOSTIC,    25, -7.672090567858e-01, 9.227437953715e-05, 3.2353e-01, 8.6710e-03, 
 2DIAGNOSTIC,    26, -7.670009899152e-01, 7.568340707804e-05, 3.3188e-01, 8.3468e-03, 
 2DIAGNOSTIC,    27, -7.667469521594e-01, 5.041291531607e-05, 3.4086e-01, 8.9788e-03, 
 2DIAGNOSTIC,    28, -7.667149241721e-01, 2.620491066540e-05, 3.4982e-01, 8.9600e-03, 
 2DIAGNOSTIC,    29, -7.666922918796e-01, 5.621672356695e-06, 3.5896e-01, 9.1419e-03, 
DIAGNOSTIC,Iteration,metricValue,convergenceValue,ITERATION_TIME_INDEX,SINCE_LAST
 2DIAGNOSTIC,     1, -6.241710518301e-01, 1.797693134862e+308, 5.0766e-01, 1.4871e-01, 
 2DIAGNOSTIC,     2, -6.243591111999e-01, 1.797693134862e+308, 5.2259e-01, 1.4929e-02, 
 2DIAGNOSTIC,     3, -6.245542681144e-01, 1.797693134862e+308, 5.3490e-01, 1.2303e-02, 
 2DIAGNOSTIC,     4, -6.248520450904e-01, 1.797693134862e+308, 5.4688e-01, 1.1985e-02, 
 2DIAGNOSTIC,     5, -6.250483293266e-01, 1.797693134862e+308, 5.6383e-01, 1.6946e-02, 
 2DIAGNOSTIC,     6, -6.252754032779e-01, 1.797693134862e+308, 5.8247e-01, 1.8645e-02, 
 2DIAGNOSTIC,     7, -6.253227077047e-01, 1.797693134862e+308, 5.9448e-01, 1.2010e-02, 
 2DIAGNOSTIC,     8, -6.253346775614e-01, 1.797693134862e+308, 6.0535e-01, 1.0866e-02, 
 2DIAGNOSTIC,     9, -6.253523981997e-01, 1.797693134862e+308, 6.1719e-01, 1.1836e-02, 
 2DIAGNOSTIC,    10, -6.253802220274e-01, 1.342485257582e-04, 6.2880e-01, 1.1617e-02, 
 2DIAGNOSTIC,    11, -6.254003120421e-01, 9.613532968755e-05, 6.4030e-01, 1.1499e-02, 
 2DIAGNOSTIC,    12, -6.254625797641e-01, 6.548575477119e-05, 6.5187e-01, 1.1573e-02, 
 2DIAGNOSTIC,    13, -6.255393523012e-01, 4.325183585253e-05, 6.6479e-01, 1.2919e-02, 
 2DIAGNOSTIC,    14, -6.256514492604e-01, 3.368090504931e-05, 6.7833e-01, 1.3539e-02, 
 2DIAGNOSTIC,    15, -6.258179101194e-01, 3.328221928896e-05, 6.9561e-01, 1.7277e-02, 
 2DIAGNOSTIC,    16, -6.260803096606e-01, 4.387458981155e-05, 7.0865e-01, 1.3039e-02, 
 2DIAGNOSTIC,    17, -6.264533733549e-01, 6.047323952741e-05, 7.2196e-01, 1.3310e-02, 
 2DIAGNOSTIC,    18, -6.265461352800e-01, 7.228864769962e-05, 7.3827e-01, 1.6308e-02, 
 2DIAGNOSTIC,    19, -6.265909308320e-01, 7.790904260152e-05, 7.5212e-01, 1.3849e-02, 
 2DIAGNOSTIC,    20, -6.266080874565e-01, 7.697605293774e-05, 7.6482e-01, 1.2704e-02, 
 2DIAGNOSTIC,    21, -6.265844579923e-01, 6.894879026217e-05, 7.8044e-01, 1.5621e-02, 
 2DIAGNOSTIC,    22, -6.266051049424e-01, 5.698330951791e-05, 7.9704e-01, 1.6602e-02, 
 2DIAGNOSTIC,    23, -6.266118019883e-01, 4.249986075972e-05, 8.1135e-01, 1.4307e-02, 
 2DIAGNOSTIC,    24, -6.266115093171e-01, 2.754382433531e-05, 8.2834e-01, 1.6986e-02, 
 2DIAGNOSTIC,    25, -6.266131205961e-01, 1.435152171377e-05, 8.4136e-01, 1.3027e-02, 
 2DIAGNOSTIC,    26, -6.266222630813e-01, 5.539981113183e-06, 8.5539e-01, 1.4027e-02, 
 2DIAGNOSTIC,    27, -6.266349323791e-01, 3.424167727167e-06, 8.6743e-01, 1.2039e-02, 
 2DIAGNOSTIC,    28, -6.266833364116e-01, 3.507126135956e-06, 8.7978e-01, 1.2352e-02, 
 2DIAGNOSTIC,    29, -6.267119694605e-01, 4.486148685839e-06, 8.9099e-01, 1.1215e-02, 
 2DIAGNOSTIC,    30, -6.267521706043e-01, 5.961989517002e-06, 9.0323e-01, 1.2238e-02, 
 2DIAGNOSTIC,    31, -6.267923925067e-01, 7.110813106351e-06, 9.1506e-01, 1.1832e-02, 
 2DIAGNOSTIC,    32, -6.268026942055e-01, 8.039110221271e-06, 9.2947e-01, 1.4402e-02, 
 2DIAGNOSTIC,    33, -6.268437632156e-01, 8.900847606977e-06, 9.4414e-01, 1.4671e-02, 
 2DIAGNOSTIC,    34, -6.269022844122e-01, 9.723401903233e-06, 9.6176e-01, 1.7622e-02, 
 2DIAGNOSTIC,    35, -6.269626484288e-01, 1.045141882585e-05, 9.7842e-01, 1.6662e-02, 
 2DIAGNOSTIC,    36, -6.269937579764e-01, 1.073245926593e-05, 9.9706e-01, 1.8642e-02, 
 2DIAGNOSTIC,    37, -6.269850865832e-01, 1.010924430979e-05, 1.0128e+00, 1.5755e-02, 
 2DIAGNOSTIC,    38, -6.269775593018e-01, 9.138048236539e-06, 1.0301e+00, 1.7253e-02, 
 2DIAGNOSTIC,    39, -6.269702384933e-01, 7.659231143247e-06, 1.0463e+00, 1.6184e-02, 
