---------------------
Profiling information

Pipeline: ants registrationSyN-fp
NTHREAD: 32

DATASET: ds004513
SUBJECT_ID: s037

SIF_IMG: /mnt/lustre/mathdugre/containers/ants-debug.simg
DATA_DIR: /mnt/lustre/mathdugre/mri-bottleneck/datasets/ds004513

PROJECT_DIR: /mnt/lustre/mathdugre/mri-bottleneck
PROFILING_DIR: /mnt/lustre/mathdugre/mri-bottleneck/vtune_output/32-threads/ants/registrationSyN-fp/ds004513/sub-s037/fOUrsBhHLoq8PfM3ZcyGn7fxY9MEKsm5
---------------------

Command to profile: bash tmp-scripts/fOUrsBhHLoq8PfM3ZcyGn7fxY9MEKsm5.sh

--------------------------------------------------------------------------------------
 Mapping parameters
--------------------------------------------------------------------------------------
 ANTSPATH is /opt/ants/bin

 Dimensionality:           3
 Output name prefix:       /data/derivatives/ants/registrationSyN-fp/sub-s037/ses-open/anat/
 Fixed images:             /templateflow/tpl-MNI152NLin2009cAsym//tpl-MNI152NLin2009cAsym_res-01_desc-brain_T1w.nii.gz
 Moving images:            /data/derivatives/fsl/fast/sub-s037/ses-open/anat/BrainExtractionBrain_seg.nii.gz
 Mask images:              
 Initial transforms:       
 Number of threads:        32
 Spline distance:          26
 SyN gradient step:        0.1
 Transform type:           s
 CC radius:                4
 Precision:                f
 Use histogram matching    0
 Repro                     0
======================================================================================
 antsRegistration call:
--------------------------------------------------------------------------------------
/opt/ants/bin/antsRegistration --verbose 1 --dimensionality 3 --float 1 --collapse-output-transforms 1 --output [ /data/derivatives/ants/registrationSyN-fp/sub-s037/ses-open/anat/,/data/derivatives/ants/registrationSyN-fp/sub-s037/ses-open/anat/Warped.nii.gz,/data/derivatives/ants/registrationSyN-fp/sub-s037/ses-open/anat/InverseWarped.nii.gz ] --interpolation Linear --use-histogram-matching 0 --winsorize-image-intensities [ 0.005,0.995 ] --initial-moving-transform [ /templateflow/tpl-MNI152NLin2009cAsym//tpl-MNI152NLin2009cAsym_res-01_desc-brain_T1w.nii.gz,/data/derivatives/fsl/fast/sub-s037/ses-open/anat/BrainExtractionBrain_seg.nii.gz,1 ] --transform Rigid[ 0.1 ] --metric MI[ /templateflow/tpl-MNI152NLin2009cAsym//tpl-MNI152NLin2009cAsym_res-01_desc-brain_T1w.nii.gz,/data/derivatives/fsl/fast/sub-s037/ses-open/anat/BrainExtractionBrain_seg.nii.gz,1,32,Regular,0.25 ] --convergence [ 1000x500x250x100,1e-6,10 ] --shrink-factors 8x4x2x1 --smoothing-sigmas 3x2x1x0vox --transform Affine[ 0.1 ] --metric MI[ /templateflow/tpl-MNI152NLin2009cAsym//tpl-MNI152NLin2009cAsym_res-01_desc-brain_T1w.nii.gz,/data/derivatives/fsl/fast/sub-s037/ses-open/anat/BrainExtractionBrain_seg.nii.gz,1,32,Regular,0.25 ] --convergence [ 1000x500x250x100,1e-6,10 ] --shrink-factors 8x4x2x1 --smoothing-sigmas 3x2x1x0vox --transform SyN[ 0.1,3,0 ] --metric CC[ /templateflow/tpl-MNI152NLin2009cAsym//tpl-MNI152NLin2009cAsym_res-01_desc-brain_T1w.nii.gz,/data/derivatives/fsl/fast/sub-s037/ses-open/anat/BrainExtractionBrain_seg.nii.gz,1,4 ] --convergence [ 100x70x50x20,1e-6,10 ] --shrink-factors 8x4x2x1 --smoothing-sigmas 3x2x1x0vox
--------------------------------------------------------------------------------------
All_Command_lines_OK
Using single precision for computations.
=============================================================================
The composite transform comprises the following transforms (in order): 
  1. Center of mass alignment using fixed image: /templateflow/tpl-MNI152NLin2009cAsym//tpl-MNI152NLin2009cAsym_res-01_desc-brain_T1w.nii.gz and moving image: /data/derivatives/fsl/fast/sub-s037/ses-open/anat/BrainExtractionBrain_seg.nii.gz (type = Euler3DTransform)
=============================================================================
  number of levels = 4
  number of levels = 4
  number of levels = 4
  fixed image: /templateflow/tpl-MNI152NLin2009cAsym//tpl-MNI152NLin2009cAsym_res-01_desc-brain_T1w.nii.gz
  moving image: /data/derivatives/fsl/fast/sub-s037/ses-open/anat/BrainExtractionBrain_seg.nii.gz
  fixed image: /templateflow/tpl-MNI152NLin2009cAsym//tpl-MNI152NLin2009cAsym_res-01_desc-brain_T1w.nii.gz
  moving image: /data/derivatives/fsl/fast/sub-s037/ses-open/anat/BrainExtractionBrain_seg.nii.gz
  fixed image: /templateflow/tpl-MNI152NLin2009cAsym//tpl-MNI152NLin2009cAsym_res-01_desc-brain_T1w.nii.gz
  moving image: /data/derivatives/fsl/fast/sub-s037/ses-open/anat/BrainExtractionBrain_seg.nii.gz
Dimension = 3
Number of stages = 3
Use histogram matching = false
Winsorize image intensities = true
  Lower quantile = 0.005
  Upper quantile = 0.995


Stage 1 State
   Image metric = Mattes
     Fixed image = Image (0x55cd2ef6e2b0)
  RTTI typeinfo:   itk::Image<float, 3u>
  Reference Count: 2
  Modified Time: 1717
  Debug: Off
  Object Name: 
  Observers: 
    none
  Source: (none)
  Source output name: (none)
  Release Data: Off
  Data Released: False
  Global Release Data: Off
  PipelineMTime: 0
  UpdateMTime: 1502
  RealTimeStamp: 0 seconds 
  LargestPossibleRegion: 
    Dimension: 3
    Index: [0, 0, 0]
    Size: [193, 229, 193]
  BufferedRegion: 
    Dimension: 3
    Index: [0, 0, 0]
    Size: [193, 229, 193]
  RequestedRegion: 
    Dimension: 3
    Index: [0, 0, 0]
    Size: [193, 229, 193]
  Spacing: [1, 1, 1]
  Origin: [96, 132, -78]
  Direction: 
-1 0 0
0 -1 0
0 0 1

  IndexToPointMatrix: 
-1 0 0
0 -1 0
0 0 1

  PointToIndexMatrix: 
-1 0 0
0 -1 0
0 0 1

  Inverse Direction: 
-1 0 0
0 -1 0
0 0 1

  PixelContainer: 
    ImportImageContainer (0x55cd2ef76e50)
      RTTI typeinfo:   itk::ImportImageContainer<unsigned long, float>
      Reference Count: 1
      Modified Time: 1499
      Debug: Off
      Object Name: 
      Observers: 
        none
      Pointer: 0x7fa0a0d60010
      Container manages memory: true
      Size: 8530021
      Capacity: 8530021

     Moving image = Image (0x55cd2ef6f630)
  RTTI typeinfo:   itk::Image<float, 3u>
  Reference Count: 2
  Modified Time: 1718
  Debug: Off
  Object Name: 
  Observers: 
    none
  Source: (none)
  Source output name: (none)
  Release Data: Off
  Data Released: False
  Global Release Data: Off
  PipelineMTime: 0
  UpdateMTime: 1715
  RealTimeStamp: 0 seconds 
  LargestPossibleRegion: 
    Dimension: 3
    Index: [0, 0, 0]
    Size: [160, 240, 256]
  BufferedRegion: 
    Dimension: 3
    Index: [0, 0, 0]
    Size: [160, 240, 256]
  RequestedRegion: 
    Dimension: 3
    Index: [0, 0, 0]
    Size: [160, 240, 256]
  Spacing: [1, 1, 1]
  Origin: [87.9508, 102.562, -147.639]
  Direction: 
-0.998659 -0.0436121 -0.0279129
0.043595 -0.999049 0.00121847
-0.0279395 -2.65543e-08 0.99961

  IndexToPointMatrix: 
-0.998659 -0.0436121 -0.0279129
0.043595 -0.999049 0.00121847
-0.0279395 -2.65543e-08 0.99961

  PointToIndexMatrix: 
-0.998659 0.043595 -0.0279395
-0.0436121 -0.999049 -2.65517e-08
-0.0279129 0.00121847 0.99961

  Inverse Direction: 
-0.998659 0.043595 -0.0279395
-0.0436121 -0.999049 -2.65517e-08
-0.0279129 0.00121847 0.99961

  PixelContainer: 
    ImportImageContainer (0x55cd2ef6f2c0)
      RTTI typeinfo:   itk::ImportImageContainer<unsigned long, float>
      Reference Count: 1
      Modified Time: 1712
      Debug: Off
      Object Name: 
      Observers: 
        none
      Pointer: 0x7fa09e7df010
      Container manages memory: true
      Size: 9830400
      Capacity: 9830400

     Weighting = 1
     Sampling strategy = regular
     Number of bins = 32
     Radius = 4
     Sampling percentage  = 0.25
   Transform = Rigid
     Gradient step = 0.1
     Update field sigma (voxel space) = 0
     Total field sigma (voxel space) = 0
     Update field time sigma = 0
     Total field time sigma  = 0
     Number of time indices = 0
     Number of time point samples = 0
Stage 2 State
   Image metric = Mattes
     Fixed image = Image (0x55cd2ef80f80)
  RTTI typeinfo:   itk::Image<float, 3u>
  Reference Count: 2
  Modified Time: 2145
  Debug: Off
  Object Name: 
  Observers: 
    none
  Source: (none)
  Source output name: (none)
  Release Data: Off
  Data Released: False
  Global Release Data: Off
  PipelineMTime: 0
  UpdateMTime: 1930
  RealTimeStamp: 0 seconds 
  LargestPossibleRegion: 
    Dimension: 3
    Index: [0, 0, 0]
    Size: [193, 229, 193]
  BufferedRegion: 
    Dimension: 3
    Index: [0, 0, 0]
    Size: [193, 229, 193]
  RequestedRegion: 
    Dimension: 3
    Index: [0, 0, 0]
    Size: [193, 229, 193]
  Spacing: [1, 1, 1]
  Origin: [96, 132, -78]
  Direction: 
-1 0 0
0 -1 0
0 0 1

  IndexToPointMatrix: 
-1 0 0
0 -1 0
0 0 1

  PointToIndexMatrix: 
-1 0 0
0 -1 0
0 0 1

  Inverse Direction: 
-1 0 0
0 -1 0
0 0 1

  PixelContainer: 
    ImportImageContainer (0x55cd2ef7d2c0)
      RTTI typeinfo:   itk::ImportImageContainer<unsigned long, float>
      Reference Count: 1
      Modified Time: 1927
      Debug: Off
      Object Name: 
      Observers: 
        none
      Pointer: 0x7fa09c754010
      Container manages memory: true
      Size: 8530021
      Capacity: 8530021

     Moving image = Image (0x55cd2efcde80)
  RTTI typeinfo:   itk::Image<float, 3u>
  Reference Count: 2
  Modified Time: 2146
  Debug: Off
  Object Name: 
  Observers: 
    none
  Source: (none)
  Source output name: (none)
  Release Data: Off
  Data Released: False
  Global Release Data: Off
  PipelineMTime: 0
  UpdateMTime: 2143
  RealTimeStamp: 0 seconds 
  LargestPossibleRegion: 
    Dimension: 3
    Index: [0, 0, 0]
    Size: [160, 240, 256]
  BufferedRegion: 
    Dimension: 3
    Index: [0, 0, 0]
    Size: [160, 240, 256]
  RequestedRegion: 
    Dimension: 3
    Index: [0, 0, 0]
    Size: [160, 240, 256]
  Spacing: [1, 1, 1]
  Origin: [87.9508, 102.562, -147.639]
  Direction: 
-0.998659 -0.0436121 -0.0279129
0.043595 -0.999049 0.00121847
-0.0279395 -2.65543e-08 0.99961

  IndexToPointMatrix: 
-0.998659 -0.0436121 -0.0279129
0.043595 -0.999049 0.00121847
-0.0279395 -2.65543e-08 0.99961

  PointToIndexMatrix: 
-0.998659 0.043595 -0.0279395
-0.0436121 -0.999049 -2.65517e-08
-0.0279129 0.00121847 0.99961

  Inverse Direction: 
-0.998659 0.043595 -0.0279395
-0.0436121 -0.999049 -2.65517e-08
-0.0279129 0.00121847 0.99961

  PixelContainer: 
    ImportImageContainer (0x55cd2efce640)
      RTTI typeinfo:   itk::ImportImageContainer<unsigned long, float>
      Reference Count: 1
      Modified Time: 2140
      Debug: Off
      Object Name: 
      Observers: 
        none
      Pointer: 0x7fa09a1d3010
      Container manages memory: true
      Size: 9830400
      Capacity: 9830400

     Weighting = 1
     Sampling strategy = regular
     Number of bins = 32
     Radius = 4
     Sampling percentage  = 0.25
   Transform = Affine
     Gradient step = 0.1
     Update field sigma (voxel space) = 0
     Total field sigma (voxel space) = 0
     Update field time sigma = 0
     Total field time sigma  = 0
     Number of time indices = 0
     Number of time point samples = 0
Stage 3 State
   Image metric = CC
     Fixed image = Image (0x55cd2efd0420)
  RTTI typeinfo:   itk::Image<float, 3u>
  Reference Count: 2
  Modified Time: 2573
  Debug: Off
  Object Name: 
  Observers: 
    none
  Source: (none)
  Source output name: (none)
  Release Data: Off
  Data Released: False
  Global Release Data: Off
  PipelineMTime: 0
  UpdateMTime: 2358
  RealTimeStamp: 0 seconds 
  LargestPossibleRegion: 
    Dimension: 3
    Index: [0, 0, 0]
    Size: [193, 229, 193]
  BufferedRegion: 
    Dimension: 3
    Index: [0, 0, 0]
    Size: [193, 229, 193]
  RequestedRegion: 
    Dimension: 3
    Index: [0, 0, 0]
    Size: [193, 229, 193]
  Spacing: [1, 1, 1]
  Origin: [96, 132, -78]
  Direction: 
-1 0 0
0 -1 0
0 0 1

  IndexToPointMatrix: 
-1 0 0
0 -1 0
0 0 1

  PointToIndexMatrix: 
-1 0 0
0 -1 0
0 0 1

  Inverse Direction: 
-1 0 0
0 -1 0
0 0 1

  PixelContainer: 
    ImportImageContainer (0x55cd2efd0a80)
      RTTI typeinfo:   itk::ImportImageContainer<unsigned long, float>
      Reference Count: 1
      Modified Time: 2355
      Debug: Off
      Object Name: 
      Observers: 
        none
      Pointer: 0x7fa098148010
      Container manages memory: true
      Size: 8530021
      Capacity: 8530021

     Moving image = Image (0x55cd2efcc430)
  RTTI typeinfo:   itk::Image<float, 3u>
  Reference Count: 2
  Modified Time: 2574
  Debug: Off
  Object Name: 
  Observers: 
    none
  Source: (none)
  Source output name: (none)
  Release Data: Off
  Data Released: False
  Global Release Data: Off
  PipelineMTime: 0
  UpdateMTime: 2571
  RealTimeStamp: 0 seconds 
  LargestPossibleRegion: 
    Dimension: 3
    Index: [0, 0, 0]
    Size: [160, 240, 256]
  BufferedRegion: 
    Dimension: 3
    Index: [0, 0, 0]
    Size: [160, 240, 256]
  RequestedRegion: 
    Dimension: 3
    Index: [0, 0, 0]
    Size: [160, 240, 256]
  Spacing: [1, 1, 1]
  Origin: [87.9508, 102.562, -147.639]
  Direction: 
-0.998659 -0.0436121 -0.0279129
0.043595 -0.999049 0.00121847
-0.0279395 -2.65543e-08 0.99961

  IndexToPointMatrix: 
-0.998659 -0.0436121 -0.0279129
0.043595 -0.999049 0.00121847
-0.0279395 -2.65543e-08 0.99961

  PointToIndexMatrix: 
-0.998659 0.043595 -0.0279395
-0.0436121 -0.999049 -2.65517e-08
-0.0279129 0.00121847 0.99961

  Inverse Direction: 
-0.998659 0.043595 -0.0279395
-0.0436121 -0.999049 -2.65517e-08
-0.0279129 0.00121847 0.99961

  PixelContainer: 
    ImportImageContainer (0x55cd2ef7d640)
      RTTI typeinfo:   itk::ImportImageContainer<unsigned long, float>
      Reference Count: 1
      Modified Time: 2568
      Debug: Off
      Object Name: 
      Observers: 
        none
      Pointer: 0x7fa095bc7010
      Container manages memory: true
      Size: 9830400
      Capacity: 9830400

     Weighting = 1
     Sampling strategy = none
     Number of bins = 32
     Radius = 4
     Sampling percentage  = 1
   Transform = SyN
     Gradient step = 0.1
     Update field sigma (voxel space) = 3
     Total field sigma (voxel space) = 0
     Update field time sigma = 0
     Total field time sigma  = 0
     Number of time indices = 0
     Number of time point samples = 0
Registration using 3 total stages.

Stage 0
  iterations = 1000x500x250x100
  convergence threshold = 1e-06
  convergence window size = 10
  number of levels = 4
  using the Mattes MI metric (number of bins = 32, weight = 1, use gradient filter = 0)
  preprocessing:  winsorizing the image intensities
  Shrink factors (level 1 out of 4): [8, 8, 8]
  Shrink factors (level 2 out of 4): [4, 4, 4]
  Shrink factors (level 3 out of 4): [2, 2, 2]
  Shrink factors (level 4 out of 4): [1, 1, 1]
  smoothing sigmas per level: [3, 2, 1, 0]
  regular sampling (percentage = 0.25)

*** Running Euler3DTransform registration ***

DIAGNOSTIC,Iteration,metricValue,convergenceValue,ITERATION_TIME_INDEX,SINCE_LAST
 2DIAGNOSTIC,     1, -4.487777948380e-01, inf, 1.5530e-01, 1.5529e-01, 
 2DIAGNOSTIC,     2, -4.506976604462e-01, inf, 1.6145e-01, 6.1569e-03, 
 2DIAGNOSTIC,     3, -4.537359476089e-01, inf, 1.6775e-01, 6.2931e-03, 
 2DIAGNOSTIC,     4, -4.565561413765e-01, inf, 1.7446e-01, 6.7170e-03, 
 2DIAGNOSTIC,     5, -4.585446417332e-01, inf, 1.8094e-01, 6.4762e-03, 
 2DIAGNOSTIC,     6, -4.613467454910e-01, inf, 1.8755e-01, 6.6140e-03, 
 2DIAGNOSTIC,     7, -4.643719792366e-01, inf, 1.9416e-01, 6.6040e-03, 
 2DIAGNOSTIC,     8, -4.778238236904e-01, inf, 2.0195e-01, 7.7932e-03, 
 2DIAGNOSTIC,     9, -4.819034039974e-01, inf, 2.1576e-01, 1.3811e-02, 
 2DIAGNOSTIC,    10, -4.824606478214e-01, 5.028090439737e-03, 2.3493e-01, 1.9174e-02, 
 2DIAGNOSTIC,    11, -4.843495488167e-01, 4.778575617820e-03, 2.4180e-01, 6.8629e-03, 
 2DIAGNOSTIC,    12, -4.856705367565e-01, 4.302976187319e-03, 2.4967e-01, 7.8678e-03, 
 2DIAGNOSTIC,    13, -4.860713481903e-01, 3.663690062240e-03, 2.5652e-01, 6.8531e-03, 
 2DIAGNOSTIC,    14, -4.863912463188e-01, 2.920142840594e-03, 2.6349e-01, 6.9730e-03, 
 2DIAGNOSTIC,    15, -4.867576360703e-01, 2.114309929311e-03, 2.7041e-01, 6.9201e-03, 
 2DIAGNOSTIC,    16, -4.872484803200e-01, 1.346779870801e-03, 2.8012e-01, 9.7129e-03, 
 2DIAGNOSTIC,    17, -4.926050603390e-01, 8.316230960190e-04, 2.9350e-01, 1.3380e-02, 
 2DIAGNOSTIC,    18, -4.947220981121e-01, 8.097118698061e-04, 3.0210e-01, 8.6000e-03, 
 2DIAGNOSTIC,    19, -4.965327382088e-01, 9.016202529892e-04, 3.1198e-01, 9.8779e-03, 
 2DIAGNOSTIC,    20, -4.969511926174e-01, 9.301629615948e-04, 3.1898e-01, 7.0028e-03, 
 2DIAGNOSTIC,    21, -4.976254999638e-01, 9.417406981811e-04, 3.2608e-01, 7.0961e-03, 
 2DIAGNOSTIC,    22, -4.985668659210e-01, 9.232573793270e-04, 3.3337e-01, 7.2870e-03, 
 2DIAGNOSTIC,    23, -5.029743909836e-01, 9.420542628504e-04, 3.4053e-01, 7.1669e-03, 
 2DIAGNOSTIC,    24, -5.141496658325e-01, 1.151799806394e-03, 3.4850e-01, 7.9691e-03, 
 2DIAGNOSTIC,    25, -5.158119201660e-01, 1.279257587157e-03, 3.5633e-01, 7.8259e-03, 
 2DIAGNOSTIC,    26, -5.175417661667e-01, 1.327371341176e-03, 3.6439e-01, 8.0640e-03, 
 2DIAGNOSTIC,    27, -5.363984704018e-01, 1.771796843968e-03, 3.7239e-01, 7.9980e-03, 
 2DIAGNOSTIC,    28, -5.802428126335e-01, 2.948705805466e-03, 3.8030e-01, 7.9072e-03, 
 2DIAGNOSTIC,    29, -5.917580723763e-01, 3.991557285190e-03, 3.9067e-01, 1.0368e-02, 
 2DIAGNOSTIC,    30, -5.948163270950e-01, 4.651545081288e-03, 3.9776e-01, 7.0908e-03, 
 2DIAGNOSTIC,    31, -5.948701500893e-01, 4.852704703808e-03, 4.0788e-01, 1.0126e-02, 
 2DIAGNOSTIC,    32, -5.954673886299e-01, 4.604932386428e-03, 4.1508e-01, 7.2010e-03, 
 2DIAGNOSTIC,    33, -5.956802368164e-01, 4.000729881227e-03, 4.2203e-01, 6.9449e-03, 
 2DIAGNOSTIC,    34, -5.960696339607e-01, 3.249349305406e-03, 4.3032e-01, 8.2898e-03, 
 2DIAGNOSTIC,    35, -5.971427559853e-01, 2.297092461959e-03, 4.4092e-01, 1.0598e-02, 
 2DIAGNOSTIC,    36, -5.981160998344e-01, 1.232807175256e-03, 4.4763e-01, 6.7120e-03, 
 2DIAGNOSTIC,    37, -5.984579920769e-01, 3.886731574312e-04, 4.5410e-01, 6.4690e-03, 
 2DIAGNOSTIC,    38, -5.988495945930e-01, 1.946761913132e-04, 4.6335e-01, 9.2530e-03, 
 2DIAGNOSTIC,    39, -5.992109775543e-01, 1.592700282345e-04, 4.7039e-01, 7.0410e-03, 
 2DIAGNOSTIC,    40, -5.995422601700e-01, 1.568498701090e-04, 4.7823e-01, 7.8359e-03, 
 2DIAGNOSTIC,    41, -5.999042987823e-01, 1.448640832677e-04, 4.8600e-01, 7.7710e-03, 
 2DIAGNOSTIC,    42, -6.017804145813e-01, 1.517476193840e-04, 4.9284e-01, 6.8409e-03, 
 2DIAGNOSTIC,    43, -6.044237017632e-01, 1.792537659639e-04, 4.9965e-01, 6.8109e-03, 
 2DIAGNOSTIC,    44, -6.107985377312e-01, 2.700334589463e-04, 5.0607e-01, 6.4220e-03, 
 2DIAGNOSTIC,    45, -6.107032299042e-01, 3.404153976589e-04, 5.1868e-01, 1.2608e-02, 
 2DIAGNOSTIC,    46, -6.112467646599e-01, 3.937527944800e-04, 5.2751e-01, 8.8241e-03, 
 2DIAGNOSTIC,    47, -6.114624738693e-01, 4.137840005569e-04, 5.3385e-01, 6.3460e-03, 
 2DIAGNOSTIC,    48, -6.115504503250e-01, 3.978687163908e-04, 5.4461e-01, 1.0757e-02, 
 2DIAGNOSTIC,    49, -6.115931272507e-01, 3.482197062112e-04, 5.5423e-01, 9.6269e-03, 
 2DIAGNOSTIC,    50, -6.116248369217e-01, 2.717980532907e-04, 5.6070e-01, 6.4628e-03, 
 2DIAGNOSTIC,    51, -6.115778088570e-01, 1.768498041201e-04, 5.6660e-01, 5.9049e-03, 
 2DIAGNOSTIC,    52, -6.116505861282e-01, 8.879413508112e-05, 5.7451e-01, 7.9060e-03, 
 2DIAGNOSTIC,    53, -6.117691993713e-01, 2.154965113732e-05, 5.8155e-01, 7.0400e-03, 
 2DIAGNOSTIC,    54, -6.117805838585e-01, 1.694585262157e-05, 5.9915e-01, 1.7599e-02, 
 2DIAGNOSTIC,    55, -6.117806434631e-01, 9.974499334930e-06, 6.0558e-01, 6.4359e-03, 
 2DIAGNOSTIC,    56, -6.117820739746e-01, 7.429169727402e-06, 6.1166e-01, 6.0799e-03, 
 2DIAGNOSTIC,    57, -6.117851138115e-01, 6.297335858108e-06, 6.1769e-01, 6.0229e-03, 
 2DIAGNOSTIC,    58, -6.117897629738e-01, 5.455900918605e-06, 6.2351e-01, 5.8210e-03, 
 2DIAGNOSTIC,    59, -6.117960810661e-01, 4.601634827850e-06, 6.2921e-01, 5.7008e-03, 
 2DIAGNOSTIC,    60, -6.118063330650e-01, 3.790228674916e-06, 6.3558e-01, 6.3701e-03, 
 2DIAGNOSTIC,    61, -6.118182539940e-01, 2.399029199296e-06, 6.4180e-01, 6.2242e-03, 
DIAGNOSTIC,Iteration,metricValue,convergenceValue,ITERATION_TIME_INDEX,SINCE_LAST
 2DIAGNOSTIC,     1, -4.875846803188e-01, inf, 7.8349e-01, 1.4169e-01, 
 2DIAGNOSTIC,     2, -4.887870550156e-01, inf, 7.9890e-01, 1.5408e-02, 
 2DIAGNOSTIC,     3, -4.911328256130e-01, inf, 8.2042e-01, 2.1524e-02, 
 2DIAGNOSTIC,     4, -4.941952228546e-01, inf, 8.3304e-01, 1.2623e-02, 
 2DIAGNOSTIC,     5, -4.960968494415e-01, inf, 8.4424e-01, 1.1197e-02, 
 2DIAGNOSTIC,     6, -4.971685707569e-01, inf, 8.5450e-01, 1.0263e-02, 
 2DIAGNOSTIC,     7, -4.974437355995e-01, inf, 8.6655e-01, 1.2050e-02, 
 2DIAGNOSTIC,     8, -4.976559877396e-01, inf, 8.7675e-01, 1.0193e-02, 
 2DIAGNOSTIC,     9, -4.980762600899e-01, inf, 8.8464e-01, 7.8931e-03, 
 2DIAGNOSTIC,    10, -4.989612698555e-01, 1.483400003053e-03, 8.9349e-01, 8.8520e-03, 
 2DIAGNOSTIC,    11, -4.992396831512e-01, 1.087783952244e-03, 9.0318e-01, 9.6941e-03, 
 2DIAGNOSTIC,    12, -4.993040561676e-01, 7.219803519547e-04, 9.1196e-01, 8.7790e-03, 
 2DIAGNOSTIC,    13, -4.994929730892e-01, 4.580469103530e-04, 9.2159e-01, 9.6300e-03, 
 2DIAGNOSTIC,    14, -4.995257854462e-01, 3.154107835144e-04, 9.3053e-01, 8.9340e-03, 
 2DIAGNOSTIC,    15, -4.995441436768e-01, 2.351526491111e-04, 9.3967e-01, 9.1391e-03, 
 2DIAGNOSTIC,    16, -4.995303452015e-01, 1.813440030674e-04, 9.5068e-01, 1.1014e-02, 
 2DIAGNOSTIC,    17, -4.995398521423e-01, 1.273744564969e-04, 9.6032e-01, 9.6431e-03, 
 2DIAGNOSTIC,    18, -4.995418190956e-01, 7.463607471436e-05, 9.6999e-01, 9.6700e-03, 
 2DIAGNOSTIC,    19, -4.995350539684e-01, 3.249808287364e-05, 9.8151e-01, 1.1516e-02, 
 2DIAGNOSTIC,    20, -4.995507001877e-01, 1.736074227665e-05, 9.8930e-01, 7.7920e-03, 
 2DIAGNOSTIC,    21, -4.995904266834e-01, 1.087956661650e-05, 9.9750e-01, 8.1999e-03, 
 2DIAGNOSTIC,    22, -4.996034204960e-01, 5.973263796477e-06, 1.0063e+00, 8.8358e-03, 
 2DIAGNOSTIC,    23, -4.996024966240e-01, 5.727149982704e-06, 1.0166e+00, 1.0277e-02, 
 2DIAGNOSTIC,    24, -4.996272623539e-01, 6.473627308878e-06, 1.0263e+00, 9.6889e-03, 
 2DIAGNOSTIC,    25, -4.996322095394e-01, 7.201690095826e-06, 1.0343e+00, 7.9782e-03, 
 2DIAGNOSTIC,    26, -4.996717572212e-01, 7.860076948418e-06, 1.0443e+00, 9.9890e-03, 
 2DIAGNOSTIC,    27, -4.996783733368e-01, 8.166529369191e-06, 1.0533e+00, 9.0709e-03, 
 2DIAGNOSTIC,    28, -4.996959865093e-01, 8.217506547226e-06, 1.0612e+00, 7.8940e-03, 
 2DIAGNOSTIC,    29, -4.997047483921e-01, 7.636537702638e-06, 1.0705e+00, 9.2330e-03, 
 2DIAGNOSTIC,    30, -4.997237920761e-01, 7.112643743312e-06, 1.0794e+00, 8.9061e-03, 
 2DIAGNOSTIC,    31, -4.997155964375e-01, 6.615149686695e-06, 1.0877e+00, 8.3120e-03, 
 2DIAGNOSTIC,    32, -4.997264742851e-01, 6.057538939785e-06, 1.0960e+00, 8.3210e-03, 
 2DIAGNOSTIC,    33, -4.997372925282e-01, 5.217032139626e-06, 1.1079e+00, 1.1845e-02, 
 2DIAGNOSTIC,    34, -4.997533261776e-01, 4.704682396550e-06, 1.1166e+00, 8.7729e-03, 
 2DIAGNOSTIC,    35, -4.997468590736e-01, 3.818874120043e-06, 1.1255e+00, 8.8711e-03, 
 2DIAGNOSTIC,    36, -4.997704923153e-01, 3.718876087078e-06, 1.1362e+00, 1.0665e-02, 
 2DIAGNOSTIC,    37, -4.997915625572e-01, 3.769578825086e-06, 1.1443e+00, 8.1668e-03, 
 2DIAGNOSTIC,    38, -4.997879862785e-01, 3.738467285075e-06, 1.1525e+00, 8.1580e-03, 
 2DIAGNOSTIC,    39, -4.997903704643e-01, 3.595481075536e-06, 1.1611e+00, 8.6269e-03, 
 2DIAGNOSTIC,    40, -4.997847378254e-01, 3.396457032068e-06, 1.1695e+00, 8.3549e-03, 
 2DIAGNOSTIC,    41, -4.997889399529e-01, 2.900253548432e-06, 1.1790e+00, 9.5670e-03, 
 2DIAGNOSTIC,    42, -4.997944831848e-01, 2.437132479827e-06, 1.1922e+00, 1.3165e-02, 
 2DIAGNOSTIC,    43, -4.998034536839e-01, 2.092658860420e-06, 1.2045e+00, 1.2255e-02, 
 2DIAGNOSTIC,    44, -4.998221397400e-01, 2.093498778777e-06, 1.2145e+00, 1.0008e-02, 
 2DIAGNOSTIC,    45, -4.998355209827e-01, 2.041511834250e-06, 1.2239e+00, 9.3970e-03, 
 2DIAGNOSTIC,    46, -4.998173117638e-01, 1.922929641296e-06, 1.2321e+00, 8.2819e-03, 
 2DIAGNOSTIC,    47, -4.998259842396e-01, 2.063101419481e-06, 1.2424e+00, 1.0255e-02, 
 2DIAGNOSTIC,    48, -4.998213648796e-01, 1.960847612281e-06, 1.2517e+00, 9.3341e-03, 
 2DIAGNOSTIC,    49, -4.998253881931e-01, 1.811249831007e-06, 1.2641e+00, 1.2400e-02, 
 2DIAGNOSTIC,    50, -4.998204410076e-01, 1.433945499230e-06, 1.2734e+00, 9.2509e-03, 
 2DIAGNOSTIC,    51, -4.998313784599e-01, 1.170904511127e-06, 1.2826e+00, 9.1710e-03, 
 2DIAGNOSTIC,    52, -4.998438358307e-01, 1.060927615981e-06, 1.2922e+00, 9.6741e-03, 
 2DIAGNOSTIC,    53, -4.998921751976e-01, 1.518114686405e-06, 1.3040e+00, 1.1793e-02, 
 2DIAGNOSTIC,    54, -4.998942315578e-01, 2.072883717119e-06, 1.3129e+00, 8.9171e-03, 
 2DIAGNOSTIC,    55, -4.999062716961e-01, 2.741942807916e-06, 1.3232e+00, 1.0304e-02, 
 2DIAGNOSTIC,    56, -4.999004006386e-01, 2.934500571428e-06, 1.3326e+00, 9.3601e-03, 
 2DIAGNOSTIC,    57, -4.998964965343e-01, 2.940798140116e-06, 1.3431e+00, 1.0522e-02, 
 2DIAGNOSTIC,    58, -4.999059438705e-01, 2.759191602308e-06, 1.3511e+00, 8.0171e-03, 
 2DIAGNOSTIC,    59, -4.999009668827e-01, 2.360177859373e-06, 1.3589e+00, 7.7982e-03, 
 2DIAGNOSTIC,    60, -4.998987615108e-01, 1.737508796396e-06, 1.3691e+00, 1.0124e-02, 
 2DIAGNOSTIC,    61, -4.999102652073e-01, 1.233340071849e-06, 1.3815e+00, 1.2469e-02, 
DIAGNOSTIC,Iteration,metricValue,convergenceValue,ITERATION_TIME_INDEX,SINCE_LAST
 2DIAGNOSTIC,     1, -4.337932467461e-01, inf, 1.7163e+00, 3.3474e-01, 
 2DIAGNOSTIC,     2, -4.339375197887e-01, inf, 1.7754e+00, 5.9118e-02, 
 2DIAGNOSTIC,     3, -4.341225028038e-01, inf, 1.8243e+00, 4.8867e-02, 
 2DIAGNOSTIC,     4, -4.342785477638e-01, inf, 1.8700e+00, 4.5778e-02, 
 2DIAGNOSTIC,     5, -4.345548748970e-01, inf, 1.9149e+00, 4.4875e-02, 
 2DIAGNOSTIC,     6, -4.348324537277e-01, inf, 1.9603e+00, 4.5373e-02, 
 2DIAGNOSTIC,     7, -4.351550340652e-01, inf, 2.0088e+00, 4.8488e-02, 
 2DIAGNOSTIC,     8, -4.353319406509e-01, inf, 2.0538e+00, 4.5061e-02, 
 2DIAGNOSTIC,     9, -4.356308281422e-01, inf, 2.1013e+00, 4.7466e-02, 
 2DIAGNOSTIC,    10, -4.361467659473e-01, 3.389788907953e-04, 2.1456e+00, 4.4255e-02, 
 2DIAGNOSTIC,    11, -4.364958703518e-01, 3.410409553908e-04, 2.1899e+00, 4.4320e-02, 
 2DIAGNOSTIC,    12, -4.365983009338e-01, 3.256014315411e-04, 2.2444e+00, 5.4536e-02, 
 2DIAGNOSTIC,    13, -4.366020858288e-01, 2.932658244390e-04, 2.2890e+00, 4.4628e-02, 
 2DIAGNOSTIC,    14, -4.367319941521e-01, 2.524790179450e-04, 2.3328e+00, 4.3737e-02, 
 2DIAGNOSTIC,    15, -4.367697238922e-01, 2.073526120512e-04, 2.3727e+00, 3.9946e-02, 
 2DIAGNOSTIC,    16, -4.367813766003e-01, 1.604608842172e-04, 2.4165e+00, 4.3769e-02, 
 2DIAGNOSTIC,    17, -4.368043541908e-01, 1.180136678158e-04, 2.4655e+00, 4.9002e-02, 
 2DIAGNOSTIC,    18, -4.368281960487e-01, 7.693488441873e-05, 2.5185e+00, 5.2999e-02, 
 2DIAGNOSTIC,    19, -4.368262588978e-01, 4.302819434088e-05, 2.5721e+00, 5.3589e-02, 
 2DIAGNOSTIC,    20, -4.368304908276e-01, 2.534314808145e-05, 2.6231e+00, 5.1063e-02, 
 2DIAGNOSTIC,    21, -4.368300437927e-01, 1.793213778001e-05, 2.6694e+00, 4.6261e-02, 
 2DIAGNOSTIC,    22, -4.368291199207e-01, 1.271962173632e-05, 2.7099e+00, 4.0539e-02, 
 2DIAGNOSTIC,    23, -4.368294775486e-01, 6.925961315574e-06, 2.7556e+00, 4.5691e-02, 
 2DIAGNOSTIC,    24, -4.368309676647e-01, 4.648115464079e-06, 2.8008e+00, 4.5196e-02, 
 2DIAGNOSTIC,    25, -4.368312358856e-01, 3.237606506445e-06, 2.8430e+00, 4.2146e-02, 
 2DIAGNOSTIC,    26, -4.368334710598e-01, 2.089581812470e-06, 2.8904e+00, 4.7447e-02, 
 2DIAGNOSTIC,    27, -4.368361830711e-01, 1.549668695588e-06, 2.9349e+00, 4.4483e-02, 
 2DIAGNOSTIC,    28, -4.368377029896e-01, 1.604952444723e-06, 2.9783e+00, 4.3413e-02, 
 2DIAGNOSTIC,    29, -4.368397891521e-01, 1.612445089449e-06, 3.0194e+00, 4.1073e-02, 
 2DIAGNOSTIC,    30, -4.368438422680e-01, 1.750664523570e-06, 3.0647e+00, 4.5341e-02, 
 2DIAGNOSTIC,    31, -4.368481040001e-01, 1.893703597489e-06, 3.1164e+00, 5.1683e-02, 
 2DIAGNOSTIC,    32, -4.368481636047e-01, 1.926372533489e-06, 3.1607e+00, 4.4247e-02, 
 2DIAGNOSTIC,    33, -4.368478357792e-01, 1.870730443443e-06, 3.2108e+00, 5.0114e-02, 
 2DIAGNOSTIC,    34, -4.368475377560e-01, 1.756930601005e-06, 3.2575e+00, 4.6762e-02, 
 2DIAGNOSTIC,    35, -4.368476569653e-01, 1.577208649906e-06, 3.2965e+00, 3.8959e-02, 
 2DIAGNOSTIC,    36, -4.368478953838e-01, 1.386554686178e-06, 3.3677e+00, 7.1251e-02, 
 2DIAGNOSTIC,    37, -4.368480145931e-01, 1.208706066791e-06, 3.4119e+00, 4.4121e-02, 
 2DIAGNOSTIC,    38, -4.368481636047e-01, 1.036855792336e-06, 3.4613e+00, 4.9447e-02, 
DIAGNOSTIC,Iteration,metricValue,convergenceValue,ITERATION_TIME_INDEX,SINCE_LAST
 2DIAGNOSTIC,     1, -3.983638882637e-01, inf, 4.2223e+00, 7.6103e-01, 
 2DIAGNOSTIC,     2, -3.985028564930e-01, inf, 4.4646e+00, 2.4229e-01, 
 2DIAGNOSTIC,     3, -3.985666930676e-01, inf, 4.6970e+00, 2.3234e-01, 
 2DIAGNOSTIC,     4, -3.987112939358e-01, inf, 4.9984e+00, 3.0146e-01, 
 2DIAGNOSTIC,     5, -3.987741768360e-01, inf, 5.2342e+00, 2.3576e-01, 
 2DIAGNOSTIC,     6, -3.987981677055e-01, inf, 5.4911e+00, 2.5694e-01, 
 2DIAGNOSTIC,     7, -3.988087773323e-01, inf, 5.7914e+00, 3.0028e-01, 
 2DIAGNOSTIC,     8, -3.988127112389e-01, inf, 6.0448e+00, 2.5334e-01, 
 2DIAGNOSTIC,     9, -3.988130390644e-01, inf, 6.2789e+00, 2.3417e-01, 
 2DIAGNOSTIC,    10, -3.988166153431e-01, 7.061096403049e-05, 6.5220e+00, 2.4310e-01, 
 2DIAGNOSTIC,    11, -3.988196551800e-01, 4.347839421825e-05, 6.7416e+00, 2.1953e-01, 
 2DIAGNOSTIC,    12, -3.988237082958e-01, 2.576225051598e-05, 6.9734e+00, 2.3181e-01, 
 2DIAGNOSTIC,    13, -3.988311588764e-01, 1.242295638804e-05, 7.3728e+00, 3.9948e-01, 
 2DIAGNOSTIC,    14, -3.988302350044e-01, 7.322897090489e-06, 7.6236e+00, 2.5072e-01, 
 2DIAGNOSTIC,    15, -3.988305628300e-01, 5.427223641163e-06, 7.8775e+00, 2.5397e-01, 
 2DIAGNOSTIC,    16, -3.988302648067e-01, 4.510578492045e-06, 8.1919e+00, 3.1433e-01, 
 2DIAGNOSTIC,    17, -3.988304138184e-01, 3.913939053746e-06, 8.4528e+00, 2.6099e-01, 
 2DIAGNOSTIC,    18, -3.988302052021e-01, 3.340197736179e-06, 8.7447e+00, 2.9181e-01, 
 2DIAGNOSTIC,    19, -3.988300561905e-01, 2.687441110538e-06, 9.0075e+00, 2.6289e-01, 
 2DIAGNOSTIC,    20, -3.988298475742e-01, 2.128939058821e-06, 9.2715e+00, 2.6396e-01, 
 2DIAGNOSTIC,    21, -3.988297283649e-01, 1.671354084465e-06, 9.5321e+00, 2.6057e-01, 
 2DIAGNOSTIC,    22, -3.988297283649e-01, 1.364902345813e-06, 9.7973e+00, 2.6523e-01, 
 2DIAGNOSTIC,    23, -3.988299667835e-01, 1.331717498942e-06, 1.0057e+01, 2.5999e-01, 
 2DIAGNOSTIC,    24, -3.988296687603e-01, 1.269390509151e-06, 1.0306e+01, 2.4912e-01, 
 2DIAGNOSTIC,    25, -3.988294899464e-01, 1.222228434017e-06, 1.0567e+01, 2.6060e-01, 
 2DIAGNOSTIC,    26, -3.988301455975e-01, 1.193203729599e-06, 1.0870e+01, 3.0302e-01, 
 2DIAGNOSTIC,    27, -3.988301157951e-01, 1.171669623545e-06, 1.1149e+01, 2.7888e-01, 
 2DIAGNOSTIC,    28, -3.988301753998e-01, 1.148575506704e-06, 1.1402e+01, 2.5327e-01, 
 2DIAGNOSTIC,    29, -3.988300859928e-01, 1.120488605011e-06, 1.1696e+01, 2.9357e-01, 
 2DIAGNOSTIC,    30, -3.988300859928e-01, 1.087378905140e-06, 1.1952e+01, 2.5589e-01, 
 2DIAGNOSTIC,    31, -3.988300263882e-01, 1.049461388902e-06, 1.2208e+01, 2.5634e-01, 
 2DIAGNOSTIC,    32, -3.988300561905e-01, 1.012036705106e-06, 1.2480e+01, 2.7168e-01, 
  Elapsed time (stage 0): 1.2732e+01


Stage 1
  iterations = 1000x500x250x100
  convergence threshold = 1.0000e-06
  convergence window size = 10
  number of levels = 4
  using the Mattes MI metric (number of bins = 32, weight = 1.0000e+00, use gradient filter = 0)
  preprocessing:  winsorizing the image intensities
  Shrink factors (level 1 out of 4): [8, 8, 8]
  Shrink factors (level 2 out of 4): [4, 4, 4]
  Shrink factors (level 3 out of 4): [2, 2, 2]
  Shrink factors (level 4 out of 4): [1, 1, 1]
  smoothing sigmas per level: [3, 2, 1, 0]
  regular sampling (percentage = 2.5000e-01)

*** Running AffineTransform registration ***

DIAGNOSTIC,Iteration,metricValue,convergenceValue,ITERATION_TIME_INDEX,SINCE_LAST
 2DIAGNOSTIC,     1, -6.011053919792e-01, inf, 1.0928e-01, 1.0928e-01, 
 2DIAGNOSTIC,     2, -6.032132506371e-01, inf, 1.1700e-01, 7.7209e-03, 
 2DIAGNOSTIC,     3, -6.071069240570e-01, inf, 1.2404e-01, 7.0410e-03, 
 2DIAGNOSTIC,     4, -6.144873499870e-01, inf, 1.3214e-01, 8.0938e-03, 
 2DIAGNOSTIC,     5, -6.217144131660e-01, inf, 1.3906e-01, 6.9258e-03, 
 2DIAGNOSTIC,     6, -6.352248787880e-01, inf, 1.4888e-01, 9.8200e-03, 
 2DIAGNOSTIC,     7, -6.748988032341e-01, inf, 1.6117e-01, 1.2283e-02, 
 2DIAGNOSTIC,     8, -6.885449290276e-01, inf, 1.6986e-01, 8.6920e-03, 
 2DIAGNOSTIC,     9, -6.941105723381e-01, inf, 1.7676e-01, 6.9070e-03, 
 2DIAGNOSTIC,    10, -7.053945660591e-01, 1.196588762105e-02, 1.8367e-01, 6.9010e-03, 
 2DIAGNOSTIC,    11, -7.202262878418e-01, 1.176377106458e-02, 1.9124e-01, 7.5779e-03, 
 2DIAGNOSTIC,    12, -7.257767915726e-01, 1.079017389566e-02, 1.9829e-01, 7.0460e-03, 
 2DIAGNOSTIC,    13, -7.279817461967e-01, 9.209730662405e-03, 2.0645e-01, 8.1580e-03, 
 2DIAGNOSTIC,    14, -7.298616170883e-01, 7.345150690526e-03, 2.2455e-01, 1.8099e-02, 
 2DIAGNOSTIC,    15, -7.299627065659e-01, 5.294051486999e-03, 2.3286e-01, 8.3170e-03, 
 2DIAGNOSTIC,    16, -7.300097942352e-01, 3.363776020706e-03, 2.4015e-01, 7.2870e-03, 
 2DIAGNOSTIC,    17, -7.299808859825e-01, 2.339547034353e-03, 2.4695e-01, 6.7952e-03, 
 2DIAGNOSTIC,    18, -7.302129268646e-01, 1.547209569253e-03, 2.5323e-01, 6.2830e-03, 
 2DIAGNOSTIC,    19, -7.306318879128e-01, 8.298238972202e-04, 2.6011e-01, 6.8791e-03, 
 2DIAGNOSTIC,    20, -7.311774492264e-01, 3.498752776068e-04, 2.6645e-01, 6.3460e-03, 
 2DIAGNOSTIC,    21, -7.318075895309e-01, 1.877964241430e-04, 2.7397e-01, 7.5152e-03, 
 2DIAGNOSTIC,    22, -7.325810194016e-01, 1.414436992491e-04, 2.8239e-01, 8.4200e-03, 
 2DIAGNOSTIC,    23, -7.343502640724e-01, 1.560674863867e-04, 2.9418e-01, 1.1795e-02, 
 2DIAGNOSTIC,    24, -7.362126708031e-01, 2.179965813411e-04, 3.0255e-01, 8.3640e-03, 
 2DIAGNOSTIC,    25, -7.382603287697e-01, 2.889557508752e-04, 3.1070e-01, 8.1558e-03, 
 2DIAGNOSTIC,    26, -7.405140399933e-01, 3.629529091995e-04, 3.1872e-01, 8.0180e-03, 
 2DIAGNOSTIC,    27, -7.427192926407e-01, 4.294940445106e-04, 3.2634e-01, 7.6180e-03, 
 2DIAGNOSTIC,    28, -7.468367218971e-01, 5.130139179528e-04, 3.3982e-01, 1.3480e-02, 
 2DIAGNOSTIC,    29, -7.473281621933e-01, 5.535320960917e-04, 3.4713e-01, 7.3061e-03, 
 2DIAGNOSTIC,    30, -7.476071715355e-01, 5.507077439688e-04, 3.5462e-01, 7.4940e-03, 
 2DIAGNOSTIC,    31, -7.480735182762e-01, 5.109161138535e-04, 3.6251e-01, 7.8900e-03, 
 2DIAGNOSTIC,    32, -7.505528330803e-01, 4.656125965994e-04, 3.7640e-01, 1.3891e-02, 
 2DIAGNOSTIC,    33, -7.506432533264e-01, 4.002333444078e-04, 3.8343e-01, 7.0260e-03, 
 2DIAGNOSTIC,    34, -7.504804730415e-01, 3.212790179532e-04, 3.9061e-01, 7.1790e-03, 
 2DIAGNOSTIC,    35, -7.501971721649e-01, 2.376259362791e-04, 3.9999e-01, 9.3880e-03, 
 2DIAGNOSTIC,    36, -7.499994635582e-01, 1.590183383087e-04, 4.0796e-01, 7.9632e-03, 
 2DIAGNOSTIC,    37, -7.499061822891e-01, 9.097425936488e-05, 4.1927e-01, 1.1316e-02, 
 2DIAGNOSTIC,    38, -7.499107122421e-01, 6.112163828220e-05, 4.2864e-01, 9.3620e-03, 
 2DIAGNOSTIC,    39, -7.498062849045e-01, 3.146413291688e-05, 4.3795e-01, 9.3198e-03, 
 2DIAGNOSTIC,    40, -7.498105168343e-01, 3.510992883093e-06, 4.4829e-01, 1.0340e-02, 
DIAGNOSTIC,Iteration,metricValue,convergenceValue,ITERATION_TIME_INDEX,SINCE_LAST
 2DIAGNOSTIC,     1, -6.162288784981e-01, inf, 5.9521e-01, 1.4692e-01, 
 2DIAGNOSTIC,     2, -6.172804832458e-01, inf, 6.0881e-01, 1.3599e-02, 
 2DIAGNOSTIC,     3, -6.187563538551e-01, inf, 6.2006e-01, 1.1247e-02, 
 2DIAGNOSTIC,     4, -6.208270788193e-01, inf, 6.3116e-01, 1.1104e-02, 
 2DIAGNOSTIC,     5, -6.229891777039e-01, inf, 6.4233e-01, 1.1171e-02, 
 2DIAGNOSTIC,     6, -6.234503984451e-01, inf, 6.5430e-01, 1.1962e-02, 
 2DIAGNOSTIC,     7, -6.239168047905e-01, inf, 6.7047e-01, 1.6175e-02, 
 2DIAGNOSTIC,     8, -6.239265799522e-01, inf, 6.8133e-01, 1.0861e-02, 
 2DIAGNOSTIC,     9, -6.239756941795e-01, inf, 6.9217e-01, 1.0838e-02, 
 2DIAGNOSTIC,    10, -6.239947080612e-01, 8.611863013357e-04, 7.0201e-01, 9.8438e-03, 
 2DIAGNOSTIC,    11, -6.240351796150e-01, 5.870097666048e-04, 7.1335e-01, 1.1334e-02, 
 2DIAGNOSTIC,    12, -6.240599155426e-01, 3.476214769762e-04, 7.2597e-01, 1.2623e-02, 
 2DIAGNOSTIC,    13, -6.240571737289e-01, 1.648297911743e-04, 7.3708e-01, 1.1105e-02, 
 2DIAGNOSTIC,    14, -6.240735054016e-01, 5.998082997394e-05, 7.4733e-01, 1.0259e-02, 
 2DIAGNOSTIC,    15, -6.241233944893e-01, 3.097400986007e-05, 7.5820e-01, 1.0863e-02, 
 2DIAGNOSTIC,    16, -6.241123676300e-01, 1.538825199532e-05, 7.7242e-01, 1.4225e-02, 
 2DIAGNOSTIC,    17, -6.241244077682e-01, 1.328880262008e-05, 7.8458e-01, 1.2157e-02, 
 2DIAGNOSTIC,    18, -6.241075396538e-01, 1.018174680212e-05, 7.9883e-01, 1.4246e-02, 
 2DIAGNOSTIC,    19, -6.241000294685e-01, 7.630724212504e-06, 8.1112e-01, 1.2292e-02, 
 2DIAGNOSTIC,    20, -6.240919828415e-01, 4.996868028684e-06, 8.2383e-01, 1.2710e-02, 
 2DIAGNOSTIC,    21, -6.241016387939e-01, 3.372213086550e-06, 8.3581e-01, 1.1979e-02, 
 2DIAGNOSTIC,    22, -6.241307258606e-01, 2.848860958693e-06, 8.4922e-01, 1.3416e-02, 
 2DIAGNOSTIC,    23, -6.241300106049e-01, 2.159120867873e-06, 8.6045e-01, 1.1231e-02, 
 2DIAGNOSTIC,    24, -6.241431236267e-01, 2.002341034313e-06, 8.7116e-01, 1.0707e-02, 
 2DIAGNOSTIC,    25, -6.241669058800e-01, 3.146320750602e-06, 8.8732e-01, 1.6155e-02, 
 2DIAGNOSTIC,    26, -6.241657137871e-01, 3.786382876569e-06, 9.0022e-01, 1.2906e-02, 
 2DIAGNOSTIC,    27, -6.241735219955e-01, 4.477620223042e-06, 9.1339e-01, 1.3165e-02, 
 2DIAGNOSTIC,    28, -6.241680979729e-01, 4.449855168787e-06, 9.2540e-01, 1.2009e-02, 
 2DIAGNOSTIC,    29, -6.241441369057e-01, 3.628048943938e-06, 9.3938e-01, 1.3986e-02, 
 2DIAGNOSTIC,    30, -6.241419315338e-01, 2.471634161338e-06, 9.5419e-01, 1.4809e-02, 
 2DIAGNOSTIC,    31, -6.241347789764e-01, 1.277992055293e-06, 9.6729e-01, 1.3101e-02, 
DIAGNOSTIC,Iteration,metricValue,convergenceValue,ITERATION_TIME_INDEX,SINCE_LAST
 2DIAGNOSTIC,     1, -5.430120229721e-01, inf, 1.2038e+00, 2.3648e-01, 
 2DIAGNOSTIC,     2, -5.432029962540e-01, inf, 1.2568e+00, 5.3053e-02, 
 2DIAGNOSTIC,     3, -5.433668494225e-01, inf, 1.3116e+00, 5.4798e-02, 
 2DIAGNOSTIC,     4, -5.435107946396e-01, inf, 1.3653e+00, 5.3715e-02, 
 2DIAGNOSTIC,     5, -5.436599254608e-01, inf, 1.4232e+00, 5.7821e-02, 
 2DIAGNOSTIC,     6, -5.438168048859e-01, inf, 1.4822e+00, 5.9018e-02, 
 2DIAGNOSTIC,     7, -5.439273118973e-01, inf, 1.5513e+00, 6.9150e-02, 
 2DIAGNOSTIC,     8, -5.439638495445e-01, inf, 1.6043e+00, 5.3008e-02, 
 2DIAGNOSTIC,     9, -5.439931750298e-01, inf, 1.6583e+00, 5.3985e-02, 
 2DIAGNOSTIC,    10, -5.440403819084e-01, 1.264632592211e-04, 1.7146e+00, 5.6315e-02, 
 2DIAGNOSTIC,    11, -5.440680980682e-01, 9.567169763613e-05, 1.7720e+00, 5.7355e-02, 
 2DIAGNOSTIC,    12, -5.441283583641e-01, 7.251490023918e-05, 1.8487e+00, 7.6662e-02, 
 2DIAGNOSTIC,    13, -5.441271066666e-01, 5.309149855748e-05, 1.8999e+00, 5.1247e-02, 
 2DIAGNOSTIC,    14, -5.441657304764e-01, 3.865383041557e-05, 1.9613e+00, 6.1440e-02, 
 2DIAGNOSTIC,    15, -5.441802144051e-01, 2.839228727680e-05, 2.0215e+00, 6.0169e-02, 
 2DIAGNOSTIC,    16, -5.441868305206e-01, 2.224453601229e-05, 2.0875e+00, 6.5947e-02, 
 2DIAGNOSTIC,    17, -5.441961884499e-01, 1.862742101366e-05, 2.1386e+00, 5.1178e-02, 
 2DIAGNOSTIC,    18, -5.442034006119e-01, 1.513118331786e-05, 2.1970e+00, 5.8410e-02, 
 2DIAGNOSTIC,    19, -5.442078709602e-01, 1.167447499029e-05, 2.2472e+00, 5.0164e-02, 
 2DIAGNOSTIC,    20, -5.442127585411e-01, 8.985289241537e-06, 2.2991e+00, 5.1913e-02, 
 2DIAGNOSTIC,    21, -5.442357659340e-01, 7.093706699379e-06, 2.3495e+00, 5.0331e-02, 
 2DIAGNOSTIC,    22, -5.442717671394e-01, 7.139587069105e-06, 2.4090e+00, 5.9564e-02, 
 2DIAGNOSTIC,    23, -5.442804098129e-01, 6.778763690818e-06, 2.4672e+00, 5.8135e-02, 
 2DIAGNOSTIC,    24, -5.442938804626e-01, 7.081992862368e-06, 2.5474e+00, 8.0234e-02, 
