---------------------
Profiling information

Pipeline: ants registrationSyN-fp
NTHREAD: 32

DATASET: ds004513
SUBJECT_ID: s032

SIF_IMG: /mnt/lustre/mathdugre/containers/ants-debug.simg
DATA_DIR: /mnt/lustre/mathdugre/mri-bottleneck/datasets/ds004513

PROJECT_DIR: /mnt/lustre/mathdugre/mri-bottleneck
PROFILING_DIR: /mnt/lustre/mathdugre/mri-bottleneck/vtune_output/32-threads/ants/registrationSyN-fp/ds004513/sub-s032/Guum7C2crrCvZGU28H66kZbRjmtcQjv9
---------------------

Command to profile: bash tmp-scripts/Guum7C2crrCvZGU28H66kZbRjmtcQjv9.sh

--------------------------------------------------------------------------------------
 Mapping parameters
--------------------------------------------------------------------------------------
 ANTSPATH is /opt/ants/bin

 Dimensionality:           3
 Output name prefix:       /data/derivatives/ants/registrationSyN-fp/sub-s032/ses-open/anat/
 Fixed images:             /templateflow/tpl-MNI152NLin2009cAsym//tpl-MNI152NLin2009cAsym_res-01_desc-brain_T1w.nii.gz
 Moving images:            /data/derivatives/fsl/fast/sub-s032/ses-open/anat/BrainExtractionBrain_seg.nii.gz
 Mask images:              
 Initial transforms:       
 Number of threads:        32
 Spline distance:          26
 SyN gradient step:        0.1
 Transform type:           s
 CC radius:                4
 Precision:                f
 Use histogram matching    0
 Repro                     0
======================================================================================
 antsRegistration call:
--------------------------------------------------------------------------------------
/opt/ants/bin/antsRegistration --verbose 1 --dimensionality 3 --float 1 --collapse-output-transforms 1 --output [ /data/derivatives/ants/registrationSyN-fp/sub-s032/ses-open/anat/,/data/derivatives/ants/registrationSyN-fp/sub-s032/ses-open/anat/Warped.nii.gz,/data/derivatives/ants/registrationSyN-fp/sub-s032/ses-open/anat/InverseWarped.nii.gz ] --interpolation Linear --use-histogram-matching 0 --winsorize-image-intensities [ 0.005,0.995 ] --initial-moving-transform [ /templateflow/tpl-MNI152NLin2009cAsym//tpl-MNI152NLin2009cAsym_res-01_desc-brain_T1w.nii.gz,/data/derivatives/fsl/fast/sub-s032/ses-open/anat/BrainExtractionBrain_seg.nii.gz,1 ] --transform Rigid[ 0.1 ] --metric MI[ /templateflow/tpl-MNI152NLin2009cAsym//tpl-MNI152NLin2009cAsym_res-01_desc-brain_T1w.nii.gz,/data/derivatives/fsl/fast/sub-s032/ses-open/anat/BrainExtractionBrain_seg.nii.gz,1,32,Regular,0.25 ] --convergence [ 1000x500x250x100,1e-6,10 ] --shrink-factors 8x4x2x1 --smoothing-sigmas 3x2x1x0vox --transform Affine[ 0.1 ] --metric MI[ /templateflow/tpl-MNI152NLin2009cAsym//tpl-MNI152NLin2009cAsym_res-01_desc-brain_T1w.nii.gz,/data/derivatives/fsl/fast/sub-s032/ses-open/anat/BrainExtractionBrain_seg.nii.gz,1,32,Regular,0.25 ] --convergence [ 1000x500x250x100,1e-6,10 ] --shrink-factors 8x4x2x1 --smoothing-sigmas 3x2x1x0vox --transform SyN[ 0.1,3,0 ] --metric CC[ /templateflow/tpl-MNI152NLin2009cAsym//tpl-MNI152NLin2009cAsym_res-01_desc-brain_T1w.nii.gz,/data/derivatives/fsl/fast/sub-s032/ses-open/anat/BrainExtractionBrain_seg.nii.gz,1,4 ] --convergence [ 100x70x50x20,1e-6,10 ] --shrink-factors 8x4x2x1 --smoothing-sigmas 3x2x1x0vox
--------------------------------------------------------------------------------------
All_Command_lines_OK
Using single precision for computations.
=============================================================================
The composite transform comprises the following transforms (in order): 
  1. Center of mass alignment using fixed image: /templateflow/tpl-MNI152NLin2009cAsym//tpl-MNI152NLin2009cAsym_res-01_desc-brain_T1w.nii.gz and moving image: /data/derivatives/fsl/fast/sub-s032/ses-open/anat/BrainExtractionBrain_seg.nii.gz (type = Euler3DTransform)
=============================================================================
  number of levels = 4
  number of levels = 4
  number of levels = 4
  fixed image: /templateflow/tpl-MNI152NLin2009cAsym//tpl-MNI152NLin2009cAsym_res-01_desc-brain_T1w.nii.gz
  moving image: /data/derivatives/fsl/fast/sub-s032/ses-open/anat/BrainExtractionBrain_seg.nii.gz
  fixed image: /templateflow/tpl-MNI152NLin2009cAsym//tpl-MNI152NLin2009cAsym_res-01_desc-brain_T1w.nii.gz
  moving image: /data/derivatives/fsl/fast/sub-s032/ses-open/anat/BrainExtractionBrain_seg.nii.gz
  fixed image: /templateflow/tpl-MNI152NLin2009cAsym//tpl-MNI152NLin2009cAsym_res-01_desc-brain_T1w.nii.gz
  moving image: /data/derivatives/fsl/fast/sub-s032/ses-open/anat/BrainExtractionBrain_seg.nii.gz
Dimension = 3
Number of stages = 3
Use histogram matching = false
Winsorize image intensities = true
  Lower quantile = 0.005
  Upper quantile = 0.995


Stage 1 State
   Image metric = Mattes
     Fixed image = Image (0x560544bf82b0)
  RTTI typeinfo:   itk::Image<float, 3u>
  Reference Count: 2
  Modified Time: 1717
  Debug: Off
  Object Name: 
  Observers: 
    none
  Source: (none)
  Source output name: (none)
  Release Data: Off
  Data Released: False
  Global Release Data: Off
  PipelineMTime: 0
  UpdateMTime: 1502
  RealTimeStamp: 0 seconds 
  LargestPossibleRegion: 
    Dimension: 3
    Index: [0, 0, 0]
    Size: [193, 229, 193]
  BufferedRegion: 
    Dimension: 3
    Index: [0, 0, 0]
    Size: [193, 229, 193]
  RequestedRegion: 
    Dimension: 3
    Index: [0, 0, 0]
    Size: [193, 229, 193]
  Spacing: [1, 1, 1]
  Origin: [96, 132, -78]
  Direction: 
-1 0 0
0 -1 0
0 0 1

  IndexToPointMatrix: 
-1 0 0
0 -1 0
0 0 1

  PointToIndexMatrix: 
-1 0 0
0 -1 0
0 0 1

  Inverse Direction: 
-1 0 0
0 -1 0
0 0 1

  PixelContainer: 
    ImportImageContainer (0x560544c00e50)
      RTTI typeinfo:   itk::ImportImageContainer<unsigned long, float>
      Reference Count: 1
      Modified Time: 1499
      Debug: Off
      Object Name: 
      Observers: 
        none
      Pointer: 0x7f4297b9d010
      Container manages memory: true
      Size: 8530021
      Capacity: 8530021

     Moving image = Image (0x560544bf9630)
  RTTI typeinfo:   itk::Image<float, 3u>
  Reference Count: 2
  Modified Time: 1718
  Debug: Off
  Object Name: 
  Observers: 
    none
  Source: (none)
  Source output name: (none)
  Release Data: Off
  Data Released: False
  Global Release Data: Off
  PipelineMTime: 0
  UpdateMTime: 1715
  RealTimeStamp: 0 seconds 
  LargestPossibleRegion: 
    Dimension: 3
    Index: [0, 0, 0]
    Size: [160, 240, 256]
  BufferedRegion: 
    Dimension: 3
    Index: [0, 0, 0]
    Size: [160, 240, 256]
  RequestedRegion: 
    Dimension: 3
    Index: [0, 0, 0]
    Size: [160, 240, 256]
  Spacing: [1, 1, 1]
  Origin: [73.279, 104.707, -131.187]
  Direction: 
-0.997527 0.0645574 -0.0278053
-0.0645323 -0.997914 -0.00179875
-0.0278634 4.01097e-08 0.999612

  IndexToPointMatrix: 
-0.997527 0.0645574 -0.0278053
-0.0645323 -0.997914 -0.00179875
-0.0278634 4.01097e-08 0.999612

  PointToIndexMatrix: 
-0.997527 -0.0645323 -0.0278634
0.0645574 -0.997914 4.01049e-08
-0.0278053 -0.00179875 0.999612

  Inverse Direction: 
-0.997527 -0.0645323 -0.0278634
0.0645574 -0.997914 4.01049e-08
-0.0278053 -0.00179875 0.999612

  PixelContainer: 
    ImportImageContainer (0x560544bf92c0)
      RTTI typeinfo:   itk::ImportImageContainer<unsigned long, float>
      Reference Count: 1
      Modified Time: 1712
      Debug: Off
      Object Name: 
      Observers: 
        none
      Pointer: 0x7f429561c010
      Container manages memory: true
      Size: 9830400
      Capacity: 9830400

     Weighting = 1
     Sampling strategy = regular
     Number of bins = 32
     Radius = 4
     Sampling percentage  = 0.25
   Transform = Rigid
     Gradient step = 0.1
     Update field sigma (voxel space) = 0
     Total field sigma (voxel space) = 0
     Update field time sigma = 0
     Total field time sigma  = 0
     Number of time indices = 0
     Number of time point samples = 0
Stage 2 State
   Image metric = Mattes
     Fixed image = Image (0x560544c0af80)
  RTTI typeinfo:   itk::Image<float, 3u>
  Reference Count: 2
  Modified Time: 2145
  Debug: Off
  Object Name: 
  Observers: 
    none
  Source: (none)
  Source output name: (none)
  Release Data: Off
  Data Released: False
  Global Release Data: Off
  PipelineMTime: 0
  UpdateMTime: 1930
  RealTimeStamp: 0 seconds 
  LargestPossibleRegion: 
    Dimension: 3
    Index: [0, 0, 0]
    Size: [193, 229, 193]
  BufferedRegion: 
    Dimension: 3
    Index: [0, 0, 0]
    Size: [193, 229, 193]
  RequestedRegion: 
    Dimension: 3
    Index: [0, 0, 0]
    Size: [193, 229, 193]
  Spacing: [1, 1, 1]
  Origin: [96, 132, -78]
  Direction: 
-1 0 0
0 -1 0
0 0 1

  IndexToPointMatrix: 
-1 0 0
0 -1 0
0 0 1

  PointToIndexMatrix: 
-1 0 0
0 -1 0
0 0 1

  Inverse Direction: 
-1 0 0
0 -1 0
0 0 1

  PixelContainer: 
    ImportImageContainer (0x560544c072c0)
      RTTI typeinfo:   itk::ImportImageContainer<unsigned long, float>
      Reference Count: 1
      Modified Time: 1927
      Debug: Off
      Object Name: 
      Observers: 
        none
      Pointer: 0x7f4293591010
      Container manages memory: true
      Size: 8530021
      Capacity: 8530021

     Moving image = Image (0x560544c57e80)
  RTTI typeinfo:   itk::Image<float, 3u>
  Reference Count: 2
  Modified Time: 2146
  Debug: Off
  Object Name: 
  Observers: 
    none
  Source: (none)
  Source output name: (none)
  Release Data: Off
  Data Released: False
  Global Release Data: Off
  PipelineMTime: 0
  UpdateMTime: 2143
  RealTimeStamp: 0 seconds 
  LargestPossibleRegion: 
    Dimension: 3
    Index: [0, 0, 0]
    Size: [160, 240, 256]
  BufferedRegion: 
    Dimension: 3
    Index: [0, 0, 0]
    Size: [160, 240, 256]
  RequestedRegion: 
    Dimension: 3
    Index: [0, 0, 0]
    Size: [160, 240, 256]
  Spacing: [1, 1, 1]
  Origin: [73.279, 104.707, -131.187]
  Direction: 
-0.997527 0.0645574 -0.0278053
-0.0645323 -0.997914 -0.00179875
-0.0278634 4.01097e-08 0.999612

  IndexToPointMatrix: 
-0.997527 0.0645574 -0.0278053
-0.0645323 -0.997914 -0.00179875
-0.0278634 4.01097e-08 0.999612

  PointToIndexMatrix: 
-0.997527 -0.0645323 -0.0278634
0.0645574 -0.997914 4.01049e-08
-0.0278053 -0.00179875 0.999612

  Inverse Direction: 
-0.997527 -0.0645323 -0.0278634
0.0645574 -0.997914 4.01049e-08
-0.0278053 -0.00179875 0.999612

  PixelContainer: 
    ImportImageContainer (0x560544c58640)
      RTTI typeinfo:   itk::ImportImageContainer<unsigned long, float>
      Reference Count: 1
      Modified Time: 2140
      Debug: Off
      Object Name: 
      Observers: 
        none
      Pointer: 0x7f4291010010
      Container manages memory: true
      Size: 9830400
      Capacity: 9830400

     Weighting = 1
     Sampling strategy = regular
     Number of bins = 32
     Radius = 4
     Sampling percentage  = 0.25
   Transform = Affine
     Gradient step = 0.1
     Update field sigma (voxel space) = 0
     Total field sigma (voxel space) = 0
     Update field time sigma = 0
     Total field time sigma  = 0
     Number of time indices = 0
     Number of time point samples = 0
Stage 3 State
   Image metric = CC
     Fixed image = Image (0x560544c5a420)
  RTTI typeinfo:   itk::Image<float, 3u>
  Reference Count: 2
  Modified Time: 2573
  Debug: Off
  Object Name: 
  Observers: 
    none
  Source: (none)
  Source output name: (none)
  Release Data: Off
  Data Released: False
  Global Release Data: Off
  PipelineMTime: 0
  UpdateMTime: 2358
  RealTimeStamp: 0 seconds 
  LargestPossibleRegion: 
    Dimension: 3
    Index: [0, 0, 0]
    Size: [193, 229, 193]
  BufferedRegion: 
    Dimension: 3
    Index: [0, 0, 0]
    Size: [193, 229, 193]
  RequestedRegion: 
    Dimension: 3
    Index: [0, 0, 0]
    Size: [193, 229, 193]
  Spacing: [1, 1, 1]
  Origin: [96, 132, -78]
  Direction: 
-1 0 0
0 -1 0
0 0 1

  IndexToPointMatrix: 
-1 0 0
0 -1 0
0 0 1

  PointToIndexMatrix: 
-1 0 0
0 -1 0
0 0 1

  Inverse Direction: 
-1 0 0
0 -1 0
0 0 1

  PixelContainer: 
    ImportImageContainer (0x560544c5aa80)
      RTTI typeinfo:   itk::ImportImageContainer<unsigned long, float>
      Reference Count: 1
      Modified Time: 2355
      Debug: Off
      Object Name: 
      Observers: 
        none
      Pointer: 0x7f428ef85010
      Container manages memory: true
      Size: 8530021
      Capacity: 8530021

     Moving image = Image (0x560544c56430)
  RTTI typeinfo:   itk::Image<float, 3u>
  Reference Count: 2
  Modified Time: 2574
  Debug: Off
  Object Name: 
  Observers: 
    none
  Source: (none)
  Source output name: (none)
  Release Data: Off
  Data Released: False
  Global Release Data: Off
  PipelineMTime: 0
  UpdateMTime: 2571
  RealTimeStamp: 0 seconds 
  LargestPossibleRegion: 
    Dimension: 3
    Index: [0, 0, 0]
    Size: [160, 240, 256]
  BufferedRegion: 
    Dimension: 3
    Index: [0, 0, 0]
    Size: [160, 240, 256]
  RequestedRegion: 
    Dimension: 3
    Index: [0, 0, 0]
    Size: [160, 240, 256]
  Spacing: [1, 1, 1]
  Origin: [73.279, 104.707, -131.187]
  Direction: 
-0.997527 0.0645574 -0.0278053
-0.0645323 -0.997914 -0.00179875
-0.0278634 4.01097e-08 0.999612

  IndexToPointMatrix: 
-0.997527 0.0645574 -0.0278053
-0.0645323 -0.997914 -0.00179875
-0.0278634 4.01097e-08 0.999612

  PointToIndexMatrix: 
-0.997527 -0.0645323 -0.0278634
0.0645574 -0.997914 4.01049e-08
-0.0278053 -0.00179875 0.999612

  Inverse Direction: 
-0.997527 -0.0645323 -0.0278634
0.0645574 -0.997914 4.01049e-08
-0.0278053 -0.00179875 0.999612

  PixelContainer: 
    ImportImageContainer (0x560544c07640)
      RTTI typeinfo:   itk::ImportImageContainer<unsigned long, float>
      Reference Count: 1
      Modified Time: 2568
      Debug: Off
      Object Name: 
      Observers: 
        none
      Pointer: 0x7f428ca04010
      Container manages memory: true
      Size: 9830400
      Capacity: 9830400

     Weighting = 1
     Sampling strategy = none
     Number of bins = 32
     Radius = 4
     Sampling percentage  = 1
   Transform = SyN
     Gradient step = 0.1
     Update field sigma (voxel space) = 3
     Total field sigma (voxel space) = 0
     Update field time sigma = 0
     Total field time sigma  = 0
     Number of time indices = 0
     Number of time point samples = 0
Registration using 3 total stages.

Stage 0
  iterations = 1000x500x250x100
  convergence threshold = 1e-06
  convergence window size = 10
  number of levels = 4
  using the Mattes MI metric (number of bins = 32, weight = 1, use gradient filter = 0)
  preprocessing:  winsorizing the image intensities
  Shrink factors (level 1 out of 4): [8, 8, 8]
  Shrink factors (level 2 out of 4): [4, 4, 4]
  Shrink factors (level 3 out of 4): [2, 2, 2]
  Shrink factors (level 4 out of 4): [1, 1, 1]
  smoothing sigmas per level: [3, 2, 1, 0]
  regular sampling (percentage = 0.25)

*** Running Euler3DTransform registration ***

DIAGNOSTIC,Iteration,metricValue,convergenceValue,ITERATION_TIME_INDEX,SINCE_LAST
 2DIAGNOSTIC,     1, -5.811700224876e-01, inf, 1.3762e-01, 1.3762e-01, 
 2DIAGNOSTIC,     2, -5.841249227524e-01, inf, 1.4509e-01, 7.4670e-03, 
 2DIAGNOSTIC,     3, -5.899279713631e-01, inf, 1.5070e-01, 5.6100e-03, 
 2DIAGNOSTIC,     4, -5.971310138702e-01, inf, 1.5630e-01, 5.5981e-03, 
 2DIAGNOSTIC,     5, -6.061831116676e-01, inf, 1.6192e-01, 5.6200e-03, 
 2DIAGNOSTIC,     6, -6.232725381851e-01, inf, 1.6762e-01, 5.7030e-03, 
 2DIAGNOSTIC,     7, -6.488845944405e-01, inf, 1.7441e-01, 6.7921e-03, 
 2DIAGNOSTIC,     8, -6.594120860100e-01, inf, 1.8285e-01, 8.4441e-03, 
 2DIAGNOSTIC,     9, -6.611674427986e-01, inf, 1.8944e-01, 6.5861e-03, 
 2DIAGNOSTIC,    10, -6.633760929108e-01, 1.030582003295e-02, 2.0937e-01, 1.9927e-02, 
 2DIAGNOSTIC,    11, -6.641521453857e-01, 9.019671939313e-03, 2.1958e-01, 1.0211e-02, 
 2DIAGNOSTIC,    12, -6.644039750099e-01, 7.259908597916e-03, 2.2691e-01, 7.3309e-03, 
 2DIAGNOSTIC,    13, -6.645817756653e-01, 5.337531212717e-03, 2.3342e-01, 6.5100e-03, 
 2DIAGNOSTIC,    14, -6.646825671196e-01, 3.463840810582e-03, 2.4039e-01, 6.9690e-03, 
 2DIAGNOSTIC,    15, -6.650508642197e-01, 1.815415802412e-03, 2.4764e-01, 7.2498e-03, 
 2DIAGNOSTIC,    16, -6.655076146126e-01, 6.879153079353e-04, 2.5432e-01, 6.6800e-03, 
 2DIAGNOSTIC,    17, -6.664277315140e-01, 3.225125838071e-04, 2.6094e-01, 6.6190e-03, 
 2DIAGNOSTIC,    18, -6.668578982353e-01, 2.389954752289e-04, 2.6846e-01, 7.5181e-03, 
 2DIAGNOSTIC,    19, -6.670132875443e-01, 1.860704360297e-04, 2.7723e-01, 8.7790e-03, 
 2DIAGNOSTIC,    20, -6.686207652092e-01, 2.055813383777e-04, 2.9133e-01, 1.4095e-02, 
 2DIAGNOSTIC,    21, -6.687324643135e-01, 2.217203291366e-04, 2.9728e-01, 5.9540e-03, 
 2DIAGNOSTIC,    22, -6.688641309738e-01, 2.235272258986e-04, 3.0351e-01, 6.2308e-03, 
 2DIAGNOSTIC,    23, -6.689967513084e-01, 2.107680920744e-04, 3.0979e-01, 6.2759e-03, 
 2DIAGNOSTIC,    24, -6.690858602524e-01, 1.829685497796e-04, 3.1582e-01, 6.0320e-03, 
 2DIAGNOSTIC,    25, -6.691206693649e-01, 1.471131108701e-04, 3.2259e-01, 6.7730e-03, 
 2DIAGNOSTIC,    26, -6.691299080849e-01, 1.078276836779e-04, 3.2855e-01, 5.9519e-03, 
 2DIAGNOSTIC,    27, -6.690444946289e-01, 7.525480032200e-05, 3.3535e-01, 6.8052e-03, 
 2DIAGNOSTIC,    28, -6.690580844879e-01, 4.527955024969e-05, 3.4800e-01, 1.2652e-02, 
 2DIAGNOSTIC,    29, -6.690587401390e-01, 1.492062892794e-05, 3.5675e-01, 8.7502e-03, 
 2DIAGNOSTIC,    30, -6.690575480461e-01, 8.648297807667e-06, 3.6375e-01, 6.9931e-03, 
 2DIAGNOSTIC,    31, -6.690573692322e-01, 3.636450855993e-06, 3.7468e-01, 1.0932e-02, 
DIAGNOSTIC,Iteration,metricValue,convergenceValue,ITERATION_TIME_INDEX,SINCE_LAST
 2DIAGNOSTIC,     1, -5.294751524925e-01, inf, 5.0243e-01, 1.2775e-01, 
 2DIAGNOSTIC,     2, -5.302128791809e-01, inf, 5.1667e-01, 1.4235e-02, 
 2DIAGNOSTIC,     3, -5.312597751617e-01, inf, 5.3093e-01, 1.4269e-02, 
 2DIAGNOSTIC,     4, -5.322644710541e-01, inf, 5.4117e-01, 1.0236e-02, 
 2DIAGNOSTIC,     5, -5.329674482346e-01, inf, 5.5087e-01, 9.7041e-03, 
 2DIAGNOSTIC,     6, -5.332698822021e-01, inf, 5.6126e-01, 1.0387e-02, 
 2DIAGNOSTIC,     7, -5.337691903114e-01, inf, 5.6890e-01, 7.6370e-03, 
 2DIAGNOSTIC,     8, -5.348530411720e-01, inf, 5.7676e-01, 7.8621e-03, 
 2DIAGNOSTIC,     9, -5.386821031570e-01, inf, 5.8803e-01, 1.1271e-02, 
 2DIAGNOSTIC,    10, -5.392104387283e-01, 1.090230070986e-03, 5.9587e-01, 7.8399e-03, 
 2DIAGNOSTIC,    11, -5.397319793701e-01, 1.063844189048e-03, 6.0417e-01, 8.3010e-03, 
 2DIAGNOSTIC,    12, -5.410950779915e-01, 1.041194889694e-03, 6.1400e-01, 9.8300e-03, 
 2DIAGNOSTIC,    13, -5.420752167702e-01, 1.008014543913e-03, 6.2200e-01, 7.9970e-03, 
 2DIAGNOSTIC,    14, -5.428764224052e-01, 9.535913704894e-04, 6.3012e-01, 8.1239e-03, 
 2DIAGNOSTIC,    15, -5.450222492218e-01, 9.201697539538e-04, 6.4208e-01, 1.1953e-02, 
 2DIAGNOSTIC,    16, -5.457485914230e-01, 8.411629823968e-04, 6.5109e-01, 9.0091e-03, 
 2DIAGNOSTIC,    17, -5.466149449348e-01, 7.372265099548e-04, 6.5937e-01, 8.2889e-03, 
 2DIAGNOSTIC,    18, -5.514736175537e-01, 7.481913780794e-04, 6.6838e-01, 9.0010e-03, 
 2DIAGNOSTIC,    19, -5.532257556915e-01, 8.400586084463e-04, 6.7682e-01, 8.4400e-03, 
 2DIAGNOSTIC,    20, -5.534412264824e-01, 8.642205502838e-04, 6.8562e-01, 8.8022e-03, 
 2DIAGNOSTIC,    21, -5.537115335464e-01, 8.269832469523e-04, 6.9318e-01, 7.5610e-03, 
 2DIAGNOSTIC,    22, -5.542029738426e-01, 7.605715654790e-04, 7.0330e-01, 1.0118e-02, 
 2DIAGNOSTIC,    23, -5.546913146973e-01, 6.606670795009e-04, 7.1146e-01, 8.1670e-03, 
 2DIAGNOSTIC,    24, -5.549378395081e-01, 5.284264916554e-04, 7.1910e-01, 7.6342e-03, 
 2DIAGNOSTIC,    25, -5.552304983139e-01, 4.099684301764e-04, 7.2710e-01, 8.0011e-03, 
 2DIAGNOSTIC,    26, -5.553165674210e-01, 2.799249195959e-04, 7.3600e-01, 8.9049e-03, 
 2DIAGNOSTIC,    27, -5.560071468353e-01, 1.612872438272e-04, 7.4742e-01, 1.1415e-02, 
 2DIAGNOSTIC,    28, -5.566697120667e-01, 1.379250606988e-04, 7.5591e-01, 8.4860e-03, 
 2DIAGNOSTIC,    29, -5.570210218430e-01, 1.409475662513e-04, 7.6478e-01, 8.8780e-03, 
 2DIAGNOSTIC,    30, -5.585328936577e-01, 1.607181475265e-04, 7.7695e-01, 1.2163e-02, 
 2DIAGNOSTIC,    31, -5.589470267296e-01, 1.749505172484e-04, 7.8574e-01, 8.7938e-03, 
 2DIAGNOSTIC,    32, -5.591168403625e-01, 1.824206410674e-04, 7.9401e-01, 8.2729e-03, 
 2DIAGNOSTIC,    33, -5.602155327797e-01, 1.973554171855e-04, 8.0298e-01, 8.9650e-03, 
 2DIAGNOSTIC,    34, -5.629845261574e-01, 2.383190876571e-04, 8.1411e-01, 1.1129e-02, 
 2DIAGNOSTIC,    35, -5.647009611130e-01, 2.830078883562e-04, 8.2282e-01, 8.7118e-03, 
 2DIAGNOSTIC,    36, -5.652012825012e-01, 3.065297496505e-04, 8.3194e-01, 9.1188e-03, 
 2DIAGNOSTIC,    37, -5.658521652222e-01, 3.191994037479e-04, 8.4397e-01, 1.2034e-02, 
 2DIAGNOSTIC,    38, -5.661525726318e-01, 3.140176122542e-04, 8.5263e-01, 8.6579e-03, 
 2DIAGNOSTIC,    39, -5.668107271194e-01, 2.915365912486e-04, 8.6200e-01, 9.3710e-03, 
 2DIAGNOSTIC,    40, -5.674044489861e-01, 2.692308044061e-04, 8.7268e-01, 1.0676e-02, 
 2DIAGNOSTIC,    41, -5.674033164978e-01, 2.280598419020e-04, 8.8085e-01, 8.1758e-03, 
 2DIAGNOSTIC,    42, -5.674403905869e-01, 1.701827568468e-04, 8.8874e-01, 7.8888e-03, 
 2DIAGNOSTIC,    43, -5.675828456879e-01, 1.131687895395e-04, 8.9707e-01, 8.3311e-03, 
 2DIAGNOSTIC,    44, -5.677376389503e-01, 8.174151298590e-05, 9.0544e-01, 8.3721e-03, 
 2DIAGNOSTIC,    45, -5.679179430008e-01, 6.553550338140e-05, 9.1757e-01, 1.2123e-02, 
 2DIAGNOSTIC,    46, -5.679808855057e-01, 5.007456638850e-05, 9.2637e-01, 8.8019e-03, 
 2DIAGNOSTIC,    47, -5.679945349693e-01, 3.795862721745e-05, 9.3490e-01, 8.5268e-03, 
 2DIAGNOSTIC,    48, -5.680312514305e-01, 2.628188485687e-05, 9.4200e-01, 7.1080e-03, 
 2DIAGNOSTIC,    49, -5.680568218231e-01, 1.960214831342e-05, 9.5047e-01, 8.4682e-03, 
 2DIAGNOSTIC,    50, -5.681202411652e-01, 1.812091431930e-05, 9.5901e-01, 8.5371e-03, 
 2DIAGNOSTIC,    51, -5.682345628738e-01, 1.616902045498e-05, 9.6983e-01, 1.0820e-02, 
 2DIAGNOSTIC,    52, -5.682916641235e-01, 1.371479538648e-05, 9.7958e-01, 9.7480e-03, 
 2DIAGNOSTIC,    53, -5.682653188705e-01, 1.121172590501e-05, 9.8761e-01, 8.0330e-03, 
 2DIAGNOSTIC,    54, -5.685834288597e-01, 1.225928735948e-05, 9.9652e-01, 8.9090e-03, 
 2DIAGNOSTIC,    55, -5.687151551247e-01, 1.495180458733e-05, 1.0050e+00, 8.4710e-03, 
 2DIAGNOSTIC,    56, -5.687141418457e-01, 1.671242534940e-05, 1.0135e+00, 8.5039e-03, 
 2DIAGNOSTIC,    57, -5.687232017517e-01, 1.711629738566e-05, 1.0212e+00, 7.6640e-03, 
 2DIAGNOSTIC,    58, -5.687600970268e-01, 1.659021836531e-05, 1.0299e+00, 8.7080e-03, 
 2DIAGNOSTIC,    59, -5.687940120697e-01, 1.500333291915e-05, 1.0383e+00, 8.4341e-03, 
 2DIAGNOSTIC,    60, -5.688248276711e-01, 1.282598350372e-05, 1.0469e+00, 8.6031e-03, 
 2DIAGNOSTIC,    61, -5.689025521278e-01, 1.117303690990e-05, 1.0551e+00, 8.2049e-03, 
 2DIAGNOSTIC,    62, -5.691600441933e-01, 1.118549153034e-05, 1.0646e+00, 9.4941e-03, 
 2DIAGNOSTIC,    63, -5.697507858276e-01, 1.463055014028e-05, 1.0744e+00, 9.7539e-03, 
 2DIAGNOSTIC,    64, -5.706728696823e-01, 2.636232056830e-05, 1.0833e+00, 8.9791e-03, 
 2DIAGNOSTIC,    65, -5.711517333984e-01, 3.990801997134e-05, 1.0915e+00, 8.1520e-03, 
 2DIAGNOSTIC,    66, -5.760136842728e-01, 8.683286432642e-05, 1.1017e+00, 1.0243e-02, 
 2DIAGNOSTIC,    67, -5.790330171585e-01, 1.460700586904e-04, 1.1105e+00, 8.7402e-03, 
 2DIAGNOSTIC,    68, -5.800610184669e-01, 1.971956080524e-04, 1.1193e+00, 8.8739e-03, 
 2DIAGNOSTIC,    69, -5.808466672897e-01, 2.343947562622e-04, 1.1373e+00, 1.7921e-02, 
 2DIAGNOSTIC,    70, -5.808634757996e-01, 2.484377764631e-04, 1.1458e+00, 8.4920e-03, 
 2DIAGNOSTIC,    71, -5.808711051941e-01, 2.383897517575e-04, 1.1551e+00, 9.3641e-03, 
 2DIAGNOSTIC,    72, -5.808889865875e-01, 2.072269417113e-04, 1.1649e+00, 9.7570e-03, 
 2DIAGNOSTIC,    73, -5.808997750282e-01, 1.613854838070e-04, 1.1741e+00, 9.2590e-03, 
 2DIAGNOSTIC,    74, -5.809059739113e-01, 1.082057060557e-04, 1.1830e+00, 8.9090e-03, 
 2DIAGNOSTIC,    75, -5.808883309364e-01, 4.861850902671e-05, 1.1917e+00, 8.6470e-03, 
 2DIAGNOSTIC,    76, -5.809038877487e-01, 1.815295763663e-05, 1.2003e+00, 8.6460e-03, 
 2DIAGNOSTIC,    77, -5.810198783875e-01, 7.303865004360e-06, 1.2168e+00, 1.6444e-02, 
 2DIAGNOSTIC,    78, -5.810673236847e-01, 2.897594185924e-06, 1.2276e+00, 1.0840e-02, 
 2DIAGNOSTIC,    79, -5.810370445251e-01, 3.211508555978e-06, 1.2399e+00, 1.2286e-02, 
 2DIAGNOSTIC,    80, -5.810331106186e-01, 3.352476369400e-06, 1.2496e+00, 9.6929e-03, 
 2DIAGNOSTIC,    81, -5.810138583183e-01, 3.130782488370e-06, 1.2586e+00, 9.0029e-03, 
 2DIAGNOSTIC,    82, -5.810387730598e-01, 2.898837237808e-06, 1.2680e+00, 9.3949e-03, 
 2DIAGNOSTIC,    83, -5.810589790344e-01, 2.606394900795e-06, 1.2777e+00, 9.6998e-03, 
 2DIAGNOSTIC,    84, -5.810529589653e-01, 2.122776095348e-06, 1.2867e+00, 8.9970e-03, 
 2DIAGNOSTIC,    85, -5.810750722885e-01, 1.526815367470e-06, 1.2956e+00, 8.8639e-03, 
DIAGNOSTIC,Iteration,metricValue,convergenceValue,ITERATION_TIME_INDEX,SINCE_LAST
 2DIAGNOSTIC,     1, -5.127761363983e-01, inf, 1.6057e+00, 3.1014e-01, 
 2DIAGNOSTIC,     2, -5.131815671921e-01, inf, 1.6667e+00, 6.1025e-02, 
 2DIAGNOSTIC,     3, -5.135921239853e-01, inf, 1.7277e+00, 6.0935e-02, 
 2DIAGNOSTIC,     4, -5.137245655060e-01, inf, 1.7744e+00, 4.6691e-02, 
 2DIAGNOSTIC,     5, -5.138219594955e-01, inf, 1.8180e+00, 4.3662e-02, 
 2DIAGNOSTIC,     6, -5.139873027802e-01, inf, 1.8638e+00, 4.5820e-02, 
 2DIAGNOSTIC,     7, -5.140536427498e-01, inf, 1.9037e+00, 3.9876e-02, 
 2DIAGNOSTIC,     8, -5.142249464989e-01, inf, 1.9494e+00, 4.5680e-02, 
 2DIAGNOSTIC,     9, -5.147378444672e-01, inf, 2.0026e+00, 5.3160e-02, 
 2DIAGNOSTIC,    10, -5.153378248215e-01, 2.545984170865e-04, 2.0495e+00, 4.6987e-02, 
 2DIAGNOSTIC,    11, -5.154305696487e-01, 2.383357787039e-04, 2.0956e+00, 4.6030e-02, 
 2DIAGNOSTIC,    12, -5.154340863228e-01, 2.226110082120e-04, 2.1485e+00, 5.2935e-02, 
 2DIAGNOSTIC,    13, -5.154336690903e-01, 2.071360795526e-04, 2.2089e+00, 6.0402e-02, 
 2DIAGNOSTIC,    14, -5.154337882996e-01, 1.801370090107e-04, 2.2580e+00, 4.9095e-02, 
 2DIAGNOSTIC,    15, -5.154333710670e-01, 1.435840968043e-04, 2.3054e+00, 4.7353e-02, 
 2DIAGNOSTIC,    16, -5.154321193695e-01, 1.044656746672e-04, 2.3523e+00, 4.6945e-02, 
 2DIAGNOSTIC,    17, -5.154321789742e-01, 6.302883411990e-05, 2.3995e+00, 4.7208e-02, 
 2DIAGNOSTIC,    18, -5.154305696487e-01, 2.557731204433e-05, 2.4453e+00, 4.5826e-02, 
 2DIAGNOSTIC,    19, -5.154305100441e-01, 4.308724783186e-06, 2.5046e+00, 5.9266e-02, 
 2DIAGNOSTIC,    20, -5.154305696487e-01, 1.419994646312e-06, 2.5487e+00, 4.4098e-02, 
 2DIAGNOSTIC,    21, -5.154299139977e-01, 1.241299628418e-06, 2.5931e+00, 4.4359e-02, 
 2DIAGNOSTIC,    22, -5.154301524162e-01, 1.199711164190e-06, 2.6522e+00, 5.9109e-02, 
 2DIAGNOSTIC,    23, -5.154300928116e-01, 1.173136865873e-06, 2.6987e+00, 4.6579e-02, 
 2DIAGNOSTIC,    24, -5.154300928116e-01, 1.171326744043e-06, 2.7432e+00, 4.4458e-02, 
 2DIAGNOSTIC,    25, -5.154299736023e-01, 1.172770339508e-06, 2.7878e+00, 4.4616e-02, 
 2DIAGNOSTIC,    26, -5.154300928116e-01, 1.159359840130e-06, 2.8327e+00, 4.4899e-02, 
 2DIAGNOSTIC,    27, -5.154300332069e-01, 1.153931521003e-06, 2.8789e+00, 4.6158e-02, 
 2DIAGNOSTIC,    28, -5.154300332069e-01, 1.119431431107e-06, 2.9248e+00, 4.5931e-02, 
 2DIAGNOSTIC,    29, -5.154299139977e-01, 1.085518647415e-06, 2.9713e+00, 4.6462e-02, 
 2DIAGNOSTIC,    30, -5.154299736023e-01, 1.057695158124e-06, 3.0218e+00, 5.0505e-02, 
 2DIAGNOSTIC,    31, -5.154299736023e-01, 1.020127001539e-06, 3.0693e+00, 4.7495e-02, 
DIAGNOSTIC,Iteration,metricValue,convergenceValue,ITERATION_TIME_INDEX,SINCE_LAST
 2DIAGNOSTIC,     1, -4.709098339081e-01, inf, 3.8308e+00, 7.6158e-01, 
 2DIAGNOSTIC,     2, -4.709423184395e-01, inf, 4.0701e+00, 2.3928e-01, 
 2DIAGNOSTIC,     3, -4.709550738335e-01, inf, 4.3475e+00, 2.7737e-01, 
 2DIAGNOSTIC,     4, -4.709544777870e-01, inf, 4.6040e+00, 2.5650e-01, 
 2DIAGNOSTIC,     5, -4.709552228451e-01, inf, 4.8580e+00, 2.5399e-01, 
 2DIAGNOSTIC,     6, -4.709549546242e-01, inf, 5.0847e+00, 2.2673e-01, 
 2DIAGNOSTIC,     7, -4.709548652172e-01, inf, 5.3160e+00, 2.3132e-01, 
 2DIAGNOSTIC,     8, -4.709543883801e-01, inf, 5.5931e+00, 2.7705e-01, 
 2DIAGNOSTIC,     9, -4.709546267986e-01, inf, 5.8214e+00, 2.2833e-01, 
 2DIAGNOSTIC,    10, -4.709541797638e-01, 6.485251105914e-06, 6.0752e+00, 2.5378e-01, 
 2DIAGNOSTIC,    11, -4.709542393684e-01, 3.486571358735e-06, 6.3538e+00, 2.7858e-01, 
 2DIAGNOSTIC,    12, -4.709541499615e-01, 2.545418965383e-06, 6.6034e+00, 2.4965e-01, 
 2DIAGNOSTIC,    13, -4.709542393684e-01, 2.356026925554e-06, 6.8355e+00, 2.3206e-01, 
 2DIAGNOSTIC,    14, -4.709542095661e-01, 2.173709162889e-06, 7.1009e+00, 2.6537e-01, 
 2DIAGNOSTIC,    15, -4.709541201591e-01, 2.051297087746e-06, 7.3315e+00, 2.3062e-01, 
 2DIAGNOSTIC,    16, -4.709541499615e-01, 1.941758682733e-06, 7.5694e+00, 2.3793e-01, 
 2DIAGNOSTIC,    17, -4.709540605545e-01, 1.843305653892e-06, 7.7993e+00, 2.2987e-01, 
 2DIAGNOSTIC,    18, -4.709540903568e-01, 1.743015673128e-06, 8.0408e+00, 2.4157e-01, 
 2DIAGNOSTIC,    19, -4.709541201591e-01, 1.664399519541e-06, 8.2722e+00, 2.3140e-01, 
 2DIAGNOSTIC,    20, -4.709541499615e-01, 1.581914034432e-06, 8.5073e+00, 2.3508e-01, 
 2DIAGNOSTIC,    21, -4.709540009499e-01, 1.505610839558e-06, 8.7427e+00, 2.3534e-01, 
 2DIAGNOSTIC,    22, -4.709540009499e-01, 1.434701744074e-06, 8.9758e+00, 2.3315e-01, 
 2DIAGNOSTIC,    23, -4.709541499615e-01, 1.377228386445e-06, 9.2389e+00, 2.6306e-01, 
 2DIAGNOSTIC,    24, -4.709541201591e-01, 1.323441438217e-06, 9.4703e+00, 2.3144e-01, 
 2DIAGNOSTIC,    25, -4.709539711475e-01, 1.268415871891e-06, 9.7088e+00, 2.3846e-01, 
 2DIAGNOSTIC,    26, -4.709540009499e-01, 1.219663204211e-06, 9.9401e+00, 2.3139e-01, 
 2DIAGNOSTIC,    27, -4.709539711475e-01, 1.172145175588e-06, 1.0180e+01, 2.3949e-01, 
 2DIAGNOSTIC,    28, -4.709540009499e-01, 1.129731231231e-06, 1.0419e+01, 2.3958e-01, 
 2DIAGNOSTIC,    29, -4.709540009499e-01, 1.091401600206e-06, 1.0653e+01, 2.3382e-01, 
 2DIAGNOSTIC,    30, -4.709540605545e-01, 1.058128418663e-06, 1.0881e+01, 2.2790e-01, 
 2DIAGNOSTIC,    31, -4.709540307522e-01, 1.023734853334e-06, 1.1108e+01, 2.2750e-01, 
  Elapsed time (stage 0): 1.1336e+01


Stage 1
  iterations = 1000x500x250x100
  convergence threshold = 1.0000e-06
  convergence window size = 10
  number of levels = 4
  using the Mattes MI metric (number of bins = 32, weight = 1.0000e+00, use gradient filter = 0)
  preprocessing:  winsorizing the image intensities
  Shrink factors (level 1 out of 4): [8, 8, 8]
  Shrink factors (level 2 out of 4): [4, 4, 4]
  Shrink factors (level 3 out of 4): [2, 2, 2]
  Shrink factors (level 4 out of 4): [1, 1, 1]
  smoothing sigmas per level: [3, 2, 1, 0]
  regular sampling (percentage = 2.5000e-01)

*** Running AffineTransform registration ***

DIAGNOSTIC,Iteration,metricValue,convergenceValue,ITERATION_TIME_INDEX,SINCE_LAST
 2DIAGNOSTIC,     1, -6.992216110229e-01, inf, 1.0895e-01, 1.0895e-01, 
 2DIAGNOSTIC,     2, -7.013971805573e-01, inf, 1.1545e-01, 6.5012e-03, 
 2DIAGNOSTIC,     3, -7.058656215668e-01, inf, 1.2367e-01, 8.2221e-03, 
 2DIAGNOSTIC,     4, -7.126576304436e-01, inf, 1.3097e-01, 7.2908e-03, 
 2DIAGNOSTIC,     5, -7.207484245300e-01, inf, 1.3789e-01, 6.9239e-03, 
 2DIAGNOSTIC,     6, -7.431006431580e-01, inf, 1.4453e-01, 6.6390e-03, 
 2DIAGNOSTIC,     7, -7.556837201118e-01, inf, 1.5144e-01, 6.9091e-03, 
 2DIAGNOSTIC,     8, -7.584177255630e-01, inf, 1.6319e-01, 1.1749e-02, 
 2DIAGNOSTIC,     9, -7.593165040016e-01, inf, 1.7007e-01, 6.8841e-03, 
 2DIAGNOSTIC,    10, -7.598147988319e-01, 6.679731421173e-03, 1.7962e-01, 9.5448e-03, 
 2DIAGNOSTIC,    11, -7.618582248688e-01, 5.632725078613e-03, 1.9246e-01, 1.2843e-02, 
 2DIAGNOSTIC,    12, -7.627345919609e-01, 4.352347925305e-03, 1.9967e-01, 7.2141e-03, 
 2DIAGNOSTIC,    13, -7.640756964684e-01, 3.060458693653e-03, 2.0705e-01, 7.3819e-03, 
 2DIAGNOSTIC,    14, -7.658907771111e-01, 1.923527568579e-03, 2.1699e-01, 9.9401e-03, 
 2DIAGNOSTIC,    15, -7.662777304649e-01, 9.719016961753e-04, 2.2385e-01, 6.8531e-03, 
 2DIAGNOSTIC,    16, -7.666676640511e-01, 5.893887719139e-04, 2.3149e-01, 7.6380e-03, 
 2DIAGNOSTIC,    17, -7.669740915298e-01, 4.868723335676e-04, 2.4006e-01, 8.5759e-03, 
 2DIAGNOSTIC,    18, -7.673035860062e-01, 4.157554358244e-04, 2.4647e-01, 6.4111e-03, 
 2DIAGNOSTIC,    19, -7.672703862190e-01, 3.311005129945e-04, 2.5409e-01, 7.6182e-03, 
 2DIAGNOSTIC,    20, -7.680321931839e-01, 2.478706301190e-04, 2.6564e-01, 1.1548e-02, 
 2DIAGNOSTIC,    21, -7.685399651527e-01, 1.958101493074e-04, 2.7714e-01, 1.1498e-02, 
 2DIAGNOSTIC,    22, -7.690953612328e-01, 1.547066349303e-04, 2.8611e-01, 8.9719e-03, 
 2DIAGNOSTIC,    23, -7.695343494415e-01, 1.314757828368e-04, 2.9452e-01, 8.4159e-03, 
 2DIAGNOSTIC,    24, -7.705354094505e-01, 1.423399080522e-04, 3.0420e-01, 9.6710e-03, 
 2DIAGNOSTIC,    25, -7.707164883614e-01, 1.471959694754e-04, 3.1402e-01, 9.8200e-03, 
 2DIAGNOSTIC,    26, -7.707120180130e-01, 1.434820005670e-04, 3.2394e-01, 9.9230e-03, 
 2DIAGNOSTIC,    27, -7.706561088562e-01, 1.302757009398e-04, 3.3079e-01, 6.8512e-03, 
 2DIAGNOSTIC,    28, -7.705234885216e-01, 1.086459160433e-04, 3.3904e-01, 8.2510e-03, 
 2DIAGNOSTIC,    29, -7.706595063210e-01, 7.943116361275e-05, 3.4778e-01, 8.7390e-03, 
 2DIAGNOSTIC,    30, -7.707883119583e-01, 5.579087519436e-05, 3.5460e-01, 6.8250e-03, 
 2DIAGNOSTIC,    31, -7.707701921463e-01, 3.447825656622e-05, 3.6282e-01, 8.2169e-03, 
 2DIAGNOSTIC,    32, -7.710936665535e-01, 2.176631824113e-05, 3.7028e-01, 7.4580e-03, 
 2DIAGNOSTIC,    33, -7.720685005188e-01, 2.358640267630e-05, 3.7814e-01, 7.8590e-03, 
 2DIAGNOSTIC,    34, -7.730096578598e-01, 4.421721678227e-05, 3.8665e-01, 8.5142e-03, 
 2DIAGNOSTIC,    35, -7.736257910728e-01, 6.791124906158e-05, 3.9887e-01, 1.2216e-02, 
 2DIAGNOSTIC,    36, -7.738428711891e-01, 8.621673623566e-05, 4.0646e-01, 7.5941e-03, 
 2DIAGNOSTIC,    37, -7.739423513412e-01, 9.599090117263e-05, 4.1395e-01, 7.4880e-03, 
 2DIAGNOSTIC,    38, -7.744330763817e-01, 9.957343718270e-05, 4.2443e-01, 1.0484e-02, 
 2DIAGNOSTIC,    39, -7.744745612144e-01, 9.498131112196e-05, 4.3148e-01, 7.0419e-03, 
 2DIAGNOSTIC,    40, -7.745314240456e-01, 8.349501149496e-05, 4.3817e-01, 6.6912e-03, 
 2DIAGNOSTIC,    41, -7.746921777725e-01, 6.615930760745e-05, 4.4674e-01, 8.5700e-03, 
 2DIAGNOSTIC,    42, -7.753439545631e-01, 5.197158316150e-05, 4.5909e-01, 1.2354e-02, 
 2DIAGNOSTIC,    43, -7.753701210022e-01, 4.190544859739e-05, 4.6751e-01, 8.4200e-03, 
 2DIAGNOSTIC,    44, -7.754009366035e-01, 3.656233820948e-05, 4.7436e-01, 6.8500e-03, 
 2DIAGNOSTIC,    45, -7.753075361252e-01, 3.246325286455e-05, 4.8133e-01, 6.9699e-03, 
 2DIAGNOSTIC,    46, -7.753314375877e-01, 2.747748658294e-05, 4.8849e-01, 7.1609e-03, 
 2DIAGNOSTIC,    47, -7.753437757492e-01, 2.082868195430e-05, 4.9994e-01, 1.1446e-02, 
 2DIAGNOSTIC,    48, -7.753545045853e-01, 1.640693881200e-05, 5.0788e-01, 7.9410e-03, 
 2DIAGNOSTIC,    49, -7.753561735153e-01, 1.107254502131e-05, 5.1510e-01, 7.2229e-03, 
 2DIAGNOSTIC,    50, -7.753594517708e-01, 5.444692760648e-06, 5.2221e-01, 7.1108e-03, 
DIAGNOSTIC,Iteration,metricValue,convergenceValue,ITERATION_TIME_INDEX,SINCE_LAST
 2DIAGNOSTIC,     1, -6.161128282547e-01, inf, 6.7156e-01, 1.4935e-01, 
 2DIAGNOSTIC,     2, -6.168739795685e-01, inf, 6.8559e-01, 1.4033e-02, 
 2DIAGNOSTIC,     3, -6.180858612061e-01, inf, 6.9680e-01, 1.1209e-02, 
 2DIAGNOSTIC,     4, -6.191405057907e-01, inf, 7.0803e-01, 1.1229e-02, 
 2DIAGNOSTIC,     5, -6.200775504112e-01, inf, 7.2024e-01, 1.2204e-02, 
 2DIAGNOSTIC,     6, -6.204546093941e-01, inf, 7.3567e-01, 1.5431e-02, 
 2DIAGNOSTIC,     7, -6.205722689629e-01, inf, 7.4842e-01, 1.2752e-02, 
 2DIAGNOSTIC,     8, -6.205363273621e-01, inf, 7.5959e-01, 1.1171e-02, 
 2DIAGNOSTIC,     9, -6.205852031708e-01, inf, 7.7047e-01, 1.0882e-02, 
 2DIAGNOSTIC,    10, -6.205776929855e-01, 4.693632945418e-04, 7.8170e-01, 1.1231e-02, 
 2DIAGNOSTIC,    11, -6.205810904503e-01, 3.003847377840e-04, 8.0132e-01, 1.9619e-02, 
 2DIAGNOSTIC,    12, -6.205765008926e-01, 1.615117507754e-04, 8.1657e-01, 1.5247e-02, 
 2DIAGNOSTIC,    13, -6.205784082413e-01, 7.207399175968e-05, 8.2935e-01, 1.2781e-02, 
 2DIAGNOSTIC,    14, -6.205604076385e-01, 2.237808439531e-05, 8.4046e-01, 1.1113e-02, 
 2DIAGNOSTIC,    15, -6.205631494522e-01, 5.921863703406e-06, 8.5167e-01, 1.1212e-02, 
 2DIAGNOSTIC,    16, -6.205665469170e-01, 1.986882352867e-06, 8.6236e-01, 1.0681e-02, 
 2DIAGNOSTIC,    17, -6.205707788467e-01, 1.835768784986e-06, 8.7175e-01, 9.3970e-03, 
DIAGNOSTIC,Iteration,metricValue,convergenceValue,ITERATION_TIME_INDEX,SINCE_LAST
 2DIAGNOSTIC,     1, -5.492333173752e-01, inf, 1.1139e+00, 2.4219e-01, 
 2DIAGNOSTIC,     2, -5.496389865875e-01, inf, 1.1614e+00, 4.7467e-02, 
 2DIAGNOSTIC,     3, -5.501671433449e-01, inf, 1.2066e+00, 4.5210e-02, 
 2DIAGNOSTIC,     4, -5.507681965828e-01, inf, 1.2526e+00, 4.5954e-02, 
 2DIAGNOSTIC,     5, -5.515226125717e-01, inf, 1.2969e+00, 4.4325e-02, 
 2DIAGNOSTIC,     6, -5.522481799126e-01, inf, 1.3522e+00, 5.5327e-02, 
 2DIAGNOSTIC,     7, -5.523993372917e-01, inf, 1.4021e+00, 4.9857e-02, 
 2DIAGNOSTIC,     8, -5.526722073555e-01, inf, 1.4578e+00, 5.5745e-02, 
 2DIAGNOSTIC,     9, -5.529692173004e-01, inf, 1.5040e+00, 4.6129e-02, 
 2DIAGNOSTIC,    10, -5.539677739143e-01, 5.330980638973e-04, 1.5794e+00, 7.5483e-02, 
 2DIAGNOSTIC,    11, -5.539845824242e-01, 4.605088324752e-04, 1.6258e+00, 4.6357e-02, 
 2DIAGNOSTIC,    12, -5.540494322777e-01, 3.798521065619e-04, 1.6692e+00, 4.3409e-02, 
 2DIAGNOSTIC,    13, -5.540709495544e-01, 2.998405543622e-04, 1.7189e+00, 4.9730e-02, 
 2DIAGNOSTIC,    14, -5.540937185287e-01, 2.264954237035e-04, 1.7747e+00, 5.5749e-02, 
 2DIAGNOSTIC,    15, -5.540974736214e-01, 1.674064114923e-04, 1.8256e+00, 5.0942e-02, 
 2DIAGNOSTIC,    16, -5.541011095047e-01, 1.240167475771e-04, 1.8719e+00, 4.6281e-02, 
 2DIAGNOSTIC,    17, -5.541123747826e-01, 7.976421329658e-05, 1.9239e+00, 5.1948e-02, 
 2DIAGNOSTIC,    18, -5.541279911995e-01, 4.157127841609e-05, 1.9673e+00, 4.3468e-02, 
 2DIAGNOSTIC,    19, -5.541445016861e-01, 1.144468660641e-05, 2.0097e+00, 4.2366e-02, 
 2DIAGNOSTIC,    20, -5.541864633560e-01, 1.018719649437e-05, 2.0544e+00, 4.4713e-02, 
 2DIAGNOSTIC,    21, -5.542692542076e-01, 1.063595846063e-05, 2.1040e+00, 4.9554e-02, 
 2DIAGNOSTIC,    22, -5.543015003204e-01, 1.241106292582e-05, 2.1488e+00, 4.4856e-02, 
 2DIAGNOSTIC,    23, -5.544005036354e-01, 1.569519736222e-05, 2.2157e+00, 6.6846e-02, 
 2DIAGNOSTIC,    24, -5.544204711914e-01, 1.824737410061e-05, 2.2845e+00, 6.8877e-02, 
 2DIAGNOSTIC,    25, -5.544201135635e-01, 1.908338163048e-05, 2.3410e+00, 5.6437e-02, 
 2DIAGNOSTIC,    26, -5.544180274010e-01, 1.821719888540e-05, 2.4025e+00, 6.1530e-02, 
 2DIAGNOSTIC,    27, -5.544185638428e-01, 1.603173768672e-05, 2.4549e+00, 5.2356e-02, 
 2DIAGNOSTIC,    28, -5.544178485870e-01, 1.286569568038e-05, 2.5044e+00, 4.9525e-02, 
 2DIAGNOSTIC,    29, -5.544160604477e-01, 9.064755431609e-06, 2.5575e+00, 5.3094e-02, 
 2DIAGNOSTIC,    30, -5.544158816338e-01, 5.473390501720e-06, 2.6100e+00, 5.2551e-02, 
 2DIAGNOSTIC,    31, -5.544158816338e-01, 3.078220515818e-06, 2.6657e+00, 5.5694e-02, 
 2DIAGNOSTIC,    32, -5.544159412384e-01, 1.114945575864e-06, 2.7167e+00, 5.0964e-02, 
DIAGNOSTIC,Iteration,metricValue,convergenceValue,ITERATION_TIME_INDEX,SINCE_LAST
 2DIAGNOSTIC,     1, -5.041419863701e-01, inf, 3.5533e+00, 8.3665e-01, 
 2DIAGNOSTIC,     2, -5.044293999672e-01, inf, 3.8576e+00, 3.0429e-01, 
 2DIAGNOSTIC,     3, -5.047327280045e-01, inf, 4.1516e+00, 2.9395e-01, 
 2DIAGNOSTIC,     4, -5.052502155304e-01, inf, 4.4559e+00, 3.0432e-01, 
 2DIAGNOSTIC,     5, -5.064429044724e-01, inf, 4.7505e+00, 2.9459e-01, 
 2DIAGNOSTIC,     6, -5.069773793221e-01, inf, 5.2268e+00, 4.7635e-01, 
 2DIAGNOSTIC,     7, -5.069785714149e-01, inf, 5.6112e+00, 3.8433e-01, 
 2DIAGNOSTIC,     8, -5.069789886475e-01, inf, 5.9300e+00, 3.1883e-01, 
 2DIAGNOSTIC,     9, -5.069784522057e-01, inf, 6.2506e+00, 3.2056e-01, 
 2DIAGNOSTIC,    10, -5.069777965546e-01, 4.264167801011e-04, 6.5772e+00, 3.2663e-01, 
