---------------------
Profiling information

Pipeline: ants registrationSyN
NTHREAD: 32

DATASET: ds004513
SUBJECT_ID: s014

SIF_IMG: /mnt/lustre/mathdugre/containers/ants-debug.simg
DATA_DIR: /mnt/lustre/mathdugre/mri-bottleneck/datasets/ds004513

PROJECT_DIR: /mnt/lustre/mathdugre/mri-bottleneck
PROFILING_DIR: /mnt/lustre/mathdugre/mri-bottleneck/vtune_output/32-threads/ants/registrationSyN/ds004513/sub-s014/jokw3TNPSe6UA6vwzFJ3vAkfHFWRXby9
---------------------

Command to profile: bash tmp-scripts/jokw3TNPSe6UA6vwzFJ3vAkfHFWRXby9.sh

--------------------------------------------------------------------------------------
 Mapping parameters
--------------------------------------------------------------------------------------
 ANTSPATH is /opt/ants/bin

 Dimensionality:           3
 Output name prefix:       /data/derivatives/ants/registrationSyN/sub-s014/ses-open/anat/
 Fixed images:             /templateflow/tpl-MNI152NLin2009cAsym//tpl-MNI152NLin2009cAsym_res-01_desc-brain_T1w.nii.gz
 Moving images:            /data/derivatives/fsl/fast/sub-s014/ses-open/anat/BrainExtractionBrain_seg.nii.gz
 Mask images:              
 Initial transforms:       
 Number of threads:        32
 Spline distance:          26
 SyN gradient step:        0.1
 Transform type:           s
 CC radius:                4
 Precision:                d
 Use histogram matching    0
 Repro                     0
======================================================================================
 antsRegistration call:
--------------------------------------------------------------------------------------
/opt/ants/bin/antsRegistration --verbose 1 --dimensionality 3 --float 0 --collapse-output-transforms 1 --output [ /data/derivatives/ants/registrationSyN/sub-s014/ses-open/anat/,/data/derivatives/ants/registrationSyN/sub-s014/ses-open/anat/Warped.nii.gz,/data/derivatives/ants/registrationSyN/sub-s014/ses-open/anat/InverseWarped.nii.gz ] --interpolation Linear --use-histogram-matching 0 --winsorize-image-intensities [ 0.005,0.995 ] --initial-moving-transform [ /templateflow/tpl-MNI152NLin2009cAsym//tpl-MNI152NLin2009cAsym_res-01_desc-brain_T1w.nii.gz,/data/derivatives/fsl/fast/sub-s014/ses-open/anat/BrainExtractionBrain_seg.nii.gz,1 ] --transform Rigid[ 0.1 ] --metric MI[ /templateflow/tpl-MNI152NLin2009cAsym//tpl-MNI152NLin2009cAsym_res-01_desc-brain_T1w.nii.gz,/data/derivatives/fsl/fast/sub-s014/ses-open/anat/BrainExtractionBrain_seg.nii.gz,1,32,Regular,0.25 ] --convergence [ 1000x500x250x100,1e-6,10 ] --shrink-factors 8x4x2x1 --smoothing-sigmas 3x2x1x0vox --transform Affine[ 0.1 ] --metric MI[ /templateflow/tpl-MNI152NLin2009cAsym//tpl-MNI152NLin2009cAsym_res-01_desc-brain_T1w.nii.gz,/data/derivatives/fsl/fast/sub-s014/ses-open/anat/BrainExtractionBrain_seg.nii.gz,1,32,Regular,0.25 ] --convergence [ 1000x500x250x100,1e-6,10 ] --shrink-factors 8x4x2x1 --smoothing-sigmas 3x2x1x0vox --transform SyN[ 0.1,3,0 ] --metric CC[ /templateflow/tpl-MNI152NLin2009cAsym//tpl-MNI152NLin2009cAsym_res-01_desc-brain_T1w.nii.gz,/data/derivatives/fsl/fast/sub-s014/ses-open/anat/BrainExtractionBrain_seg.nii.gz,1,4 ] --convergence [ 100x70x50x20,1e-6,10 ] --shrink-factors 8x4x2x1 --smoothing-sigmas 3x2x1x0vox
--------------------------------------------------------------------------------------
All_Command_lines_OK
Using double precision for computations.
=============================================================================
The composite transform comprises the following transforms (in order): 
  1. Center of mass alignment using fixed image: /templateflow/tpl-MNI152NLin2009cAsym//tpl-MNI152NLin2009cAsym_res-01_desc-brain_T1w.nii.gz and moving image: /data/derivatives/fsl/fast/sub-s014/ses-open/anat/BrainExtractionBrain_seg.nii.gz (type = Euler3DTransform)
=============================================================================
  number of levels = 4
  number of levels = 4
  number of levels = 4
  fixed image: /templateflow/tpl-MNI152NLin2009cAsym//tpl-MNI152NLin2009cAsym_res-01_desc-brain_T1w.nii.gz
  moving image: /data/derivatives/fsl/fast/sub-s014/ses-open/anat/BrainExtractionBrain_seg.nii.gz
  fixed image: /templateflow/tpl-MNI152NLin2009cAsym//tpl-MNI152NLin2009cAsym_res-01_desc-brain_T1w.nii.gz
  moving image: /data/derivatives/fsl/fast/sub-s014/ses-open/anat/BrainExtractionBrain_seg.nii.gz
  fixed image: /templateflow/tpl-MNI152NLin2009cAsym//tpl-MNI152NLin2009cAsym_res-01_desc-brain_T1w.nii.gz
  moving image: /data/derivatives/fsl/fast/sub-s014/ses-open/anat/BrainExtractionBrain_seg.nii.gz
Dimension = 3
Number of stages = 3
Use histogram matching = false
Winsorize image intensities = true
  Lower quantile = 0.005
  Upper quantile = 0.995


Stage 1 State
   Image metric = Mattes
     Fixed image = Image (0x559592c91f70)
  RTTI typeinfo:   itk::Image<double, 3u>
  Reference Count: 2
  Modified Time: 1721
  Debug: Off
  Object Name: 
  Observers: 
    none
  Source: (none)
  Source output name: (none)
  Release Data: Off
  Data Released: False
  Global Release Data: Off
  PipelineMTime: 0
  UpdateMTime: 1504
  RealTimeStamp: 0 seconds 
  LargestPossibleRegion: 
    Dimension: 3
    Index: [0, 0, 0]
    Size: [193, 229, 193]
  BufferedRegion: 
    Dimension: 3
    Index: [0, 0, 0]
    Size: [193, 229, 193]
  RequestedRegion: 
    Dimension: 3
    Index: [0, 0, 0]
    Size: [193, 229, 193]
  Spacing: [1, 1, 1]
  Origin: [96, 132, -78]
  Direction: 
-1 0 0
0 -1 0
0 0 1

  IndexToPointMatrix: 
-1 0 0
0 -1 0
0 0 1

  PointToIndexMatrix: 
-1 0 0
0 -1 0
0 0 1

  Inverse Direction: 
-1 0 0
0 -1 0
0 0 1

  PixelContainer: 
    ImportImageContainer (0x559592c9acf0)
      RTTI typeinfo:   itk::ImportImageContainer<unsigned long, double>
      Reference Count: 1
      Modified Time: 1501
      Debug: Off
      Object Name: 
      Observers: 
        none
      Pointer: 0x7f04ef73e010
      Container manages memory: true
      Size: 8530021
      Capacity: 8530021

     Moving image = Image (0x559592c9bbc0)
  RTTI typeinfo:   itk::Image<double, 3u>
  Reference Count: 2
  Modified Time: 1722
  Debug: Off
  Object Name: 
  Observers: 
    none
  Source: (none)
  Source output name: (none)
  Release Data: Off
  Data Released: False
  Global Release Data: Off
  PipelineMTime: 0
  UpdateMTime: 1719
  RealTimeStamp: 0 seconds 
  LargestPossibleRegion: 
    Dimension: 3
    Index: [0, 0, 0]
    Size: [160, 240, 256]
  BufferedRegion: 
    Dimension: 3
    Index: [0, 0, 0]
    Size: [160, 240, 256]
  RequestedRegion: 
    Dimension: 3
    Index: [0, 0, 0]
    Size: [160, 240, 256]
  Spacing: [0.999999, 1, 1]
  Origin: [84.1637, 106.709, -120.531]
  Direction: 
-0.999619 -0.0226874 -0.0157033
0.0226846 -0.999743 0.00035635
-0.0157073 -7.8229e-09 0.999877

  IndexToPointMatrix: 
-0.999619 -0.0226874 -0.0157033
0.0226845 -0.999743 0.00035635
-0.0157073 -7.8229e-09 0.999877

  PointToIndexMatrix: 
-0.99962 0.0226846 -0.0157073
-0.0226874 -0.999743 -7.83127e-09
-0.0157033 0.00035635 0.999877

  Inverse Direction: 
-0.999619 0.0226846 -0.0157073
-0.0226874 -0.999743 -7.83127e-09
-0.0157033 0.00035635 0.999877

  PixelContainer: 
    ImportImageContainer (0x559592d36cd0)
      RTTI typeinfo:   itk::ImportImageContainer<unsigned long, double>
      Reference Count: 1
      Modified Time: 1716
      Debug: Off
      Object Name: 
      Observers: 
        none
      Pointer: 0x7f04eac3d010
      Container manages memory: true
      Size: 9830400
      Capacity: 9830400

     Weighting = 1
     Sampling strategy = regular
     Number of bins = 32
     Radius = 4
     Sampling percentage  = 0.25
   Transform = Rigid
     Gradient step = 0.1
     Update field sigma (voxel space) = 0
     Total field sigma (voxel space) = 0
     Update field time sigma = 0
     Total field time sigma  = 0
     Number of time indices = 0
     Number of time point samples = 0
Stage 2 State
   Image metric = Mattes
     Fixed image = Image (0x559592d35360)
  RTTI typeinfo:   itk::Image<double, 3u>
  Reference Count: 2
  Modified Time: 2151
  Debug: Off
  Object Name: 
  Observers: 
    none
  Source: (none)
  Source output name: (none)
  Release Data: Off
  Data Released: False
  Global Release Data: Off
  PipelineMTime: 0
  UpdateMTime: 1934
  RealTimeStamp: 0 seconds 
  LargestPossibleRegion: 
    Dimension: 3
    Index: [0, 0, 0]
    Size: [193, 229, 193]
  BufferedRegion: 
    Dimension: 3
    Index: [0, 0, 0]
    Size: [193, 229, 193]
  RequestedRegion: 
    Dimension: 3
    Index: [0, 0, 0]
    Size: [193, 229, 193]
  Spacing: [1, 1, 1]
  Origin: [96, 132, -78]
  Direction: 
-1 0 0
0 -1 0
0 0 1

  IndexToPointMatrix: 
-1 0 0
0 -1 0
0 0 1

  PointToIndexMatrix: 
-1 0 0
0 -1 0
0 0 1

  Inverse Direction: 
-1 0 0
0 -1 0
0 0 1

  PixelContainer: 
    ImportImageContainer (0x559592d361c0)
      RTTI typeinfo:   itk::ImportImageContainer<unsigned long, double>
      Reference Count: 1
      Modified Time: 1931
      Debug: Off
      Object Name: 
      Observers: 
        none
      Pointer: 0x7f04e6b28010
      Container manages memory: true
      Size: 8530021
      Capacity: 8530021

     Moving image = Image (0x559592d35620)
  RTTI typeinfo:   itk::Image<double, 3u>
  Reference Count: 2
  Modified Time: 2152
  Debug: Off
  Object Name: 
  Observers: 
    none
  Source: (none)
  Source output name: (none)
  Release Data: Off
  Data Released: False
  Global Release Data: Off
  PipelineMTime: 0
  UpdateMTime: 2149
  RealTimeStamp: 0 seconds 
  LargestPossibleRegion: 
    Dimension: 3
    Index: [0, 0, 0]
    Size: [160, 240, 256]
  BufferedRegion: 
    Dimension: 3
    Index: [0, 0, 0]
    Size: [160, 240, 256]
  RequestedRegion: 
    Dimension: 3
    Index: [0, 0, 0]
    Size: [160, 240, 256]
  Spacing: [0.999999, 1, 1]
  Origin: [84.1637, 106.709, -120.531]
  Direction: 
-0.999619 -0.0226874 -0.0157033
0.0226846 -0.999743 0.00035635
-0.0157073 -7.8229e-09 0.999877

  IndexToPointMatrix: 
-0.999619 -0.0226874 -0.0157033
0.0226845 -0.999743 0.00035635
-0.0157073 -7.8229e-09 0.999877

  PointToIndexMatrix: 
-0.99962 0.0226846 -0.0157073
-0.0226874 -0.999743 -7.83127e-09
-0.0157033 0.00035635 0.999877

  Inverse Direction: 
-0.999619 0.0226846 -0.0157073
-0.0226874 -0.999743 -7.83127e-09
-0.0157033 0.00035635 0.999877

  PixelContainer: 
    ImportImageContainer (0x559592d38990)
      RTTI typeinfo:   itk::ImportImageContainer<unsigned long, double>
      Reference Count: 1
      Modified Time: 2146
      Debug: Off
      Object Name: 
      Observers: 
        none
      Pointer: 0x7f04e2027010
      Container manages memory: true
      Size: 9830400
      Capacity: 9830400

     Weighting = 1
     Sampling strategy = regular
     Number of bins = 32
     Radius = 4
     Sampling percentage  = 0.25
   Transform = Affine
     Gradient step = 0.1
     Update field sigma (voxel space) = 0
     Total field sigma (voxel space) = 0
     Update field time sigma = 0
     Total field time sigma  = 0
     Number of time indices = 0
     Number of time point samples = 0
Stage 3 State
   Image metric = CC
     Fixed image = Image (0x559592d32140)
  RTTI typeinfo:   itk::Image<double, 3u>
  Reference Count: 2
  Modified Time: 2581
  Debug: Off
  Object Name: 
  Observers: 
    none
  Source: (none)
  Source output name: (none)
  Release Data: Off
  Data Released: False
  Global Release Data: Off
  PipelineMTime: 0
  UpdateMTime: 2364
  RealTimeStamp: 0 seconds 
  LargestPossibleRegion: 
    Dimension: 3
    Index: [0, 0, 0]
    Size: [193, 229, 193]
  BufferedRegion: 
    Dimension: 3
    Index: [0, 0, 0]
    Size: [193, 229, 193]
  RequestedRegion: 
    Dimension: 3
    Index: [0, 0, 0]
    Size: [193, 229, 193]
  Spacing: [1, 1, 1]
  Origin: [96, 132, -78]
  Direction: 
-1 0 0
0 -1 0
0 0 1

  IndexToPointMatrix: 
-1 0 0
0 -1 0
0 0 1

  PointToIndexMatrix: 
-1 0 0
0 -1 0
0 0 1

  Inverse Direction: 
-1 0 0
0 -1 0
0 0 1

  PixelContainer: 
    ImportImageContainer (0x559592d32980)
      RTTI typeinfo:   itk::ImportImageContainer<unsigned long, double>
      Reference Count: 1
      Modified Time: 2361
      Debug: Off
      Object Name: 
      Observers: 
        none
      Pointer: 0x7f04ddf12010
      Container manages memory: true
      Size: 8530021
      Capacity: 8530021

     Moving image = Image (0x559592d34510)
  RTTI typeinfo:   itk::Image<double, 3u>
  Reference Count: 2
  Modified Time: 2582
  Debug: Off
  Object Name: 
  Observers: 
    none
  Source: (none)
  Source output name: (none)
  Release Data: Off
  Data Released: False
  Global Release Data: Off
  PipelineMTime: 0
  UpdateMTime: 2579
  RealTimeStamp: 0 seconds 
  LargestPossibleRegion: 
    Dimension: 3
    Index: [0, 0, 0]
    Size: [160, 240, 256]
  BufferedRegion: 
    Dimension: 3
    Index: [0, 0, 0]
    Size: [160, 240, 256]
  RequestedRegion: 
    Dimension: 3
    Index: [0, 0, 0]
    Size: [160, 240, 256]
  Spacing: [0.999999, 1, 1]
  Origin: [84.1637, 106.709, -120.531]
  Direction: 
-0.999619 -0.0226874 -0.0157033
0.0226846 -0.999743 0.00035635
-0.0157073 -7.8229e-09 0.999877

  IndexToPointMatrix: 
-0.999619 -0.0226874 -0.0157033
0.0226845 -0.999743 0.00035635
-0.0157073 -7.8229e-09 0.999877

  PointToIndexMatrix: 
-0.99962 0.0226846 -0.0157073
-0.0226874 -0.999743 -7.83127e-09
-0.0157033 0.00035635 0.999877

  Inverse Direction: 
-0.999619 0.0226846 -0.0157073
-0.0226874 -0.999743 -7.83127e-09
-0.0157033 0.00035635 0.999877

  PixelContainer: 
    ImportImageContainer (0x559592cc1490)
      RTTI typeinfo:   itk::ImportImageContainer<unsigned long, double>
      Reference Count: 1
      Modified Time: 2576
      Debug: Off
      Object Name: 
      Observers: 
        none
      Pointer: 0x7f04d9411010
      Container manages memory: true
      Size: 9830400
      Capacity: 9830400

     Weighting = 1
     Sampling strategy = none
     Number of bins = 32
     Radius = 4
     Sampling percentage  = 1
   Transform = SyN
     Gradient step = 0.1
     Update field sigma (voxel space) = 3
     Total field sigma (voxel space) = 0
     Update field time sigma = 0
     Total field time sigma  = 0
     Number of time indices = 0
     Number of time point samples = 0
Registration using 3 total stages.

Stage 0
  iterations = 1000x500x250x100
  convergence threshold = 1e-06
  convergence window size = 10
  number of levels = 4
  using the Mattes MI metric (number of bins = 32, weight = 1, use gradient filter = 0)
  preprocessing:  winsorizing the image intensities
  Shrink factors (level 1 out of 4): [8, 8, 8]
  Shrink factors (level 2 out of 4): [4, 4, 4]
  Shrink factors (level 3 out of 4): [2, 2, 2]
  Shrink factors (level 4 out of 4): [1, 1, 1]
  smoothing sigmas per level: [3, 2, 1, 0]
  regular sampling (percentage = 0.25)

*** Running Euler3DTransform registration ***

DIAGNOSTIC,Iteration,metricValue,convergenceValue,ITERATION_TIME_INDEX,SINCE_LAST
 2DIAGNOSTIC,     1, -5.034600011328e-01, 1.797693134862e+308, 1.3609e-01, 1.3609e-01, 
 2DIAGNOSTIC,     2, -5.040214493782e-01, 1.797693134862e+308, 1.4168e-01, 5.5890e-03, 
 2DIAGNOSTIC,     3, -5.048131892575e-01, 1.797693134862e+308, 1.4754e-01, 5.8551e-03, 
 2DIAGNOSTIC,     4, -5.055148847414e-01, 1.797693134862e+308, 1.5362e-01, 6.0780e-03, 
 2DIAGNOSTIC,     5, -5.066573874492e-01, 1.797693134862e+308, 1.5968e-01, 6.0599e-03, 
 2DIAGNOSTIC,     6, -5.090390842774e-01, 1.797693134862e+308, 1.6766e-01, 7.9820e-03, 
 2DIAGNOSTIC,     7, -5.102973629226e-01, 1.797693134862e+308, 1.7464e-01, 6.9840e-03, 
 2DIAGNOSTIC,     8, -5.108783876365e-01, 1.797693134862e+308, 1.8028e-01, 5.6398e-03, 
 2DIAGNOSTIC,     9, -5.125978110224e-01, 1.797693134862e+308, 1.8721e-01, 6.9301e-03, 
 2DIAGNOSTIC,    10, -5.141046906215e-01, 1.402675302300e-03, 1.9855e-01, 1.1338e-02, 
 2DIAGNOSTIC,    11, -5.158842066118e-01, 1.380528574388e-03, 2.0514e-01, 6.5899e-03, 
 2DIAGNOSTIC,    12, -5.201849700905e-01, 1.462235298226e-03, 2.1213e-01, 6.9919e-03, 
 2DIAGNOSTIC,    13, -5.227902918554e-01, 1.541598653457e-03, 2.2136e-01, 9.2320e-03, 
 2DIAGNOSTIC,    14, -5.233368745592e-01, 1.518669428617e-03, 2.2936e-01, 7.9989e-03, 
 2DIAGNOSTIC,    15, -5.239518190128e-01, 1.425634550223e-03, 2.3761e-01, 8.2479e-03, 
 2DIAGNOSTIC,    16, -5.245325083096e-01, 1.315814999850e-03, 2.4436e-01, 6.7530e-03, 
 2DIAGNOSTIC,    17, -5.250657282439e-01, 1.154623524921e-03, 2.5083e-01, 6.4712e-03, 
 2DIAGNOSTIC,    18, -5.254501489522e-01, 9.330135883432e-04, 2.6030e-01, 9.4619e-03, 
 2DIAGNOSTIC,    19, -5.255354223199e-01, 7.023238178285e-04, 2.6597e-01, 5.6760e-03, 
 2DIAGNOSTIC,    20, -5.259288870157e-01, 4.835440240175e-04, 2.7144e-01, 5.4681e-03, 
 2DIAGNOSTIC,    21, -5.264442944257e-01, 2.986459719238e-04, 2.7779e-01, 6.3529e-03, 
 2DIAGNOSTIC,    22, -5.267542470775e-01, 2.164524046329e-04, 2.8289e-01, 5.0991e-03, 
 2DIAGNOSTIC,    23, -5.269476755118e-01, 1.882240131475e-04, 2.9021e-01, 7.3140e-03, 
 2DIAGNOSTIC,    24, -5.271392863688e-01, 1.617874162315e-04, 2.9622e-01, 6.0160e-03, 
 2DIAGNOSTIC,    25, -5.273592163916e-01, 1.405309092129e-04, 3.0230e-01, 6.0790e-03, 
 2DIAGNOSTIC,    26, -5.275038133257e-01, 1.226944467475e-04, 3.0918e-01, 6.8798e-03, 
 2DIAGNOSTIC,    27, -5.274493166630e-01, 1.042862905571e-04, 3.1525e-01, 6.0689e-03, 
 2DIAGNOSTIC,    28, -5.274546408200e-01, 8.536312192503e-05, 3.2120e-01, 5.9490e-03, 
 2DIAGNOSTIC,    29, -5.274548063125e-01, 6.136837080216e-05, 3.2648e-01, 5.2829e-03, 
 2DIAGNOSTIC,    30, -5.274551108258e-01, 4.023402227710e-05, 3.3199e-01, 5.5101e-03, 
 2DIAGNOSTIC,    31, -5.274562719719e-01, 2.577664398589e-05, 3.3748e-01, 5.4891e-03, 
 2DIAGNOSTIC,    32, -5.274587390789e-01, 1.524035444862e-05, 3.4293e-01, 5.4519e-03, 
 2DIAGNOSTIC,    33, -5.274649329914e-01, 7.299738727248e-06, 3.4853e-01, 5.5981e-03, 
 2DIAGNOSTIC,    34, -5.274717526333e-01, 2.329430230111e-06, 3.5628e-01, 7.7479e-03, 
DIAGNOSTIC,Iteration,metricValue,convergenceValue,ITERATION_TIME_INDEX,SINCE_LAST
 2DIAGNOSTIC,     1, -4.300267744768e-01, 1.797693134862e+308, 5.1077e-01, 1.5449e-01, 
 2DIAGNOSTIC,     2, -4.302798839871e-01, 1.797693134862e+308, 5.4904e-01, 3.8275e-02, 
 2DIAGNOSTIC,     3, -4.305668849916e-01, 1.797693134862e+308, 5.8496e-01, 3.5917e-02, 
 2DIAGNOSTIC,     4, -4.311104994807e-01, 1.797693134862e+308, 6.1299e-01, 2.8027e-02, 
 2DIAGNOSTIC,     5, -4.320343187661e-01, 1.797693134862e+308, 6.2779e-01, 1.4804e-02, 
 2DIAGNOSTIC,     6, -4.325697955585e-01, 1.797693134862e+308, 6.4102e-01, 1.3233e-02, 
 2DIAGNOSTIC,     7, -4.326662986906e-01, 1.797693134862e+308, 6.5076e-01, 9.7332e-03, 
 2DIAGNOSTIC,     8, -4.327596386329e-01, 1.797693134862e+308, 6.5962e-01, 8.8601e-03, 
 2DIAGNOSTIC,     9, -4.329178794386e-01, 1.797693134862e+308, 6.6722e-01, 7.6089e-03, 
 2DIAGNOSTIC,    10, -4.332927075195e-01, 5.247667523314e-04, 6.7479e-01, 7.5691e-03, 
 2DIAGNOSTIC,    11, -4.336237920177e-01, 4.424255379177e-04, 6.8354e-01, 8.7500e-03, 
 2DIAGNOSTIC,    12, -4.338605290971e-01, 3.616743637699e-04, 6.9253e-01, 8.9881e-03, 
 2DIAGNOSTIC,    13, -4.341329583698e-01, 2.895214944199e-04, 7.0057e-01, 8.0380e-03, 
 2DIAGNOSTIC,    14, -4.344387412903e-01, 2.404606910807e-04, 7.1155e-01, 1.0984e-02, 
 2DIAGNOSTIC,    15, -4.352344739191e-01, 2.505341275267e-04, 7.1939e-01, 7.8330e-03, 
 2DIAGNOSTIC,    16, -4.356146334357e-01, 2.732496750463e-04, 7.2905e-01, 9.6650e-03, 
 2DIAGNOSTIC,    17, -4.358025381118e-01, 2.793955267272e-04, 7.3911e-01, 1.0059e-02, 
 2DIAGNOSTIC,    18, -4.358154353049e-01, 2.634967333269e-04, 7.4689e-01, 7.7829e-03, 
 2DIAGNOSTIC,    19, -4.358257290407e-01, 2.307166886003e-04, 7.5537e-01, 8.4801e-03, 
 2DIAGNOSTIC,    20, -4.359284312236e-01, 1.951097773605e-04, 7.6408e-01, 8.7099e-03, 
 2DIAGNOSTIC,    21, -4.359986168179e-01, 1.570651169226e-04, 7.7222e-01, 8.1410e-03, 
 2DIAGNOSTIC,    22, -4.360820462234e-01, 1.176225717096e-04, 7.8122e-01, 8.9939e-03, 
 2DIAGNOSTIC,    23, -4.361879850998e-01, 8.171600077620e-05, 7.9103e-01, 9.8150e-03, 
 2DIAGNOSTIC,    24, -4.362303415711e-01, 5.033670463050e-05, 8.0090e-01, 9.8631e-03, 
 2DIAGNOSTIC,    25, -4.362390359805e-01, 3.771647300188e-05, 8.0911e-01, 8.2090e-03, 
 2DIAGNOSTIC,    26, -4.363013267685e-01, 3.366287545973e-05, 8.1702e-01, 7.9169e-03, 
 2DIAGNOSTIC,    27, -4.365196998073e-01, 3.666700207304e-05, 8.2794e-01, 1.0916e-02, 
 2DIAGNOSTIC,    28, -4.365648709588e-01, 3.733730520472e-05, 8.3748e-01, 9.5410e-03, 
 2DIAGNOSTIC,    29, -4.365537450961e-01, 3.453525566251e-05, 8.4780e-01, 1.0321e-02, 
 2DIAGNOSTIC,    30, -4.365765426459e-01, 3.159757243935e-05, 8.5753e-01, 9.7282e-03, 
 2DIAGNOSTIC,    31, -4.365773466443e-01, 2.740845638571e-05, 8.6642e-01, 8.8890e-03, 
 2DIAGNOSTIC,    32, -4.365702896184e-01, 2.241346557248e-05, 8.7561e-01, 9.1901e-03, 
 2DIAGNOSTIC,    33, -4.365705050229e-01, 1.777451118914e-05, 8.8418e-01, 8.5752e-03, 
 2DIAGNOSTIC,    34, -4.365633214849e-01, 1.256610225593e-05, 8.9297e-01, 8.7900e-03, 
 2DIAGNOSTIC,    35, -4.365637001208e-01, 6.746329377198e-06, 9.0174e-01, 8.7640e-03, 
 2DIAGNOSTIC,    36, -4.365717463673e-01, 1.863613694777e-06, 9.0998e-01, 8.2479e-03, 
 2DIAGNOSTIC,    37, -4.365728823745e-01, 1.008194394508e-06, 9.1851e-01, 8.5249e-03, 
 2DIAGNOSTIC,    38, -4.366052986204e-01, 1.531124847690e-06, 9.2692e-01, 8.4150e-03, 
 2DIAGNOSTIC,    39, -4.366209972926e-01, 2.014088074681e-06, 9.3640e-01, 9.4740e-03, 
 2DIAGNOSTIC,    40, -4.366552425295e-01, 3.288140391602e-06, 9.4688e-01, 1.0483e-02, 
 2DIAGNOSTIC,    41, -4.366555930858e-01, 4.275598070338e-06, 9.5618e-01, 9.2981e-03, 
 2DIAGNOSTIC,    42, -4.366416076338e-01, 4.560906119298e-06, 9.6646e-01, 1.0279e-02, 
 2DIAGNOSTIC,    43, -4.366268798283e-01, 4.259887213941e-06, 9.7778e-01, 1.1323e-02, 
 2DIAGNOSTIC,    44, -4.366269765537e-01, 3.528913042599e-06, 9.8754e-01, 9.7580e-03, 
 2DIAGNOSTIC,    45, -4.366272252775e-01, 2.560885434044e-06, 9.9641e-01, 8.8708e-03, 
 2DIAGNOSTIC,    46, -4.366124333369e-01, 1.366227030702e-06, 1.0038e+00, 7.3550e-03, 
DIAGNOSTIC,Iteration,metricValue,convergenceValue,ITERATION_TIME_INDEX,SINCE_LAST
 2DIAGNOSTIC,     1, -3.775370561801e-01, 1.797693134862e+308, 1.3505e+00, 3.4677e-01, 
 2DIAGNOSTIC,     2, -3.775995689716e-01, 1.797693134862e+308, 1.4134e+00, 6.2864e-02, 
 2DIAGNOSTIC,     3, -3.776890477036e-01, 1.797693134862e+308, 1.4717e+00, 5.8340e-02, 
 2DIAGNOSTIC,     4, -3.776871530677e-01, 1.797693134862e+308, 1.5343e+00, 6.2545e-02, 
 2DIAGNOSTIC,     5, -3.776867932513e-01, 1.797693134862e+308, 1.5886e+00, 5.4335e-02, 
 2DIAGNOSTIC,     6, -3.776866994353e-01, 1.797693134862e+308, 1.6366e+00, 4.7952e-02, 
 2DIAGNOSTIC,     7, -3.776865309759e-01, 1.797693134862e+308, 1.6846e+00, 4.8043e-02, 
 2DIAGNOSTIC,     8, -3.776826680064e-01, 1.797693134862e+308, 1.7380e+00, 5.3397e-02, 
 2DIAGNOSTIC,     9, -3.776824242263e-01, 1.797693134862e+308, 1.7852e+00, 4.7147e-02, 
 2DIAGNOSTIC,    10, -3.776807142499e-01, 1.907858366058e-05, 1.8332e+00, 4.8039e-02, 
 2DIAGNOSTIC,    11, -3.776803314219e-01, 7.558395256124e-06, 1.8777e+00, 4.4491e-02, 
 2DIAGNOSTIC,    12, -3.776809055846e-01, 1.333747424420e-06, 1.9261e+00, 4.8396e-02, 
 2DIAGNOSTIC,    13, -3.776813149975e-01, 1.392986523019e-06, 1.9816e+00, 5.5466e-02, 
 2DIAGNOSTIC,    14, -3.776808056507e-01, 1.411379341343e-06, 2.0333e+00, 5.1793e-02, 
 2DIAGNOSTIC,    15, -3.776803827233e-01, 1.466525155897e-06, 2.0816e+00, 4.8289e-02, 
 2DIAGNOSTIC,    16, -3.776800090556e-01, 1.551730598542e-06, 2.1248e+00, 4.3146e-02, 
 2DIAGNOSTIC,    17, -3.776791522346e-01, 1.624694111572e-06, 2.1768e+00, 5.2068e-02, 
 2DIAGNOSTIC,    18, -3.776781343407e-01, 1.507688445118e-06, 2.2199e+00, 4.3017e-02, 
 2DIAGNOSTIC,    19, -3.776781685289e-01, 1.421727612243e-06, 2.2730e+00, 5.3138e-02, 
 2DIAGNOSTIC,    20, -3.776789268007e-01, 1.332311735033e-06, 2.3228e+00, 4.9823e-02, 
 2DIAGNOSTIC,    21, -3.776782327165e-01, 1.235207522779e-06, 2.3751e+00, 5.2270e-02, 
 2DIAGNOSTIC,    22, -3.776772564015e-01, 1.160116918926e-06, 2.4228e+00, 4.7680e-02, 
 2DIAGNOSTIC,    23, -3.776773861170e-01, 1.137755739386e-06, 2.4771e+00, 5.4355e-02, 
 2DIAGNOSTIC,    24, -3.776764613287e-01, 1.094259694787e-06, 2.5371e+00, 5.9967e-02, 
 2DIAGNOSTIC,    25, -3.776759415962e-01, 1.047142324032e-06, 2.5807e+00, 4.3631e-02, 
DIAGNOSTIC,Iteration,metricValue,convergenceValue,ITERATION_TIME_INDEX,SINCE_LAST
 2DIAGNOSTIC,     1, -3.449625345107e-01, 1.797693134862e+308, 3.4940e+00, 9.1331e-01, 
 2DIAGNOSTIC,     2, -3.450917734101e-01, 1.797693134862e+308, 3.7150e+00, 2.2100e-01, 
 2DIAGNOSTIC,     3, -3.451738021145e-01, 1.797693134862e+308, 3.9274e+00, 2.1237e-01, 
 2DIAGNOSTIC,     4, -3.453496126853e-01, 1.797693134862e+308, 4.1725e+00, 2.4505e-01, 
 2DIAGNOSTIC,     5, -3.453616616790e-01, 1.797693134862e+308, 4.4149e+00, 2.4245e-01, 
 2DIAGNOSTIC,     6, -3.453747030388e-01, 1.797693134862e+308, 4.6921e+00, 2.7719e-01, 
 2DIAGNOSTIC,     7, -3.453794205589e-01, 1.797693134862e+308, 4.9390e+00, 2.4687e-01, 
 2DIAGNOSTIC,     8, -3.453817200006e-01, 1.797693134862e+308, 5.1726e+00, 2.3360e-01, 
 2DIAGNOSTIC,     9, -3.453815049565e-01, 1.797693134862e+308, 5.4177e+00, 2.4511e-01, 
 2DIAGNOSTIC,    10, -3.453816075149e-01, 7.185016217715e-05, 5.6545e+00, 2.3680e-01, 
 2DIAGNOSTIC,    11, -3.453814261044e-01, 4.058380925252e-05, 5.9390e+00, 2.8454e-01, 
 2DIAGNOSTIC,    12, -3.453813439724e-01, 1.999746668953e-05, 6.2298e+00, 2.9075e-01, 
 2DIAGNOSTIC,    13, -3.453812047489e-01, 5.897452732134e-06, 6.4644e+00, 2.3466e-01, 
 2DIAGNOSTIC,    14, -3.453811374616e-01, 3.823801355968e-06, 6.7043e+00, 2.3986e-01, 
 2DIAGNOSTIC,    15, -3.453811472756e-01, 2.531319674731e-06, 6.9632e+00, 2.5886e-01, 
 2DIAGNOSTIC,    16, -3.453811511137e-01, 2.028112551150e-06, 7.2011e+00, 2.3793e-01, 
 2DIAGNOSTIC,    17, -3.453810755152e-01, 1.802032863367e-06, 7.4128e+00, 2.1177e-01, 
 2DIAGNOSTIC,    18, -3.453810020226e-01, 1.709715135877e-06, 7.6417e+00, 2.2884e-01, 
 2DIAGNOSTIC,    19, -3.453810078500e-01, 1.623252480258e-06, 7.8863e+00, 2.4458e-01, 
 2DIAGNOSTIC,    20, -3.453808592934e-01, 1.548291551273e-06, 8.1072e+00, 2.2093e-01, 
 2DIAGNOSTIC,    21, -3.453809522058e-01, 1.481067678902e-06, 8.3468e+00, 2.3962e-01, 
 2DIAGNOSTIC,    22, -3.453810482278e-01, 1.423659573840e-06, 8.5760e+00, 2.2923e-01, 
 2DIAGNOSTIC,    23, -3.453810023259e-01, 1.366703037096e-06, 8.8199e+00, 2.4385e-01, 
 2DIAGNOSTIC,    24, -3.453809563276e-01, 1.312267632364e-06, 9.0965e+00, 2.7657e-01, 
 2DIAGNOSTIC,    25, -3.453808945090e-01, 1.261798427861e-06, 9.3418e+00, 2.4533e-01, 
 2DIAGNOSTIC,    26, -3.453807480778e-01, 1.211723817084e-06, 9.5803e+00, 2.3850e-01, 
 2DIAGNOSTIC,    27, -3.453805232500e-01, 1.157339596748e-06, 9.8151e+00, 2.3484e-01, 
 2DIAGNOSTIC,    28, -3.453804560201e-01, 1.104789978855e-06, 1.0026e+01, 2.1128e-01, 
 2DIAGNOSTIC,    29, -3.453805552045e-01, 1.061950078846e-06, 1.0263e+01, 2.3630e-01, 
 2DIAGNOSTIC,    30, -3.453806488379e-01, 1.023559743352e-06, 1.0480e+01, 2.1693e-01, 
  Elapsed time (stage 0): 1.0722e+01


Stage 1
  iterations = 1000x500x250x100
  convergence threshold = 1.0000e-06
  convergence window size = 10
  number of levels = 4
  using the Mattes MI metric (number of bins = 32, weight = 1.0000e+00, use gradient filter = 0)
  preprocessing:  winsorizing the image intensities
  Shrink factors (level 1 out of 4): [8, 8, 8]
  Shrink factors (level 2 out of 4): [4, 4, 4]
  Shrink factors (level 3 out of 4): [2, 2, 2]
  Shrink factors (level 4 out of 4): [1, 1, 1]
  smoothing sigmas per level: [3, 2, 1, 0]
  regular sampling (percentage = 2.5000e-01)

*** Running AffineTransform registration ***

DIAGNOSTIC,Iteration,metricValue,convergenceValue,ITERATION_TIME_INDEX,SINCE_LAST
 2DIAGNOSTIC,     1, -5.256582957090e-01, 1.797693134862e+308, 1.2498e-01, 1.2498e-01, 
 2DIAGNOSTIC,     2, -5.278330018974e-01, 1.797693134862e+308, 1.3569e-01, 1.0713e-02, 
 2DIAGNOSTIC,     3, -5.316385898324e-01, 1.797693134862e+308, 1.4312e-01, 7.4308e-03, 
 2DIAGNOSTIC,     4, -5.379274474358e-01, 1.797693134862e+308, 1.5224e-01, 9.1190e-03, 
 2DIAGNOSTIC,     5, -5.481698267362e-01, 1.797693134862e+308, 1.5952e-01, 7.2751e-03, 
 2DIAGNOSTIC,     6, -5.647576854474e-01, 1.797693134862e+308, 1.6701e-01, 7.4928e-03, 
 2DIAGNOSTIC,     7, -5.878178739999e-01, 1.797693134862e+308, 1.7409e-01, 7.0801e-03, 
 2DIAGNOSTIC,     8, -6.912898494514e-01, 1.797693134862e+308, 1.8141e-01, 7.3218e-03, 
 2DIAGNOSTIC,     9, -7.774563488286e-01, 1.797693134862e+308, 1.9317e-01, 1.1759e-02, 
 2DIAGNOSTIC,    10, -8.058210726119e-01, 2.966027328948e-02, 2.0839e-01, 1.5219e-02, 
 2DIAGNOSTIC,    11, -8.072199219494e-01, 3.118797844966e-02, 2.1674e-01, 8.3511e-03, 
 2DIAGNOSTIC,    12, -8.114001518068e-01, 2.991959033867e-02, 2.2437e-01, 7.6299e-03, 
 2DIAGNOSTIC,    13, -8.181913618584e-01, 2.652394835165e-02, 2.3210e-01, 7.7260e-03, 
 2DIAGNOSTIC,    14, -8.285459254455e-01, 2.178242651859e-02, 2.3994e-01, 7.8399e-03, 
 2DIAGNOSTIC,    15, -8.429643407739e-01, 1.653380652345e-02, 2.4877e-01, 8.8351e-03, 
 2DIAGNOSTIC,    16, -8.566765748931e-01, 1.140047863877e-02, 2.5733e-01, 8.5559e-03, 
 2DIAGNOSTIC,    17, -8.719186339824e-01, 6.836155347541e-03, 2.6475e-01, 7.4239e-03, 
 2DIAGNOSTIC,    18, -9.013027823868e-01, 5.155484841689e-03, 2.8025e-01, 1.5502e-02, 
 2DIAGNOSTIC,    19, -9.060741176326e-01, 5.074604285685e-03, 2.9121e-01, 1.0952e-02, 
 2DIAGNOSTIC,    20, -9.065019625946e-01, 5.101634798320e-03, 3.0265e-01, 1.1439e-02, 
 2DIAGNOSTIC,    21, -9.063377783939e-01, 4.684068058051e-03, 3.1191e-01, 9.2621e-03, 
 2DIAGNOSTIC,    22, -9.064587433560e-01, 3.951060775305e-03, 3.2254e-01, 1.0628e-02, 
 2DIAGNOSTIC,    23, -9.063685924986e-01, 3.030422497517e-03, 3.3088e-01, 8.3489e-03, 
 2DIAGNOSTIC,    24, -9.061483137237e-01, 2.074207915582e-03, 3.3913e-01, 8.2500e-03, 
 2DIAGNOSTIC,    25, -9.061128663130e-01, 1.232048731869e-03, 3.4782e-01, 8.6839e-03, 
 2DIAGNOSTIC,    26, -9.061759978308e-01, 5.457365164643e-04, 3.5680e-01, 8.9819e-03, 
 2DIAGNOSTIC,    27, -9.060710582790e-01, 6.203474563837e-05, 3.6559e-01, 8.7891e-03, 
DIAGNOSTIC,Iteration,metricValue,convergenceValue,ITERATION_TIME_INDEX,SINCE_LAST
 2DIAGNOSTIC,     1, -7.377974860492e-01, 1.797693134862e+308, 5.1451e-01, 1.4892e-01, 
 2DIAGNOSTIC,     2, -7.383844533704e-01, 1.797693134862e+308, 5.2911e-01, 1.4603e-02, 
 2DIAGNOSTIC,     3, -7.390196839020e-01, 1.797693134862e+308, 5.4208e-01, 1.2965e-02, 
 2DIAGNOSTIC,     4, -7.395551672902e-01, 1.797693134862e+308, 5.5487e-01, 1.2798e-02, 
 2DIAGNOSTIC,     5, -7.400571327540e-01, 1.797693134862e+308, 5.6707e-01, 1.2195e-02, 
 2DIAGNOSTIC,     6, -7.401440134489e-01, 1.797693134862e+308, 5.7820e-01, 1.1133e-02, 
 2DIAGNOSTIC,     7, -7.404379025404e-01, 1.797693134862e+308, 5.9502e-01, 1.6818e-02, 
 2DIAGNOSTIC,     8, -7.404148332113e-01, 1.797693134862e+308, 6.0904e-01, 1.4015e-02, 
 2DIAGNOSTIC,     9, -7.404234449487e-01, 1.797693134862e+308, 6.2036e-01, 1.1321e-02, 
 2DIAGNOSTIC,    10, -7.404043790469e-01, 2.258174499968e-04, 6.3380e-01, 1.3442e-02, 
 2DIAGNOSTIC,    11, -7.403989728894e-01, 1.443305589909e-04, 6.4746e-01, 1.3661e-02, 
 2DIAGNOSTIC,    12, -7.404046742358e-01, 8.245080038458e-05, 6.5963e-01, 1.2171e-02, 
 2DIAGNOSTIC,    13, -7.403955840362e-01, 4.112534890507e-05, 6.7293e-01, 1.3298e-02, 
 2DIAGNOSTIC,    14, -7.404017752025e-01, 1.682969589230e-05, 6.8769e-01, 1.4765e-02, 
 2DIAGNOSTIC,    15, -7.403818790408e-01, 6.811794543010e-06, 7.0032e-01, 1.2623e-02, 
 2DIAGNOSTIC,    16, -7.404487180781e-01, 1.116639740215e-06, 7.1503e-01, 1.4716e-02, 
 2DIAGNOSTIC,    17, -7.404654004507e-01, 3.152047836262e-06, 7.2901e-01, 1.3973e-02, 
 2DIAGNOSTIC,    18, -7.404659647022e-01, 4.353083181183e-06, 7.4227e-01, 1.3263e-02, 
 2DIAGNOSTIC,    19, -7.404681033896e-01, 5.442868822009e-06, 7.5849e-01, 1.6217e-02, 
 2DIAGNOSTIC,    20, -7.404546559573e-01, 5.455990630482e-06, 7.9117e-01, 3.2685e-02, 
 2DIAGNOSTIC,    21, -7.404546559572e-01, 4.993120627080e-06, 8.1195e-01, 2.0778e-02, 
 2DIAGNOSTIC,    22, -7.404546559572e-01, 4.335818139349e-06, 8.2538e-01, 1.3436e-02, 
 2DIAGNOSTIC,    23, -7.404546559572e-01, 3.319845121717e-06, 8.4096e-01, 1.5575e-02, 
 2DIAGNOSTIC,    24, -7.404546559572e-01, 2.332726688113e-06, 8.5401e-01, 1.3048e-02, 
 2DIAGNOSTIC,    25, -7.404546559572e-01, 1.001621567097e-06, 8.6868e-01, 1.4672e-02, 
DIAGNOSTIC,Iteration,metricValue,convergenceValue,ITERATION_TIME_INDEX,SINCE_LAST
 2DIAGNOSTIC,     1, -6.257433014673e-01, 1.797693134862e+308, 1.1436e+00, 2.7496e-01, 
 2DIAGNOSTIC,     2, -6.260950805434e-01, 1.797693134862e+308, 1.2005e+00, 5.6900e-02, 
 2DIAGNOSTIC,     3, -6.265524902633e-01, 1.797693134862e+308, 1.2584e+00, 5.7856e-02, 
 2DIAGNOSTIC,     4, -6.271667036450e-01, 1.797693134862e+308, 1.3170e+00, 5.8640e-02, 
 2DIAGNOSTIC,     5, -6.276015789921e-01, 1.797693134862e+308, 1.3834e+00, 6.6330e-02, 
 2DIAGNOSTIC,     6, -6.281980115087e-01, 1.797693134862e+308, 1.4476e+00, 6.4248e-02, 
 2DIAGNOSTIC,     7, -6.282924129868e-01, 1.797693134862e+308, 1.5366e+00, 8.9005e-02, 
 2DIAGNOSTIC,     8, -6.282914498460e-01, 1.797693134862e+308, 1.6070e+00, 7.0390e-02, 
 2DIAGNOSTIC,     9, -6.282878664419e-01, 1.797693134862e+308, 1.6759e+00, 6.8901e-02, 
 2DIAGNOSTIC,    10, -6.282882372589e-01, 2.888009536690e-04, 1.7427e+00, 6.6809e-02, 
 2DIAGNOSTIC,    11, -6.282847787439e-01, 2.017957412506e-04, 1.8020e+00, 5.9270e-02, 
 2DIAGNOSTIC,    12, -6.282844012247e-01, 1.246455569113e-04, 1.8642e+00, 6.2228e-02, 
 2DIAGNOSTIC,    13, -6.282831622310e-01, 6.414817480645e-05, 1.9276e+00, 6.3348e-02, 
 2DIAGNOSTIC,    14, -6.282831016187e-01, 2.644102288994e-05, 1.9924e+00, 6.4823e-02, 
 2DIAGNOSTIC,    15, -6.282811925777e-01, 4.146023913354e-06, 2.0559e+00, 6.3511e-02, 
 2DIAGNOSTIC,    16, -6.282808052109e-01, 1.244320993327e-06, 2.1236e+00, 6.7713e-02, 
 2DIAGNOSTIC,    17, -6.282805935147e-01, 1.261216954866e-06, 2.1911e+00, 6.7486e-02, 
 2DIAGNOSTIC,    18, -6.282803636679e-01, 1.303809066357e-06, 2.2598e+00, 6.8736e-02, 
 2DIAGNOSTIC,    19, -6.282784497774e-01, 1.252862990228e-06, 2.3182e+00, 5.8339e-02, 
 2DIAGNOSTIC,    20, -6.282770962604e-01, 1.227583718837e-06, 2.3841e+00, 6.5932e-02, 
 2DIAGNOSTIC,    21, -6.282779830203e-01, 1.183643067212e-06, 2.4474e+00, 6.3289e-02, 
 2DIAGNOSTIC,    22, -6.282774902780e-01, 1.155496004698e-06, 2.5082e+00, 6.0802e-02, 
 2DIAGNOSTIC,    23, -6.282748452359e-01, 1.080360864353e-06, 2.5779e+00, 6.9710e-02, 
 2DIAGNOSTIC,    24, -6.282762964229e-01, 1.069347259519e-06, 2.6450e+00, 6.7060e-02, 
 2DIAGNOSTIC,    25, -6.282763670752e-01, 1.049141957137e-06, 2.7162e+00, 7.1190e-02, 
 2DIAGNOSTIC,    26, -6.282743953320e-01, 1.009380428747e-06, 2.7862e+00, 7.0051e-02, 
DIAGNOSTIC,Iteration,metricValue,convergenceValue,ITERATION_TIME_INDEX,SINCE_LAST
 2DIAGNOSTIC,     1, -5.542583792637e-01, 1.797693134862e+308, 3.7070e+00, 9.2075e-01, 
 2DIAGNOSTIC,     2, -5.545144523113e-01, 1.797693134862e+308, 4.0525e+00, 3.4556e-01, 
 2DIAGNOSTIC,     3, -5.547907806196e-01, 1.797693134862e+308, 4.3976e+00, 3.4504e-01, 
 2DIAGNOSTIC,     4, -5.556032512760e-01, 1.797693134862e+308, 4.8179e+00, 4.2037e-01, 
 2DIAGNOSTIC,     5, -5.556166356218e-01, 1.797693134862e+308, 5.4318e+00, 6.1385e-01, 
 2DIAGNOSTIC,     6, -5.556166007990e-01, 1.797693134862e+308, 5.8598e+00, 4.2800e-01, 
 2DIAGNOSTIC,     7, -5.556165683047e-01, 1.797693134862e+308, 6.2329e+00, 3.7308e-01, 
 2DIAGNOSTIC,     8, -5.556165226028e-01, 1.797693134862e+308, 6.6078e+00, 3.7492e-01, 
 2DIAGNOSTIC,     9, -5.556164768359e-01, 1.797693134862e+308, 6.9591e+00, 3.5136e-01, 
 2DIAGNOSTIC,    10, -5.556161636424e-01, 1.519473325170e-04, 7.3542e+00, 3.9510e-01, 
 2DIAGNOSTIC,    11, -5.556157298050e-01, 8.810715992590e-05, 7.8082e+00, 4.5399e-01, 
 2DIAGNOSTIC,    12, -5.556154726291e-01, 3.827155888657e-05, 8.2068e+00, 3.9860e-01, 
 2DIAGNOSTIC,    13, -5.556154841480e-01, 2.857789349678e-06, 8.5780e+00, 3.7116e-01, 
 2DIAGNOSTIC,    14, -5.556153575652e-01, 2.147186166979e-06, 8.9203e+00, 3.4229e-01, 
 2DIAGNOSTIC,    15, -5.556152423249e-01, 1.995760899445e-06, 9.3116e+00, 3.9134e-01, 
 2DIAGNOSTIC,    16, -5.556152819383e-01, 1.875307596447e-06, 9.6539e+00, 3.4223e-01, 
 2DIAGNOSTIC,    17, -5.556152058529e-01, 1.776124650438e-06, 1.0001e+01, 3.4712e-01, 
 2DIAGNOSTIC,    18, -5.556153189028e-01, 1.698506919709e-06, 1.0370e+01, 3.6882e-01, 
 2DIAGNOSTIC,    19, -5.556153918308e-01, 1.636176074189e-06, 1.0722e+01, 3.5251e-01, 
 2DIAGNOSTIC,    20, -5.556153719554e-01, 1.575393010551e-06, 1.1100e+01, 3.7735e-01, 
 2DIAGNOSTIC,    21, -5.556150655939e-01, 1.504030745801e-06, 1.1474e+01, 3.7386e-01, 
 2DIAGNOSTIC,    22, -5.556148696173e-01, 1.429815633003e-06, 1.1844e+01, 3.7083e-01, 
 2DIAGNOSTIC,    23, -5.556145689037e-01, 1.357221770783e-06, 1.2221e+01, 3.7674e-01, 
 2DIAGNOSTIC,    24, -5.556145201317e-01, 1.289441080896e-06, 1.2600e+01, 3.7923e-01, 
 2DIAGNOSTIC,    25, -5.556143281497e-01, 1.224114825199e-06, 1.2971e+01, 3.7103e-01, 
 2DIAGNOSTIC,    26, -5.556142457561e-01, 1.167753116482e-06, 1.3349e+01, 3.7784e-01, 
 2DIAGNOSTIC,    27, -5.556141892214e-01, 1.118368058703e-06, 1.3728e+01, 3.7917e-01, 
 2DIAGNOSTIC,    28, -5.556141020374e-01, 1.078576209651e-06, 1.4079e+01, 3.5051e-01, 
 2DIAGNOSTIC,    29, -5.556140534824e-01, 1.047355392941e-06, 1.4448e+01, 3.6881e-01, 
 2DIAGNOSTIC,    30, -5.556141881457e-01, 1.024958524623e-06, 1.4824e+01, 3.7677e-01, 
 2DIAGNOSTIC,    31, -5.556140633079e-01, 1.000219945389e-06, 1.5222e+01, 3.9749e-01, 
  Elapsed time (stage 1): 1.5528e+01


Stage 2
  iterations = 100x70x50x20
  convergence threshold = 1.0000e-06
  convergence window size = 10
  number of levels = 4
  using the CC metric (radius = 4, weight = 1.0000e+00, use gradient filter = 0)
  preprocessing:  winsorizing the image intensities
  Shrink factors (level 1 out of 4): [8, 8, 8]
  Shrink factors (level 2 out of 4): [4, 4, 4]
  Shrink factors (level 3 out of 4): [2, 2, 2]
  Shrink factors (level 4 out of 4): [1, 1, 1]
  smoothing sigmas per level: [3, 2, 1, 0]
  Using default NONE metricSamplingStrategy 

*** Running SyN registration (varianceForUpdateField = 3.0000e+00, varianceForTotalField = 0.0000e+00) ***

XXDIAGNOSTIC,Iteration,metricValue,convergenceValue,ITERATION_TIME_INDEX,SINCE_LAST
 1DIAGNOSTIC,     1, -9.292301002566e-01, 1.797693134862e+308, 1.7133e-01, 1.7133e-01, 
 1DIAGNOSTIC,     2, -9.355464010762e-01, 1.797693134862e+308, 2.6300e-01, 9.1669e-02, 
 1DIAGNOSTIC,     3, -9.409205441384e-01, 1.797693134862e+308, 3.5545e-01, 9.2445e-02, 
 1DIAGNOSTIC,     4, -9.449286882323e-01, 1.797693134862e+308, 4.3320e-01, 7.7747e-02, 
 1DIAGNOSTIC,     5, -9.484786056572e-01, 1.797693134862e+308, 5.1631e-01, 8.3113e-02, 
 1DIAGNOSTIC,     6, -9.522939159327e-01, 1.797693134862e+308, 6.0195e-01, 8.5639e-02, 
 1DIAGNOSTIC,     7, -9.566770583569e-01, 1.797693134862e+308, 6.8796e-01, 8.6009e-02, 
 1DIAGNOSTIC,     8, -9.615928117752e-01, 1.797693134862e+308, 7.6959e-01, 8.1636e-02, 
 1DIAGNOSTIC,     9, -9.632221319126e-01, 1.797693134862e+308, 8.4814e-01, 7.8552e-02, 
 1DIAGNOSTIC,    10, -9.644622115887e-01, 2.398375162984e-03, 9.4095e-01, 9.2804e-02, 
 1DIAGNOSTIC,    11, -9.652075208840e-01, 1.902180940187e-03, 1.0259e+00, 8.4972e-02, 
 1DIAGNOSTIC,    12, -9.665973480244e-01, 1.507843275781e-03, 1.1225e+00, 9.6571e-02, 
 1DIAGNOSTIC,    13, -9.669913567488e-01, 1.168584376283e-03, 1.2107e+00, 8.8196e-02, 
 1DIAGNOSTIC,    14, -9.686118595457e-01, 8.918489945742e-04, 1.3012e+00, 9.0518e-02, 
 1DIAGNOSTIC,    15, -9.687988148303e-01, 6.449734942247e-04, 1.3772e+00, 7.6017e-02, 
 1DIAGNOSTIC,    16, -9.703374465540e-01, 4.690754492983e-04, 1.4663e+00, 8.9039e-02, 
 1DIAGNOSTIC,    17, -9.703587955294e-01, 3.455922443222e-04, 1.5459e+00, 7.9655e-02, 
 1DIAGNOSTIC,    18, -9.714553240480e-01, 3.030738486914e-04, 1.6382e+00, 9.2271e-02, 
 1DIAGNOSTIC,    19, -9.713176797278e-01, 2.598502285861e-04, 1.7326e+00, 9.4392e-02, 
 1DIAGNOSTIC,    20, -9.721531387237e-01, 2.278240099868e-04, 1.8113e+00, 7.8684e-02, 
 1DIAGNOSTIC,    21, -9.719568531034e-01, 1.849601712268e-04, 1.9000e+00, 8.8723e-02, 
