---------------------
Profiling information

Pipeline: ants registrationSyN
NTHREAD: 32

DATASET: ds004513
SUBJECT_ID: s020

SIF_IMG: /mnt/lustre/mathdugre/containers/ants-debug.simg
DATA_DIR: /mnt/lustre/mathdugre/mri-bottleneck/datasets/ds004513

PROJECT_DIR: /mnt/lustre/mathdugre/mri-bottleneck
PROFILING_DIR: /mnt/lustre/mathdugre/mri-bottleneck/vtune_output/32-threads/ants/registrationSyN/ds004513/sub-s020/pMFATtgxYC6DPIU690FPdIqc9eCCfwo5
---------------------

Command to profile: bash tmp-scripts/pMFATtgxYC6DPIU690FPdIqc9eCCfwo5.sh

--------------------------------------------------------------------------------------
 Mapping parameters
--------------------------------------------------------------------------------------
 ANTSPATH is /opt/ants/bin

 Dimensionality:           3
 Output name prefix:       /data/derivatives/ants/registrationSyN/sub-s020/ses-open/anat/
 Fixed images:             /templateflow/tpl-MNI152NLin2009cAsym//tpl-MNI152NLin2009cAsym_res-01_desc-brain_T1w.nii.gz
 Moving images:            /data/derivatives/fsl/fast/sub-s020/ses-open/anat/BrainExtractionBrain_seg.nii.gz
 Mask images:              
 Initial transforms:       
 Number of threads:        32
 Spline distance:          26
 SyN gradient step:        0.1
 Transform type:           s
 CC radius:                4
 Precision:                d
 Use histogram matching    0
 Repro                     0
======================================================================================
 antsRegistration call:
--------------------------------------------------------------------------------------
/opt/ants/bin/antsRegistration --verbose 1 --dimensionality 3 --float 0 --collapse-output-transforms 1 --output [ /data/derivatives/ants/registrationSyN/sub-s020/ses-open/anat/,/data/derivatives/ants/registrationSyN/sub-s020/ses-open/anat/Warped.nii.gz,/data/derivatives/ants/registrationSyN/sub-s020/ses-open/anat/InverseWarped.nii.gz ] --interpolation Linear --use-histogram-matching 0 --winsorize-image-intensities [ 0.005,0.995 ] --initial-moving-transform [ /templateflow/tpl-MNI152NLin2009cAsym//tpl-MNI152NLin2009cAsym_res-01_desc-brain_T1w.nii.gz,/data/derivatives/fsl/fast/sub-s020/ses-open/anat/BrainExtractionBrain_seg.nii.gz,1 ] --transform Rigid[ 0.1 ] --metric MI[ /templateflow/tpl-MNI152NLin2009cAsym//tpl-MNI152NLin2009cAsym_res-01_desc-brain_T1w.nii.gz,/data/derivatives/fsl/fast/sub-s020/ses-open/anat/BrainExtractionBrain_seg.nii.gz,1,32,Regular,0.25 ] --convergence [ 1000x500x250x100,1e-6,10 ] --shrink-factors 8x4x2x1 --smoothing-sigmas 3x2x1x0vox --transform Affine[ 0.1 ] --metric MI[ /templateflow/tpl-MNI152NLin2009cAsym//tpl-MNI152NLin2009cAsym_res-01_desc-brain_T1w.nii.gz,/data/derivatives/fsl/fast/sub-s020/ses-open/anat/BrainExtractionBrain_seg.nii.gz,1,32,Regular,0.25 ] --convergence [ 1000x500x250x100,1e-6,10 ] --shrink-factors 8x4x2x1 --smoothing-sigmas 3x2x1x0vox --transform SyN[ 0.1,3,0 ] --metric CC[ /templateflow/tpl-MNI152NLin2009cAsym//tpl-MNI152NLin2009cAsym_res-01_desc-brain_T1w.nii.gz,/data/derivatives/fsl/fast/sub-s020/ses-open/anat/BrainExtractionBrain_seg.nii.gz,1,4 ] --convergence [ 100x70x50x20,1e-6,10 ] --shrink-factors 8x4x2x1 --smoothing-sigmas 3x2x1x0vox
--------------------------------------------------------------------------------------
All_Command_lines_OK
Using double precision for computations.
=============================================================================
The composite transform comprises the following transforms (in order): 
  1. Center of mass alignment using fixed image: /templateflow/tpl-MNI152NLin2009cAsym//tpl-MNI152NLin2009cAsym_res-01_desc-brain_T1w.nii.gz and moving image: /data/derivatives/fsl/fast/sub-s020/ses-open/anat/BrainExtractionBrain_seg.nii.gz (type = Euler3DTransform)
=============================================================================
  number of levels = 4
  number of levels = 4
  number of levels = 4
  fixed image: /templateflow/tpl-MNI152NLin2009cAsym//tpl-MNI152NLin2009cAsym_res-01_desc-brain_T1w.nii.gz
  moving image: /data/derivatives/fsl/fast/sub-s020/ses-open/anat/BrainExtractionBrain_seg.nii.gz
  fixed image: /templateflow/tpl-MNI152NLin2009cAsym//tpl-MNI152NLin2009cAsym_res-01_desc-brain_T1w.nii.gz
  moving image: /data/derivatives/fsl/fast/sub-s020/ses-open/anat/BrainExtractionBrain_seg.nii.gz
  fixed image: /templateflow/tpl-MNI152NLin2009cAsym//tpl-MNI152NLin2009cAsym_res-01_desc-brain_T1w.nii.gz
  moving image: /data/derivatives/fsl/fast/sub-s020/ses-open/anat/BrainExtractionBrain_seg.nii.gz
Dimension = 3
Number of stages = 3
Use histogram matching = false
Winsorize image intensities = true
  Lower quantile = 0.005
  Upper quantile = 0.995


Stage 1 State
   Image metric = Mattes
     Fixed image = Image (0x5599be7bbf70)
  RTTI typeinfo:   itk::Image<double, 3u>
  Reference Count: 2
  Modified Time: 1721
  Debug: Off
  Object Name: 
  Observers: 
    none
  Source: (none)
  Source output name: (none)
  Release Data: Off
  Data Released: False
  Global Release Data: Off
  PipelineMTime: 0
  UpdateMTime: 1504
  RealTimeStamp: 0 seconds 
  LargestPossibleRegion: 
    Dimension: 3
    Index: [0, 0, 0]
    Size: [193, 229, 193]
  BufferedRegion: 
    Dimension: 3
    Index: [0, 0, 0]
    Size: [193, 229, 193]
  RequestedRegion: 
    Dimension: 3
    Index: [0, 0, 0]
    Size: [193, 229, 193]
  Spacing: [1, 1, 1]
  Origin: [96, 132, -78]
  Direction: 
-1 0 0
0 -1 0
0 0 1

  IndexToPointMatrix: 
-1 0 0
0 -1 0
0 0 1

  PointToIndexMatrix: 
-1 0 0
0 -1 0
0 0 1

  Inverse Direction: 
-1 0 0
0 -1 0
0 0 1

  PixelContainer: 
    ImportImageContainer (0x5599be7c4cf0)
      RTTI typeinfo:   itk::ImportImageContainer<unsigned long, double>
      Reference Count: 1
      Modified Time: 1501
      Debug: Off
      Object Name: 
      Observers: 
        none
      Pointer: 0x7f3cea412010
      Container manages memory: true
      Size: 8530021
      Capacity: 8530021

     Moving image = Image (0x5599be7c5bc0)
  RTTI typeinfo:   itk::Image<double, 3u>
  Reference Count: 2
  Modified Time: 1722
  Debug: Off
  Object Name: 
  Observers: 
    none
  Source: (none)
  Source output name: (none)
  Release Data: Off
  Data Released: False
  Global Release Data: Off
  PipelineMTime: 0
  UpdateMTime: 1719
  RealTimeStamp: 0 seconds 
  LargestPossibleRegion: 
    Dimension: 3
    Index: [0, 0, 0]
    Size: [160, 240, 256]
  BufferedRegion: 
    Dimension: 3
    Index: [0, 0, 0]
    Size: [160, 240, 256]
  RequestedRegion: 
    Dimension: 3
    Index: [0, 0, 0]
    Size: [160, 240, 256]
  Spacing: [0.999995, 1, 1]
  Origin: [87.0906, 98.7205, -152.377]
  Direction: 
-0.996975 0.0261379 -0.0731913
-0.0260677 -0.999658 -0.00191374
-0.0732163 -2.46403e-08 0.997316

  IndexToPointMatrix: 
-0.996971 0.0261379 -0.0731913
-0.0260676 -0.999658 -0.00191374
-0.0732159 -2.46403e-08 0.997316

  PointToIndexMatrix: 
-0.99698 -0.0260679 -0.0732166
0.0261379 -0.999658 -2.46993e-08
-0.0731913 -0.00191374 0.997316

  Inverse Direction: 
-0.996975 -0.0260677 -0.0732163
0.0261379 -0.999658 -2.46993e-08
-0.0731913 -0.00191374 0.997316

  PixelContainer: 
    ImportImageContainer (0x5599be7acd30)
      RTTI typeinfo:   itk::ImportImageContainer<unsigned long, double>
      Reference Count: 1
      Modified Time: 1716
      Debug: Off
      Object Name: 
      Observers: 
        none
      Pointer: 0x7f3ce5911010
      Container manages memory: true
      Size: 9830400
      Capacity: 9830400

     Weighting = 1
     Sampling strategy = regular
     Number of bins = 32
     Radius = 4
     Sampling percentage  = 0.25
   Transform = Rigid
     Gradient step = 0.1
     Update field sigma (voxel space) = 0
     Total field sigma (voxel space) = 0
     Update field time sigma = 0
     Total field time sigma  = 0
     Number of time indices = 0
     Number of time point samples = 0
Stage 2 State
   Image metric = Mattes
     Fixed image = Image (0x5599be7ece50)
  RTTI typeinfo:   itk::Image<double, 3u>
  Reference Count: 2
  Modified Time: 2151
  Debug: Off
  Object Name: 
  Observers: 
    none
  Source: (none)
  Source output name: (none)
  Release Data: Off
  Data Released: False
  Global Release Data: Off
  PipelineMTime: 0
  UpdateMTime: 1934
  RealTimeStamp: 0 seconds 
  LargestPossibleRegion: 
    Dimension: 3
    Index: [0, 0, 0]
    Size: [193, 229, 193]
  BufferedRegion: 
    Dimension: 3
    Index: [0, 0, 0]
    Size: [193, 229, 193]
  RequestedRegion: 
    Dimension: 3
    Index: [0, 0, 0]
    Size: [193, 229, 193]
  Spacing: [1, 1, 1]
  Origin: [96, 132, -78]
  Direction: 
-1 0 0
0 -1 0
0 0 1

  IndexToPointMatrix: 
-1 0 0
0 -1 0
0 0 1

  PointToIndexMatrix: 
-1 0 0
0 -1 0
0 0 1

  Inverse Direction: 
-1 0 0
0 -1 0
0 0 1

  PixelContainer: 
    ImportImageContainer (0x5599be85c940)
      RTTI typeinfo:   itk::ImportImageContainer<unsigned long, double>
      Reference Count: 1
      Modified Time: 1931
      Debug: Off
      Object Name: 
      Observers: 
        none
      Pointer: 0x7f3ce17fc010
      Container manages memory: true
      Size: 8530021
      Capacity: 8530021

     Moving image = Image (0x5599be7eef00)
  RTTI typeinfo:   itk::Image<double, 3u>
  Reference Count: 2
  Modified Time: 2152
  Debug: Off
  Object Name: 
  Observers: 
    none
  Source: (none)
  Source output name: (none)
  Release Data: Off
  Data Released: False
  Global Release Data: Off
  PipelineMTime: 0
  UpdateMTime: 2149
  RealTimeStamp: 0 seconds 
  LargestPossibleRegion: 
    Dimension: 3
    Index: [0, 0, 0]
    Size: [160, 240, 256]
  BufferedRegion: 
    Dimension: 3
    Index: [0, 0, 0]
    Size: [160, 240, 256]
  RequestedRegion: 
    Dimension: 3
    Index: [0, 0, 0]
    Size: [160, 240, 256]
  Spacing: [0.999995, 1, 1]
  Origin: [87.0906, 98.7205, -152.377]
  Direction: 
-0.996975 0.0261379 -0.0731913
-0.0260677 -0.999658 -0.00191374
-0.0732163 -2.46403e-08 0.997316

  IndexToPointMatrix: 
-0.996971 0.0261379 -0.0731913
-0.0260676 -0.999658 -0.00191374
-0.0732159 -2.46403e-08 0.997316

  PointToIndexMatrix: 
-0.99698 -0.0260679 -0.0732166
0.0261379 -0.999658 -2.46993e-08
-0.0731913 -0.00191374 0.997316

  Inverse Direction: 
-0.996975 -0.0260677 -0.0732163
0.0261379 -0.999658 -2.46993e-08
-0.0731913 -0.00191374 0.997316

  PixelContainer: 
    ImportImageContainer (0x5599be862990)
      RTTI typeinfo:   itk::ImportImageContainer<unsigned long, double>
      Reference Count: 1
      Modified Time: 2146
      Debug: Off
      Object Name: 
      Observers: 
        none
      Pointer: 0x7f3cdccfb010
      Container manages memory: true
      Size: 9830400
      Capacity: 9830400

     Weighting = 1
     Sampling strategy = regular
     Number of bins = 32
     Radius = 4
     Sampling percentage  = 0.25
   Transform = Affine
     Gradient step = 0.1
     Update field sigma (voxel space) = 0
     Total field sigma (voxel space) = 0
     Update field time sigma = 0
     Total field time sigma  = 0
     Number of time indices = 0
     Number of time point samples = 0
Stage 3 State
   Image metric = CC
     Fixed image = Image (0x5599be861400)
  RTTI typeinfo:   itk::Image<double, 3u>
  Reference Count: 2
  Modified Time: 2581
  Debug: Off
  Object Name: 
  Observers: 
    none
  Source: (none)
  Source output name: (none)
  Release Data: Off
  Data Released: False
  Global Release Data: Off
  PipelineMTime: 0
  UpdateMTime: 2364
  RealTimeStamp: 0 seconds 
  LargestPossibleRegion: 
    Dimension: 3
    Index: [0, 0, 0]
    Size: [193, 229, 193]
  BufferedRegion: 
    Dimension: 3
    Index: [0, 0, 0]
    Size: [193, 229, 193]
  RequestedRegion: 
    Dimension: 3
    Index: [0, 0, 0]
    Size: [193, 229, 193]
  Spacing: [1, 1, 1]
  Origin: [96, 132, -78]
  Direction: 
-1 0 0
0 -1 0
0 0 1

  IndexToPointMatrix: 
-1 0 0
0 -1 0
0 0 1

  PointToIndexMatrix: 
-1 0 0
0 -1 0
0 0 1

  Inverse Direction: 
-1 0 0
0 -1 0
0 0 1

  PixelContainer: 
    ImportImageContainer (0x5599be861b80)
      RTTI typeinfo:   itk::ImportImageContainer<unsigned long, double>
      Reference Count: 1
      Modified Time: 2361
      Debug: Off
      Object Name: 
      Observers: 
        none
      Pointer: 0x7f3cd8be6010
      Container manages memory: true
      Size: 8530021
      Capacity: 8530021

     Moving image = Image (0x5599be860d40)
  RTTI typeinfo:   itk::Image<double, 3u>
  Reference Count: 2
  Modified Time: 2582
  Debug: Off
  Object Name: 
  Observers: 
    none
  Source: (none)
  Source output name: (none)
  Release Data: Off
  Data Released: False
  Global Release Data: Off
  PipelineMTime: 0
  UpdateMTime: 2579
  RealTimeStamp: 0 seconds 
  LargestPossibleRegion: 
    Dimension: 3
    Index: [0, 0, 0]
    Size: [160, 240, 256]
  BufferedRegion: 
    Dimension: 3
    Index: [0, 0, 0]
    Size: [160, 240, 256]
  RequestedRegion: 
    Dimension: 3
    Index: [0, 0, 0]
    Size: [160, 240, 256]
  Spacing: [0.999995, 1, 1]
  Origin: [87.0906, 98.7205, -152.377]
  Direction: 
-0.996975 0.0261379 -0.0731913
-0.0260677 -0.999658 -0.00191374
-0.0732163 -2.46403e-08 0.997316

  IndexToPointMatrix: 
-0.996971 0.0261379 -0.0731913
-0.0260676 -0.999658 -0.00191374
-0.0732159 -2.46403e-08 0.997316

  PointToIndexMatrix: 
-0.99698 -0.0260679 -0.0732166
0.0261379 -0.999658 -2.46993e-08
-0.0731913 -0.00191374 0.997316

  Inverse Direction: 
-0.996975 -0.0260677 -0.0732163
0.0261379 -0.999658 -2.46993e-08
-0.0731913 -0.00191374 0.997316

  PixelContainer: 
    ImportImageContainer (0x5599be7eea40)
      RTTI typeinfo:   itk::ImportImageContainer<unsigned long, double>
      Reference Count: 1
      Modified Time: 2576
      Debug: Off
      Object Name: 
      Observers: 
        none
      Pointer: 0x7f3cd40e5010
      Container manages memory: true
      Size: 9830400
      Capacity: 9830400

     Weighting = 1
     Sampling strategy = none
     Number of bins = 32
     Radius = 4
     Sampling percentage  = 1
   Transform = SyN
     Gradient step = 0.1
     Update field sigma (voxel space) = 3
     Total field sigma (voxel space) = 0
     Update field time sigma = 0
     Total field time sigma  = 0
     Number of time indices = 0
     Number of time point samples = 0
Registration using 3 total stages.

Stage 0
  iterations = 1000x500x250x100
  convergence threshold = 1e-06
  convergence window size = 10
  number of levels = 4
  using the Mattes MI metric (number of bins = 32, weight = 1, use gradient filter = 0)
  preprocessing:  winsorizing the image intensities
  Shrink factors (level 1 out of 4): [8, 8, 8]
  Shrink factors (level 2 out of 4): [4, 4, 4]
  Shrink factors (level 3 out of 4): [2, 2, 2]
  Shrink factors (level 4 out of 4): [1, 1, 1]
  smoothing sigmas per level: [3, 2, 1, 0]
  regular sampling (percentage = 0.25)

*** Running Euler3DTransform registration ***

DIAGNOSTIC,Iteration,metricValue,convergenceValue,ITERATION_TIME_INDEX,SINCE_LAST
 2DIAGNOSTIC,     1, -4.096459685806e-01, 1.797693134862e+308, 1.6551e-01, 1.6551e-01, 
 2DIAGNOSTIC,     2, -4.109870046545e-01, 1.797693134862e+308, 1.7289e-01, 7.3860e-03, 
 2DIAGNOSTIC,     3, -4.142508200828e-01, 1.797693134862e+308, 1.7892e-01, 6.0248e-03, 
 2DIAGNOSTIC,     4, -4.174917966224e-01, 1.797693134862e+308, 1.8609e-01, 7.1750e-03, 
 2DIAGNOSTIC,     5, -4.204149158822e-01, 1.797693134862e+308, 1.9208e-01, 5.9841e-03, 
 2DIAGNOSTIC,     6, -4.253217565883e-01, 1.797693134862e+308, 1.9839e-01, 6.3128e-03, 
 2DIAGNOSTIC,     7, -4.367355061567e-01, 1.797693134862e+308, 2.0601e-01, 7.6201e-03, 
 2DIAGNOSTIC,     8, -4.459187443181e-01, 1.797693134862e+308, 2.1306e-01, 7.0469e-03, 
 2DIAGNOSTIC,     9, -4.470433772317e-01, 1.797693134862e+308, 2.2720e-01, 1.4141e-02, 
 2DIAGNOSTIC,    10, -4.470954232091e-01, 6.716547380169e-03, 2.3508e-01, 7.8800e-03, 
 2DIAGNOSTIC,    11, -4.477948157221e-01, 6.023383432801e-03, 2.4106e-01, 5.9791e-03, 
 2DIAGNOSTIC,    12, -4.487147043955e-01, 5.021851974899e-03, 2.4840e-01, 7.3419e-03, 
 2DIAGNOSTIC,    13, -4.489688564104e-01, 3.896278062687e-03, 2.5889e-01, 1.0491e-02, 
 2DIAGNOSTIC,    14, -4.493211339847e-01, 2.758396772579e-03, 2.6806e-01, 9.1691e-03, 
 2DIAGNOSTIC,    15, -4.507330741699e-01, 1.721395162753e-03, 2.7541e-01, 7.3540e-03, 
 2DIAGNOSTIC,    16, -4.551226444268e-01, 1.029535893279e-03, 2.8365e-01, 8.2350e-03, 
 2DIAGNOSTIC,    17, -4.593160495938e-01, 9.103223007163e-04, 2.9517e-01, 1.1525e-02, 
 2DIAGNOSTIC,    18, -4.601389067715e-01, 1.078788790807e-03, 3.0173e-01, 6.5560e-03, 
 2DIAGNOSTIC,    19, -4.615721925573e-01, 1.219640753748e-03, 3.0834e-01, 6.6099e-03, 
 2DIAGNOSTIC,    20, -4.630530343199e-01, 1.281745160698e-03, 3.1420e-01, 5.8570e-03, 
 2DIAGNOSTIC,    21, -4.646366314030e-01, 1.284557555089e-03, 3.2212e-01, 7.9269e-03, 
 2DIAGNOSTIC,    22, -4.658456769195e-01, 1.227330261649e-03, 3.2775e-01, 5.6281e-03, 
 2DIAGNOSTIC,    23, -4.682493930712e-01, 1.136008130035e-03, 3.3354e-01, 5.7919e-03, 
 2DIAGNOSTIC,    24, -4.747928641110e-01, 1.129789373702e-03, 3.4193e-01, 8.3840e-03, 
 2DIAGNOSTIC,    25, -4.824910945992e-01, 1.243371032742e-03, 3.4804e-01, 6.1152e-03, 
 2DIAGNOSTIC,    26, -4.877326793357e-01, 1.459715653009e-03, 3.5829e-01, 1.0243e-02, 
 2DIAGNOSTIC,    27, -4.923936900726e-01, 1.728944651640e-03, 3.6577e-01, 7.4871e-03, 
 2DIAGNOSTIC,    28, -4.935431199534e-01, 1.858679695808e-03, 3.7265e-01, 6.8729e-03, 
 2DIAGNOSTIC,    29, -4.947908887893e-01, 1.860668854644e-03, 3.8001e-01, 7.3669e-03, 
 2DIAGNOSTIC,    30, -4.947381043290e-01, 1.714664566986e-03, 3.8669e-01, 6.6719e-03, 
 2DIAGNOSTIC,    31, -4.946863948707e-01, 1.447979318862e-03, 3.9597e-01, 9.2850e-03, 
 2DIAGNOSTIC,    32, -4.946918930012e-01, 1.087238857979e-03, 4.0256e-01, 6.5892e-03, 
 2DIAGNOSTIC,    33, -4.946222103273e-01, 6.902100772716e-04, 4.0875e-01, 6.1910e-03, 
 2DIAGNOSTIC,    34, -4.946227641535e-01, 3.702232575856e-04, 4.1456e-01, 5.8129e-03, 
 2DIAGNOSTIC,    35, -4.946252416049e-01, 1.693069912766e-04, 4.2055e-01, 5.9841e-03, 
 2DIAGNOSTIC,    36, -4.946285339239e-01, 5.244115871356e-05, 4.2767e-01, 7.1261e-03, 
 2DIAGNOSTIC,    37, -4.948111501494e-01, 1.763422078884e-05, 4.3532e-01, 7.6489e-03, 
 2DIAGNOSTIC,    38, -4.950908942239e-01, 5.612820344485e-06, 4.4734e-01, 1.2014e-02, 
 2DIAGNOSTIC,    39, -4.951301070015e-01, 1.394710259860e-05, 4.5322e-01, 5.8789e-03, 
 2DIAGNOSTIC,    40, -4.950698982565e-01, 1.894998728440e-05, 4.6003e-01, 6.8150e-03, 
 2DIAGNOSTIC,    41, -4.950768261442e-01, 2.137613666444e-05, 4.6620e-01, 6.1738e-03, 
 2DIAGNOSTIC,    42, -4.950878770314e-01, 2.192584126899e-05, 4.7226e-01, 6.0580e-03, 
 2DIAGNOSTIC,    43, -4.951083063572e-01, 1.964111402967e-05, 4.7851e-01, 6.2468e-03, 
 2DIAGNOSTIC,    44, -4.953626992461e-01, 1.920447013940e-05, 4.8790e-01, 9.3861e-03, 
 2DIAGNOSTIC,    45, -4.953808062145e-01, 1.731389323080e-05, 4.9369e-01, 5.7981e-03, 
 2DIAGNOSTIC,    46, -4.954263898318e-01, 1.459403832838e-05, 5.0394e-01, 1.0242e-02, 
 2DIAGNOSTIC,    47, -4.954787006880e-01, 1.362406989461e-05, 5.1072e-01, 6.7852e-03, 
 2DIAGNOSTIC,    48, -4.955045831491e-01, 1.526675000571e-05, 5.1710e-01, 6.3789e-03, 
 2DIAGNOSTIC,    49, -4.956260204208e-01, 1.740326880643e-05, 5.2299e-01, 5.8861e-03, 
 2DIAGNOSTIC,    50, -4.970224020789e-01, 3.393612036381e-05, 5.2998e-01, 6.9971e-03, 
 2DIAGNOSTIC,    51, -4.978567969619e-01, 5.612939421918e-05, 5.4073e-01, 1.0752e-02, 
 2DIAGNOSTIC,    52, -4.978711072002e-01, 7.236005738421e-05, 5.4710e-01, 6.3620e-03, 
 2DIAGNOSTIC,    53, -4.984196692608e-01, 8.781051080475e-05, 5.5349e-01, 6.3949e-03, 
 2DIAGNOSTIC,    54, -4.986620686301e-01, 9.973145863965e-05, 5.5957e-01, 6.0790e-03, 
 2DIAGNOSTIC,    55, -4.988804233974e-01, 1.039672257599e-04, 5.6674e-01, 7.1650e-03, 
 2DIAGNOSTIC,    56, -4.992859755828e-01, 1.028156211665e-04, 5.7545e-01, 8.7111e-03, 
 2DIAGNOSTIC,    57, -4.993450088108e-01, 9.320026907069e-05, 5.8262e-01, 7.1759e-03, 
 2DIAGNOSTIC,    58, -4.994536173054e-01, 7.666967854006e-05, 5.8930e-01, 6.6788e-03, 
 2DIAGNOSTIC,    59, -4.995335887517e-01, 5.513001249698e-05, 5.9511e-01, 5.8050e-03, 
 2DIAGNOSTIC,    60, -5.006236494746e-01, 5.365854622798e-05, 6.0495e-01, 9.8429e-03, 
 2DIAGNOSTIC,    61, -5.010764887592e-01, 5.947730431520e-05, 6.1234e-01, 7.3948e-03, 
 2DIAGNOSTIC,    62, -5.012296059579e-01, 6.094012918263e-05, 6.1948e-01, 7.1352e-03, 
 2DIAGNOSTIC,    63, -5.014755428473e-01, 6.423968854489e-05, 6.2608e-01, 6.5970e-03, 
 2DIAGNOSTIC,    64, -5.027701464544e-01, 7.556477021984e-05, 6.3478e-01, 8.7020e-03, 
 2DIAGNOSTIC,    65, -5.030328105281e-01, 8.314555773894e-05, 6.4125e-01, 6.4740e-03, 
 2DIAGNOSTIC,    66, -5.033864179042e-01, 8.937596063268e-05, 6.4808e-01, 6.8328e-03, 
 2DIAGNOSTIC,    67, -5.090477353488e-01, 1.377751721497e-04, 6.5422e-01, 6.1371e-03, 
 2DIAGNOSTIC,    68, -5.123797913503e-01, 2.001890586947e-04, 6.6238e-01, 8.1580e-03, 
 2DIAGNOSTIC,    69, -5.197104377051e-01, 3.044530096798e-04, 6.7721e-01, 1.4834e-02, 
 2DIAGNOSTIC,    70, -5.197927711958e-01, 3.853309248772e-04, 6.8354e-01, 6.3219e-03, 
 2DIAGNOSTIC,    71, -5.201701981156e-01, 4.346812209564e-04, 6.8985e-01, 6.3119e-03, 
 2DIAGNOSTIC,    72, -5.206983066906e-01, 4.464054086217e-04, 6.9594e-01, 6.0890e-03, 
 2DIAGNOSTIC,    73, -5.213726329714e-01, 4.210868780076e-04, 7.0280e-01, 6.8600e-03, 
 2DIAGNOSTIC,    74, -5.217383268552e-01, 3.687529631022e-04, 7.1255e-01, 9.7558e-03, 
 2DIAGNOSTIC,    75, -5.222086854912e-01, 2.888647949372e-04, 7.2343e-01, 1.0880e-02, 
 2DIAGNOSTIC,    76, -5.225966433131e-01, 1.891015369134e-04, 7.3190e-01, 8.4631e-03, 
 2DIAGNOSTIC,    77, -5.232129449338e-01, 1.216901695351e-04, 7.3881e-01, 6.9151e-03, 
 2DIAGNOSTIC,    78, -5.239058751585e-01, 7.304895201584e-05, 7.4847e-01, 9.6622e-03, 
 2DIAGNOSTIC,    79, -5.240473987814e-01, 7.413052933874e-05, 7.6076e-01, 1.2289e-02, 
 2DIAGNOSTIC,    80, -5.241304014640e-01, 6.935567021871e-05, 7.6965e-01, 8.8890e-03, 
 2DIAGNOSTIC,    81, -5.242504667570e-01, 6.164069702660e-05, 7.7884e-01, 9.1870e-03, 
 2DIAGNOSTIC,    82, -5.242453910822e-01, 5.179124559944e-05, 7.8528e-01, 6.4449e-03, 
 2DIAGNOSTIC,    83, -5.241767559970e-01, 4.142741967810e-05, 7.9287e-01, 7.5841e-03, 
 2DIAGNOSTIC,    84, -5.243497045322e-01, 3.110751007928e-05, 8.0255e-01, 9.6829e-03, 
 2DIAGNOSTIC,    85, -5.243405203451e-01, 2.124146458195e-05, 8.0926e-01, 6.7139e-03, 
 2DIAGNOSTIC,    86, -5.243651858329e-01, 1.234792187885e-05, 8.1499e-01, 5.7240e-03, 
 2DIAGNOSTIC,    87, -5.243980455270e-01, 6.760686526084e-06, 8.2086e-01, 5.8711e-03, 
 2DIAGNOSTIC,    88, -5.247249482875e-01, 7.421972400111e-06, 8.3159e-01, 1.0736e-02, 
 2DIAGNOSTIC,    89, -5.248056718594e-01, 8.758393410333e-06, 8.3782e-01, 6.2220e-03, 
 2DIAGNOSTIC,    90, -5.248383584537e-01, 9.979864217488e-06, 8.4495e-01, 7.1321e-03, 
 2DIAGNOSTIC,    91, -5.250327200409e-01, 1.229269919017e-05, 8.5093e-01, 5.9791e-03, 
 2DIAGNOSTIC,    92, -5.251867150094e-01, 1.432585900090e-05, 8.5694e-01, 6.0141e-03, 
 2DIAGNOSTIC,    93, -5.254905092389e-01, 1.635116478815e-05, 8.6655e-01, 9.6061e-03, 
 2DIAGNOSTIC,    94, -5.256327614203e-01, 1.869203026602e-05, 8.7527e-01, 8.7230e-03, 
 2DIAGNOSTIC,    95, -5.257639020523e-01, 1.998320381483e-05, 8.8320e-01, 7.9339e-03, 
 2DIAGNOSTIC,    96, -5.266664654715e-01, 2.494621214164e-05, 8.9218e-01, 8.9731e-03, 
 2DIAGNOSTIC,    97, -5.271375649543e-01, 3.021583088808e-05, 9.0004e-01, 7.8659e-03, 
 2DIAGNOSTIC,    98, -5.273000589458e-01, 3.532955277953e-05, 9.0774e-01, 7.6950e-03, 
 2DIAGNOSTIC,    99, -5.275411817939e-01, 3.891269176549e-05, 9.2051e-01, 1.2770e-02, 
 2DIAGNOSTIC,   100, -5.284477719923e-01, 4.408409268493e-05, 9.3414e-01, 1.3630e-02, 
 2DIAGNOSTIC,   101, -5.285364130160e-01, 4.631839749744e-05, 9.4084e-01, 6.6979e-03, 
 2DIAGNOSTIC,   102, -5.285961322163e-01, 4.523515315578e-05, 9.4725e-01, 6.4170e-03, 
 2DIAGNOSTIC,   103, -5.286650968667e-01, 4.202509367318e-05, 9.5378e-01, 6.5281e-03, 
 2DIAGNOSTIC,   104, -5.287303636246e-01, 3.602885197451e-05, 9.6148e-01, 7.7012e-03, 
 2DIAGNOSTIC,   105, -5.287792798904e-01, 2.749563771659e-05, 9.6832e-01, 6.8390e-03, 
 2DIAGNOSTIC,   106, -5.289040452586e-01, 2.199724315572e-05, 9.7461e-01, 6.2881e-03, 
 2DIAGNOSTIC,   107, -5.289612300322e-01, 1.739108318120e-05, 9.8099e-01, 6.3820e-03, 
 2DIAGNOSTIC,   108, -5.290574900781e-01, 1.261891790970e-05, 9.8727e-01, 6.2790e-03, 
 2DIAGNOSTIC,   109, -5.292093166583e-01, 8.678479273317e-06, 9.9312e-01, 5.8520e-03, 
 2DIAGNOSTIC,   110, -5.315846223709e-01, 2.105388632970e-05, 9.9967e-01, 6.5479e-03, 
 2DIAGNOSTIC,   111, -5.341354440751e-01, 4.443357236393e-05, 1.0095e+00, 9.8541e-03, 
 2DIAGNOSTIC,   112, -5.345077959634e-01, 6.506939022702e-05, 1.0169e+00, 7.3700e-03, 
 2DIAGNOSTIC,   113, -5.355291645314e-01, 8.483585904623e-05, 1.0309e+00, 1.4051e-02, 
 2DIAGNOSTIC,   114, -5.361376879907e-01, 9.944090752895e-05, 1.0386e+00, 7.6110e-03, 
 2DIAGNOSTIC,   115, -5.362810334339e-01, 1.048682355738e-04, 1.0486e+00, 1.0027e-02, 
 2DIAGNOSTIC,   116, -5.366710480514e-01, 1.024350852123e-04, 1.0551e+00, 6.5520e-03, 
 2DIAGNOSTIC,   117, -5.367961116420e-01, 9.112514528037e-05, 1.0613e+00, 6.1419e-03, 
 2DIAGNOSTIC,   118, -5.371600092388e-01, 7.367031361347e-05, 1.0672e+00, 5.9202e-03, 
 2DIAGNOSTIC,   119, -5.374767324841e-01, 5.142575287706e-05, 1.0731e+00, 5.8751e-03, 
 2DIAGNOSTIC,   120, -5.403352268278e-01, 4.912652487319e-05, 1.0832e+00, 1.0079e-02, 
 2DIAGNOSTIC,   121, -5.406024879716e-01, 5.504479070967e-05, 1.0892e+00, 6.0530e-03, 
 2DIAGNOSTIC,   122, -5.406858449628e-01, 5.770405993004e-05, 1.0952e+00, 6.0000e-03, 
 2DIAGNOSTIC,   123, -5.407435124663e-01, 5.986577120655e-05, 1.1039e+00, 8.7039e-03, 
 2DIAGNOSTIC,   124, -5.407815914471e-01, 5.911765962862e-05, 1.1096e+00, 5.7089e-03, 
 2DIAGNOSTIC,   125, -5.408367534372e-01, 5.333526153665e-05, 1.1156e+00, 5.9390e-03, 
 2DIAGNOSTIC,   126, -5.413355493245e-01, 4.645607573229e-05, 1.1210e+00, 5.4259e-03, 
 2DIAGNOSTIC,   127, -5.435265425017e-01, 4.564170439426e-05, 1.1300e+00, 9.0292e-03, 
 2DIAGNOSTIC,   128, -5.442164972888e-01, 4.497493659195e-05, 1.1397e+00, 9.6560e-03, 
 2DIAGNOSTIC,   129, -5.445299574052e-01, 4.246472948707e-05, 1.1465e+00, 6.7990e-03, 
 2DIAGNOSTIC,   130, -5.451909907956e-01, 5.130812126937e-05, 1.1534e+00, 6.8870e-03, 
 2DIAGNOSTIC,   131, -5.452732775024e-01, 5.646571676129e-05, 1.1616e+00, 8.2359e-03, 
 2DIAGNOSTIC,   132, -5.455691081306e-01, 5.757392202816e-05, 1.1684e+00, 6.8271e-03, 
 2DIAGNOSTIC,   133, -5.455719190263e-01, 5.331738515852e-05, 1.1767e+00, 8.2440e-03, 
 2DIAGNOSTIC,   134, -5.454864203346e-01, 4.392776161946e-05, 1.1833e+00, 6.6350e-03, 
 2DIAGNOSTIC,   135, -5.454864704297e-01, 3.075644025470e-05, 1.1898e+00, 6.4750e-03, 
 2DIAGNOSTIC,   136, -5.454864921464e-01, 1.666922747501e-05, 1.1960e+00, 6.2501e-03, 
 2DIAGNOSTIC,   137, -5.454865265397e-01, 1.015602820137e-05, 1.2021e+00, 6.0482e-03, 
 2DIAGNOSTIC,   138, -5.454866668051e-01, 5.591924264517e-06, 1.2086e+00, 6.5041e-03, 
 2DIAGNOSTIC,   139, -5.454871246948e-01, 1.801326599842e-06, 1.2144e+00, 5.8410e-03, 
DIAGNOSTIC,Iteration,metricValue,convergenceValue,ITERATION_TIME_INDEX,SINCE_LAST
 2DIAGNOSTIC,     1, -4.443248009416e-01, 1.797693134862e+308, 1.3899e+00, 1.7545e-01, 
 2DIAGNOSTIC,     2, -4.450093470720e-01, 1.797693134862e+308, 1.4176e+00, 2.7703e-02, 
 2DIAGNOSTIC,     3, -4.456073172991e-01, 1.797693134862e+308, 1.4477e+00, 3.0089e-02, 
 2DIAGNOSTIC,     4, -4.460095650426e-01, 1.797693134862e+308, 1.4725e+00, 2.4816e-02, 
 2DIAGNOSTIC,     5, -4.462443773033e-01, 1.797693134862e+308, 1.4850e+00, 1.2523e-02, 
 2DIAGNOSTIC,     6, -4.465925798493e-01, 1.797693134862e+308, 1.4944e+00, 9.4571e-03, 
 2DIAGNOSTIC,     7, -4.470340528886e-01, 1.797693134862e+308, 1.5027e+00, 8.2080e-03, 
 2DIAGNOSTIC,     8, -4.481364342260e-01, 1.797693134862e+308, 1.5144e+00, 1.1739e-02, 
 2DIAGNOSTIC,     9, -4.484314537663e-01, 1.797693134862e+308, 1.5231e+00, 8.7230e-03, 
 2DIAGNOSTIC,    10, -4.484423765277e-01, 6.026009374178e-04, 1.5309e+00, 7.7469e-03, 
 2DIAGNOSTIC,    11, -4.485560348194e-01, 5.048815821810e-04, 1.5397e+00, 8.8339e-03, 
 2DIAGNOSTIC,    12, -4.486618406176e-01, 4.193472892649e-04, 1.5548e+00, 1.5070e-02, 
 2DIAGNOSTIC,    13, -4.486700221819e-01, 3.377848554931e-04, 1.5636e+00, 8.8739e-03, 
 2DIAGNOSTIC,    14, -4.486657527818e-01, 2.554585333323e-04, 1.5721e+00, 8.4450e-03, 
 2DIAGNOSTIC,    15, -4.486887875427e-01, 1.725306506313e-04, 1.5801e+00, 7.9660e-03, 
 2DIAGNOSTIC,    16, -4.486884041798e-01, 9.828672711652e-05, 1.5900e+00, 9.9061e-03, 
 2DIAGNOSTIC,    17, -4.486720610434e-01, 3.870593898170e-05, 1.5990e+00, 9.0120e-03, 
 2DIAGNOSTIC,    18, -4.486608703460e-01, 2.064422398071e-05, 1.6070e+00, 7.9920e-03, 
 2DIAGNOSTIC,    19, -4.486586612447e-01, 1.262142647510e-05, 1.6170e+00, 1.0002e-02, 
 2DIAGNOSTIC,    20, -4.486655260911e-01, 4.869443873651e-06, 1.6271e+00, 1.0170e-02, 
DIAGNOSTIC,Iteration,metricValue,convergenceValue,ITERATION_TIME_INDEX,SINCE_LAST
 2DIAGNOSTIC,     1, -3.864320448109e-01, 1.797693134862e+308, 1.9589e+00, 3.3178e-01, 
 2DIAGNOSTIC,     2, -3.866738467602e-01, 1.797693134862e+308, 2.0194e+00, 6.0507e-02, 
 2DIAGNOSTIC,     3, -3.868634787717e-01, 1.797693134862e+308, 2.0741e+00, 5.4645e-02, 
 2DIAGNOSTIC,     4, -3.870917057170e-01, 1.797693134862e+308, 2.1226e+00, 4.8523e-02, 
 2DIAGNOSTIC,     5, -3.872755061334e-01, 1.797693134862e+308, 2.1647e+00, 4.2075e-02, 
 2DIAGNOSTIC,     6, -3.873713166403e-01, 1.797693134862e+308, 2.2202e+00, 5.5537e-02, 
 2DIAGNOSTIC,     7, -3.874509458976e-01, 1.797693134862e+308, 2.2552e+00, 3.5008e-02, 
 2DIAGNOSTIC,     8, -3.875256119254e-01, 1.797693134862e+308, 2.2987e+00, 4.3444e-02, 
 2DIAGNOSTIC,     9, -3.875447275442e-01, 1.797693134862e+308, 2.3448e+00, 4.6126e-02, 
 2DIAGNOSTIC,    10, -3.875937895748e-01, 1.919043412133e-04, 2.4074e+00, 6.2606e-02, 
 2DIAGNOSTIC,    11, -3.876108786872e-01, 1.378784895189e-04, 2.4563e+00, 4.8934e-02, 
 2DIAGNOSTIC,    12, -3.876116576314e-01, 9.552211837505e-05, 2.4981e+00, 4.1742e-02, 
 2DIAGNOSTIC,    13, -3.876135366032e-01, 6.192123646491e-05, 2.5376e+00, 3.9514e-02, 
 2DIAGNOSTIC,    14, -3.876190552639e-01, 3.979797097765e-05, 2.5754e+00, 3.7838e-02, 
 2DIAGNOSTIC,    15, -3.876313467812e-01, 2.671256300274e-05, 2.6139e+00, 3.8528e-02, 
 2DIAGNOSTIC,    16, -3.876515963815e-01, 1.824880229763e-05, 2.6515e+00, 3.7515e-02, 
 2DIAGNOSTIC,    17, -3.877055346605e-01, 1.498283783894e-05, 2.6942e+00, 4.2745e-02, 
 2DIAGNOSTIC,    18, -3.878803986562e-01, 2.100481502199e-05, 2.7418e+00, 4.7616e-02, 
 2DIAGNOSTIC,    19, -3.879247420909e-01, 2.685287601539e-05, 2.8050e+00, 6.3190e-02, 
 2DIAGNOSTIC,    20, -3.879209465120e-01, 3.147158304196e-05, 2.8596e+00, 5.4565e-02, 
 2DIAGNOSTIC,    21, -3.879218686814e-01, 3.360019626013e-05, 2.9039e+00, 4.4359e-02, 
 2DIAGNOSTIC,    22, -3.879207693655e-01, 3.250290478440e-05, 2.9472e+00, 4.3217e-02, 
 2DIAGNOSTIC,    23, -3.879206936105e-01, 2.855691892334e-05, 2.9897e+00, 4.2532e-02, 
 2DIAGNOSTIC,    24, -3.879204432704e-01, 2.253525426813e-05, 3.0295e+00, 3.9765e-02, 
 2DIAGNOSTIC,    25, -3.879190614059e-01, 1.540662332838e-05, 3.0738e+00, 4.4388e-02, 
 2DIAGNOSTIC,    26, -3.879195011710e-01, 8.118519834129e-06, 3.1203e+00, 4.6476e-02, 
 2DIAGNOSTIC,    27, -3.879190227250e-01, 2.049521863529e-06, 3.1584e+00, 3.8113e-02, 
DIAGNOSTIC,Iteration,metricValue,convergenceValue,ITERATION_TIME_INDEX,SINCE_LAST
 2DIAGNOSTIC,     1, -3.546160805180e-01, 1.797693134862e+308, 3.9514e+00, 7.9293e-01, 
 2DIAGNOSTIC,     2, -3.547217458118e-01, 1.797693134862e+308, 4.1568e+00, 2.0546e-01, 
 2DIAGNOSTIC,     3, -3.547730740964e-01, 1.797693134862e+308, 4.3572e+00, 2.0034e-01, 
 2DIAGNOSTIC,     4, -3.548395488897e-01, 1.797693134862e+308, 4.5645e+00, 2.0734e-01, 
 2DIAGNOSTIC,     5, -3.549267400274e-01, 1.797693134862e+308, 4.7926e+00, 2.2807e-01, 
 2DIAGNOSTIC,     6, -3.551066474996e-01, 1.797693134862e+308, 5.0220e+00, 2.2942e-01, 
 2DIAGNOSTIC,     7, -3.551855152307e-01, 1.797693134862e+308, 5.2516e+00, 2.2965e-01, 
 2DIAGNOSTIC,     8, -3.552425811543e-01, 1.797693134862e+308, 5.4899e+00, 2.3829e-01, 
 2DIAGNOSTIC,     9, -3.553065594654e-01, 1.797693134862e+308, 5.7598e+00, 2.6984e-01, 
 2DIAGNOSTIC,    10, -3.553828280614e-01, 1.471657724347e-04, 5.9730e+00, 2.1322e-01, 
 2DIAGNOSTIC,    11, -3.554642346383e-01, 1.312260150708e-04, 6.1880e+00, 2.1500e-01, 
 2DIAGNOSTIC,    12, -3.555140135413e-01, 1.166842287947e-04, 6.4225e+00, 2.3447e-01, 
 2DIAGNOSTIC,    13, -3.555300314183e-01, 9.831765129713e-05, 6.6568e+00, 2.3435e-01, 
 2DIAGNOSTIC,    14, -3.555535579956e-01, 7.906306515278e-05, 6.9826e+00, 3.2577e-01, 
 2DIAGNOSTIC,    15, -3.555590577143e-01, 6.005820379869e-05, 7.1862e+00, 2.0358e-01, 
 2DIAGNOSTIC,    16, -3.555727112290e-01, 4.769884500280e-05, 7.3879e+00, 2.0179e-01, 
 2DIAGNOSTIC,    17, -3.555886154243e-01, 3.701121788553e-05, 7.5881e+00, 2.0019e-01, 
 2DIAGNOSTIC,    18, -3.555988911608e-01, 2.724448905554e-05, 7.8163e+00, 2.2816e-01, 
 2DIAGNOSTIC,    19, -3.556000243713e-01, 1.885603410708e-05, 8.0436e+00, 2.2727e-01, 
 2DIAGNOSTIC,    20, -3.556003354050e-01, 1.271956700161e-05, 8.2384e+00, 1.9485e-01, 
 2DIAGNOSTIC,    21, -3.556022636544e-01, 9.268084293593e-06, 8.4428e+00, 2.0443e-01, 
 2DIAGNOSTIC,    22, -3.556113695073e-01, 7.530444729585e-06, 8.6597e+00, 2.1690e-01, 
 2DIAGNOSTIC,    23, -3.556194783402e-01, 6.184154357686e-06, 8.8855e+00, 2.2580e-01, 
 2DIAGNOSTIC,    24, -3.556278365833e-01, 5.566677174572e-06, 9.1159e+00, 2.3036e-01, 
 2DIAGNOSTIC,    25, -3.556305690389e-01, 4.862499865414e-06, 9.3424e+00, 2.2646e-01, 
 2DIAGNOSTIC,    26, -3.556291634962e-01, 4.244747136221e-06, 9.7944e+00, 4.5198e-01, 
 2DIAGNOSTIC,    27, -3.556291735130e-01, 3.852044497453e-06, 1.0063e+01, 2.6908e-01, 
 2DIAGNOSTIC,    28, -3.556290669921e-01, 3.520818687527e-06, 1.0267e+01, 2.0322e-01, 
 2DIAGNOSTIC,    29, -3.556289154130e-01, 3.013315461355e-06, 1.0531e+01, 2.6445e-01, 
 2DIAGNOSTIC,    30, -3.556288648908e-01, 2.368618634715e-06, 1.0756e+01, 2.2509e-01, 
 2DIAGNOSTIC,    31, -3.556288251347e-01, 1.690075873292e-06, 1.0990e+01, 2.3401e-01, 
 2DIAGNOSTIC,    32, -3.556287811845e-01, 1.215478525704e-06, 1.1192e+01, 2.0132e-01, 
  Elapsed time (stage 0): 1.1440e+01


Stage 1
  iterations = 1000x500x250x100
  convergence threshold = 1.0000e-06
  convergence window size = 10
  number of levels = 4
  using the Mattes MI metric (number of bins = 32, weight = 1.0000e+00, use gradient filter = 0)
  preprocessing:  winsorizing the image intensities
  Shrink factors (level 1 out of 4): [8, 8, 8]
  Shrink factors (level 2 out of 4): [4, 4, 4]
  Shrink factors (level 3 out of 4): [2, 2, 2]
  Shrink factors (level 4 out of 4): [1, 1, 1]
  smoothing sigmas per level: [3, 2, 1, 0]
  regular sampling (percentage = 2.5000e-01)

*** Running AffineTransform registration ***

DIAGNOSTIC,Iteration,metricValue,convergenceValue,ITERATION_TIME_INDEX,SINCE_LAST
 2DIAGNOSTIC,     1, -5.535815900564e-01, 1.797693134862e+308, 1.2052e-01, 1.2051e-01, 
 2DIAGNOSTIC,     2, -5.554651934433e-01, 1.797693134862e+308, 1.2741e-01, 6.8970e-03, 
 2DIAGNOSTIC,     3, -5.588094970117e-01, 1.797693134862e+308, 1.3435e-01, 6.9330e-03, 
 2DIAGNOSTIC,     4, -5.644432520971e-01, 1.797693134862e+308, 1.4208e-01, 7.7379e-03, 
 2DIAGNOSTIC,     5, -5.736126746325e-01, 1.797693134862e+308, 1.5179e-01, 9.7110e-03, 
 2DIAGNOSTIC,     6, -5.876650565724e-01, 1.797693134862e+308, 1.5937e-01, 7.5769e-03, 
 2DIAGNOSTIC,     7, -6.622564256221e-01, 1.797693134862e+308, 1.6670e-01, 7.3299e-03, 
 2DIAGNOSTIC,     8, -7.090330846831e-01, 1.797693134862e+308, 1.7487e-01, 8.1720e-03, 
 2DIAGNOSTIC,     9, -7.209646577066e-01, 1.797693134862e+308, 1.8291e-01, 8.0380e-03, 
 2DIAGNOSTIC,    10, -7.439513691956e-01, 2.228502765113e-02, 1.9224e-01, 9.3291e-03, 
 2DIAGNOSTIC,    11, -7.930910068019e-01, 2.366950807601e-02, 2.0038e-01, 8.1410e-03, 
 2DIAGNOSTIC,    12, -8.109180937924e-01, 2.327302632480e-02, 2.0977e-01, 9.3892e-03, 
 2DIAGNOSTIC,    13, -8.259789609192e-01, 2.144026278373e-02, 2.1821e-01, 8.4362e-03, 
 2DIAGNOSTIC,    14, -8.540765839401e-01, 1.900397895398e-02, 2.2627e-01, 8.0612e-03, 
 2DIAGNOSTIC,    15, -8.685393822799e-01, 1.589770635299e-02, 2.3647e-01, 1.0203e-02, 
 2DIAGNOSTIC,    16, -8.689819219754e-01, 1.214655531750e-02, 2.4500e-01, 8.5258e-03, 
 2DIAGNOSTIC,    17, -8.687966911360e-01, 9.557993761669e-03, 2.5468e-01, 9.6879e-03, 
 2DIAGNOSTIC,    18, -8.689091795662e-01, 7.481617579105e-03, 2.6440e-01, 9.7189e-03, 
 2DIAGNOSTIC,    19, -8.688397278713e-01, 5.215825440252e-03, 2.7289e-01, 8.4889e-03, 
 2DIAGNOSTIC,    20, -8.686535153766e-01, 3.152464370767e-03, 2.8040e-01, 7.5128e-03, 
 2DIAGNOSTIC,    21, -8.681703576803e-01, 1.916081610446e-03, 2.8858e-01, 8.1720e-03, 
 2DIAGNOSTIC,    22, -8.682974113398e-01, 9.453357866097e-04, 2.9756e-01, 8.9869e-03, 
 2DIAGNOSTIC,    23, -8.677180097358e-01, 2.112058635403e-04, 3.0859e-01, 1.1031e-02, 
DIAGNOSTIC,Iteration,metricValue,convergenceValue,ITERATION_TIME_INDEX,SINCE_LAST
 2DIAGNOSTIC,     1, -7.154366350520e-01, 1.797693134862e+308, 4.6488e-01, 1.5629e-01, 
 2DIAGNOSTIC,     2, -7.156753631749e-01, 1.797693134862e+308, 4.8032e-01, 1.5439e-02, 
 2DIAGNOSTIC,     3, -7.158442723865e-01, 1.797693134862e+308, 4.9484e-01, 1.4515e-02, 
 2DIAGNOSTIC,     4, -7.158250327955e-01, 1.797693134862e+308, 5.0705e-01, 1.2215e-02, 
 2DIAGNOSTIC,     5, -7.158054410551e-01, 1.797693134862e+308, 5.2021e-01, 1.3155e-02, 
 2DIAGNOSTIC,     6, -7.157799144755e-01, 1.797693134862e+308, 5.3404e-01, 1.3838e-02, 
 2DIAGNOSTIC,     7, -7.157841634042e-01, 1.797693134862e+308, 5.4873e-01, 1.4690e-02, 
 2DIAGNOSTIC,     8, -7.157695079103e-01, 1.797693134862e+308, 5.6182e-01, 1.3087e-02, 
 2DIAGNOSTIC,     9, -7.157591073482e-01, 1.797693134862e+308, 5.7268e-01, 1.0856e-02, 
 2DIAGNOSTIC,    10, -7.157592919388e-01, 1.588816386519e-05, 5.8561e-01, 1.2932e-02, 
 2DIAGNOSTIC,    11, -7.157638910978e-01, 1.156682375728e-06, 5.9867e-01, 1.3058e-02, 
DIAGNOSTIC,Iteration,metricValue,convergenceValue,ITERATION_TIME_INDEX,SINCE_LAST
 2DIAGNOSTIC,     1, -5.925926402200e-01, 1.797693134862e+308, 8.8413e-01, 2.8546e-01, 
 2DIAGNOSTIC,     2, -5.930320534682e-01, 1.797693134862e+308, 9.3600e-01, 5.1875e-02, 
 2DIAGNOSTIC,     3, -5.935395766314e-01, 1.797693134862e+308, 9.8923e-01, 5.3230e-02, 
 2DIAGNOSTIC,     4, -5.940878994140e-01, 1.797693134862e+308, 1.0446e+00, 5.5368e-02, 
 2DIAGNOSTIC,     5, -5.946678995878e-01, 1.797693134862e+308, 1.1082e+00, 6.3603e-02, 
 2DIAGNOSTIC,     6, -5.953201082477e-01, 1.797693134862e+308, 1.1991e+00, 9.0861e-02, 
 2DIAGNOSTIC,     7, -5.953341883978e-01, 1.797693134862e+308, 1.2540e+00, 5.4936e-02, 
 2DIAGNOSTIC,     8, -5.953584237337e-01, 1.797693134862e+308, 1.3120e+00, 5.8041e-02, 
 2DIAGNOSTIC,     9, -5.953903402898e-01, 1.797693134862e+308, 1.3694e+00, 5.7346e-02, 
 2DIAGNOSTIC,    10, -5.954320659306e-01, 3.314487417384e-04, 1.4266e+00, 5.7250e-02, 
 2DIAGNOSTIC,    11, -5.954825046907e-01, 2.350719238402e-04, 1.4821e+00, 5.5423e-02, 
 2DIAGNOSTIC,    12, -5.955359512493e-01, 1.535273246498e-04, 1.5390e+00, 5.6926e-02, 
 2DIAGNOSTIC,    13, -5.955951928924e-01, 9.179829929484e-05, 1.5977e+00, 5.8721e-02, 
 2DIAGNOSTIC,    14, -5.956366351102e-01, 5.058827742761e-05, 1.6607e+00, 6.3007e-02, 
 2DIAGNOSTIC,    15, -5.956347948690e-01, 2.828855953206e-05, 1.7240e+00, 6.3257e-02, 
 2DIAGNOSTIC,    16, -5.956340168026e-01, 2.585338245104e-05, 1.7851e+00, 6.1096e-02, 
 2DIAGNOSTIC,    17, -5.956355496823e-01, 2.193954631873e-05, 1.8512e+00, 6.6133e-02, 
 2DIAGNOSTIC,    18, -5.956296339145e-01, 1.706632592253e-05, 1.9147e+00, 6.3512e-02, 
 2DIAGNOSTIC,    19, -5.956272516751e-01, 1.202016831804e-05, 1.9916e+00, 7.6849e-02, 
 2DIAGNOSTIC,    20, -5.956278975478e-01, 7.531375794234e-06, 2.0575e+00, 6.5987e-02, 
 2DIAGNOSTIC,    21, -5.956260028610e-01, 4.015099800955e-06, 2.1167e+00, 5.9106e-02, 
 2DIAGNOSTIC,    22, -5.956257068578e-01, 1.713086872156e-06, 2.1786e+00, 6.1990e-02, 
DIAGNOSTIC,Iteration,metricValue,convergenceValue,ITERATION_TIME_INDEX,SINCE_LAST
