---------------------
Profiling information

Pipeline: ants registrationSyN-fp
NTHREAD: 32

DATASET: ds004513
SUBJECT_ID: s014

SIF_IMG: /mnt/lustre/mathdugre/containers/ants-debug.simg
DATA_DIR: /mnt/lustre/mathdugre/mri-bottleneck/datasets/ds004513

PROJECT_DIR: /mnt/lustre/mathdugre/mri-bottleneck
PROFILING_DIR: /mnt/lustre/mathdugre/mri-bottleneck/vtune_output/32-threads/ants/registrationSyN-fp/ds004513/sub-s014/rWFm6Q30TZSB85eLa0EZgbZuD1K2QS97
---------------------

Command to profile: bash tmp-scripts/rWFm6Q30TZSB85eLa0EZgbZuD1K2QS97.sh

--------------------------------------------------------------------------------------
 Mapping parameters
--------------------------------------------------------------------------------------
 ANTSPATH is /opt/ants/bin

 Dimensionality:           3
 Output name prefix:       /data/derivatives/ants/registrationSyN-fp/sub-s014/ses-open/anat/
 Fixed images:             /templateflow/tpl-MNI152NLin2009cAsym//tpl-MNI152NLin2009cAsym_res-01_desc-brain_T1w.nii.gz
 Moving images:            /data/derivatives/fsl/fast/sub-s014/ses-open/anat/BrainExtractionBrain_seg.nii.gz
 Mask images:              
 Initial transforms:       
 Number of threads:        32
 Spline distance:          26
 SyN gradient step:        0.1
 Transform type:           s
 CC radius:                4
 Precision:                f
 Use histogram matching    0
 Repro                     0
======================================================================================
 antsRegistration call:
--------------------------------------------------------------------------------------
/opt/ants/bin/antsRegistration --verbose 1 --dimensionality 3 --float 1 --collapse-output-transforms 1 --output [ /data/derivatives/ants/registrationSyN-fp/sub-s014/ses-open/anat/,/data/derivatives/ants/registrationSyN-fp/sub-s014/ses-open/anat/Warped.nii.gz,/data/derivatives/ants/registrationSyN-fp/sub-s014/ses-open/anat/InverseWarped.nii.gz ] --interpolation Linear --use-histogram-matching 0 --winsorize-image-intensities [ 0.005,0.995 ] --initial-moving-transform [ /templateflow/tpl-MNI152NLin2009cAsym//tpl-MNI152NLin2009cAsym_res-01_desc-brain_T1w.nii.gz,/data/derivatives/fsl/fast/sub-s014/ses-open/anat/BrainExtractionBrain_seg.nii.gz,1 ] --transform Rigid[ 0.1 ] --metric MI[ /templateflow/tpl-MNI152NLin2009cAsym//tpl-MNI152NLin2009cAsym_res-01_desc-brain_T1w.nii.gz,/data/derivatives/fsl/fast/sub-s014/ses-open/anat/BrainExtractionBrain_seg.nii.gz,1,32,Regular,0.25 ] --convergence [ 1000x500x250x100,1e-6,10 ] --shrink-factors 8x4x2x1 --smoothing-sigmas 3x2x1x0vox --transform Affine[ 0.1 ] --metric MI[ /templateflow/tpl-MNI152NLin2009cAsym//tpl-MNI152NLin2009cAsym_res-01_desc-brain_T1w.nii.gz,/data/derivatives/fsl/fast/sub-s014/ses-open/anat/BrainExtractionBrain_seg.nii.gz,1,32,Regular,0.25 ] --convergence [ 1000x500x250x100,1e-6,10 ] --shrink-factors 8x4x2x1 --smoothing-sigmas 3x2x1x0vox --transform SyN[ 0.1,3,0 ] --metric CC[ /templateflow/tpl-MNI152NLin2009cAsym//tpl-MNI152NLin2009cAsym_res-01_desc-brain_T1w.nii.gz,/data/derivatives/fsl/fast/sub-s014/ses-open/anat/BrainExtractionBrain_seg.nii.gz,1,4 ] --convergence [ 100x70x50x20,1e-6,10 ] --shrink-factors 8x4x2x1 --smoothing-sigmas 3x2x1x0vox
--------------------------------------------------------------------------------------
All_Command_lines_OK
Using single precision for computations.
=============================================================================
The composite transform comprises the following transforms (in order): 
  1. Center of mass alignment using fixed image: /templateflow/tpl-MNI152NLin2009cAsym//tpl-MNI152NLin2009cAsym_res-01_desc-brain_T1w.nii.gz and moving image: /data/derivatives/fsl/fast/sub-s014/ses-open/anat/BrainExtractionBrain_seg.nii.gz (type = Euler3DTransform)
=============================================================================
  number of levels = 4
  number of levels = 4
  number of levels = 4
  fixed image: /templateflow/tpl-MNI152NLin2009cAsym//tpl-MNI152NLin2009cAsym_res-01_desc-brain_T1w.nii.gz
  moving image: /data/derivatives/fsl/fast/sub-s014/ses-open/anat/BrainExtractionBrain_seg.nii.gz
  fixed image: /templateflow/tpl-MNI152NLin2009cAsym//tpl-MNI152NLin2009cAsym_res-01_desc-brain_T1w.nii.gz
  moving image: /data/derivatives/fsl/fast/sub-s014/ses-open/anat/BrainExtractionBrain_seg.nii.gz
  fixed image: /templateflow/tpl-MNI152NLin2009cAsym//tpl-MNI152NLin2009cAsym_res-01_desc-brain_T1w.nii.gz
  moving image: /data/derivatives/fsl/fast/sub-s014/ses-open/anat/BrainExtractionBrain_seg.nii.gz
Dimension = 3
Number of stages = 3
Use histogram matching = false
Winsorize image intensities = true
  Lower quantile = 0.005
  Upper quantile = 0.995


Stage 1 State
   Image metric = Mattes
     Fixed image = Image (0x55dee27c22b0)
  RTTI typeinfo:   itk::Image<float, 3u>
  Reference Count: 2
  Modified Time: 1721
  Debug: Off
  Object Name: 
  Observers: 
    none
  Source: (none)
  Source output name: (none)
  Release Data: Off
  Data Released: False
  Global Release Data: Off
  PipelineMTime: 0
  UpdateMTime: 1504
  RealTimeStamp: 0 seconds 
  LargestPossibleRegion: 
    Dimension: 3
    Index: [0, 0, 0]
    Size: [193, 229, 193]
  BufferedRegion: 
    Dimension: 3
    Index: [0, 0, 0]
    Size: [193, 229, 193]
  RequestedRegion: 
    Dimension: 3
    Index: [0, 0, 0]
    Size: [193, 229, 193]
  Spacing: [1, 1, 1]
  Origin: [96, 132, -78]
  Direction: 
-1 0 0
0 -1 0
0 0 1

  IndexToPointMatrix: 
-1 0 0
0 -1 0
0 0 1

  PointToIndexMatrix: 
-1 0 0
0 -1 0
0 0 1

  Inverse Direction: 
-1 0 0
0 -1 0
0 0 1

  PixelContainer: 
    ImportImageContainer (0x55dee27cae50)
      RTTI typeinfo:   itk::ImportImageContainer<unsigned long, float>
      Reference Count: 1
      Modified Time: 1501
      Debug: Off
      Object Name: 
      Observers: 
        none
      Pointer: 0x7f2f1f5f5010
      Container manages memory: true
      Size: 8530021
      Capacity: 8530021

     Moving image = Image (0x55dee27c7dc0)
  RTTI typeinfo:   itk::Image<float, 3u>
  Reference Count: 2
  Modified Time: 1722
  Debug: Off
  Object Name: 
  Observers: 
    none
  Source: (none)
  Source output name: (none)
  Release Data: Off
  Data Released: False
  Global Release Data: Off
  PipelineMTime: 0
  UpdateMTime: 1719
  RealTimeStamp: 0 seconds 
  LargestPossibleRegion: 
    Dimension: 3
    Index: [0, 0, 0]
    Size: [160, 240, 256]
  BufferedRegion: 
    Dimension: 3
    Index: [0, 0, 0]
    Size: [160, 240, 256]
  RequestedRegion: 
    Dimension: 3
    Index: [0, 0, 0]
    Size: [160, 240, 256]
  Spacing: [0.999999, 1, 1]
  Origin: [84.1637, 106.709, -120.531]
  Direction: 
-0.999619 -0.0226874 -0.0157033
0.0226846 -0.999743 0.00035635
-0.0157073 -7.8229e-09 0.999877

  IndexToPointMatrix: 
-0.999619 -0.0226874 -0.0157033
0.0226845 -0.999743 0.00035635
-0.0157073 -7.8229e-09 0.999877

  PointToIndexMatrix: 
-0.99962 0.0226846 -0.0157073
-0.0226874 -0.999743 -7.83127e-09
-0.0157033 0.00035635 0.999877

  Inverse Direction: 
-0.999619 0.0226846 -0.0157073
-0.0226874 -0.999743 -7.83127e-09
-0.0157033 0.00035635 0.999877

  PixelContainer: 
    ImportImageContainer (0x55dee27c32c0)
      RTTI typeinfo:   itk::ImportImageContainer<unsigned long, float>
      Reference Count: 1
      Modified Time: 1716
      Debug: Off
      Object Name: 
      Observers: 
        none
      Pointer: 0x7f2f1d074010
      Container manages memory: true
      Size: 9830400
      Capacity: 9830400

     Weighting = 1
     Sampling strategy = regular
     Number of bins = 32
     Radius = 4
     Sampling percentage  = 0.25
   Transform = Rigid
     Gradient step = 0.1
     Update field sigma (voxel space) = 0
     Total field sigma (voxel space) = 0
     Update field time sigma = 0
     Total field time sigma  = 0
     Number of time indices = 0
     Number of time point samples = 0
Stage 2 State
   Image metric = Mattes
     Fixed image = Image (0x55dee27d51a0)
  RTTI typeinfo:   itk::Image<float, 3u>
  Reference Count: 2
  Modified Time: 2151
  Debug: Off
  Object Name: 
  Observers: 
    none
  Source: (none)
  Source output name: (none)
  Release Data: Off
  Data Released: False
  Global Release Data: Off
  PipelineMTime: 0
  UpdateMTime: 1934
  RealTimeStamp: 0 seconds 
  LargestPossibleRegion: 
    Dimension: 3
    Index: [0, 0, 0]
    Size: [193, 229, 193]
  BufferedRegion: 
    Dimension: 3
    Index: [0, 0, 0]
    Size: [193, 229, 193]
  RequestedRegion: 
    Dimension: 3
    Index: [0, 0, 0]
    Size: [193, 229, 193]
  Spacing: [1, 1, 1]
  Origin: [96, 132, -78]
  Direction: 
-1 0 0
0 -1 0
0 0 1

  IndexToPointMatrix: 
-1 0 0
0 -1 0
0 0 1

  PointToIndexMatrix: 
-1 0 0
0 -1 0
0 0 1

  Inverse Direction: 
-1 0 0
0 -1 0
0 0 1

  PixelContainer: 
    ImportImageContainer (0x55dee27d4880)
      RTTI typeinfo:   itk::ImportImageContainer<unsigned long, float>
      Reference Count: 1
      Modified Time: 1931
      Debug: Off
      Object Name: 
      Observers: 
        none
      Pointer: 0x7f2f1afe9010
      Container manages memory: true
      Size: 8530021
      Capacity: 8530021

     Moving image = Image (0x55dee2834150)
  RTTI typeinfo:   itk::Image<float, 3u>
  Reference Count: 2
  Modified Time: 2152
  Debug: Off
  Object Name: 
  Observers: 
    none
  Source: (none)
  Source output name: (none)
  Release Data: Off
  Data Released: False
  Global Release Data: Off
  PipelineMTime: 0
  UpdateMTime: 2149
  RealTimeStamp: 0 seconds 
  LargestPossibleRegion: 
    Dimension: 3
    Index: [0, 0, 0]
    Size: [160, 240, 256]
  BufferedRegion: 
    Dimension: 3
    Index: [0, 0, 0]
    Size: [160, 240, 256]
  RequestedRegion: 
    Dimension: 3
    Index: [0, 0, 0]
    Size: [160, 240, 256]
  Spacing: [0.999999, 1, 1]
  Origin: [84.1637, 106.709, -120.531]
  Direction: 
-0.999619 -0.0226874 -0.0157033
0.0226846 -0.999743 0.00035635
-0.0157073 -7.8229e-09 0.999877

  IndexToPointMatrix: 
-0.999619 -0.0226874 -0.0157033
0.0226845 -0.999743 0.00035635
-0.0157073 -7.8229e-09 0.999877

  PointToIndexMatrix: 
-0.99962 0.0226846 -0.0157073
-0.0226874 -0.999743 -7.83127e-09
-0.0157033 0.00035635 0.999877

  Inverse Direction: 
-0.999619 0.0226846 -0.0157073
-0.0226874 -0.999743 -7.83127e-09
-0.0157033 0.00035635 0.999877

  PixelContainer: 
    ImportImageContainer (0x55dee27caec0)
      RTTI typeinfo:   itk::ImportImageContainer<unsigned long, float>
      Reference Count: 1
      Modified Time: 2146
      Debug: Off
      Object Name: 
      Observers: 
        none
      Pointer: 0x7f2f18a68010
      Container manages memory: true
      Size: 9830400
      Capacity: 9830400

     Weighting = 1
     Sampling strategy = regular
     Number of bins = 32
     Radius = 4
     Sampling percentage  = 0.25
   Transform = Affine
     Gradient step = 0.1
     Update field sigma (voxel space) = 0
     Total field sigma (voxel space) = 0
     Update field time sigma = 0
     Total field time sigma  = 0
     Number of time indices = 0
     Number of time point samples = 0
Stage 3 State
   Image metric = CC
     Fixed image = Image (0x55dee27cfb50)
  RTTI typeinfo:   itk::Image<float, 3u>
  Reference Count: 2
  Modified Time: 2581
  Debug: Off
  Object Name: 
  Observers: 
    none
  Source: (none)
  Source output name: (none)
  Release Data: Off
  Data Released: False
  Global Release Data: Off
  PipelineMTime: 0
  UpdateMTime: 2364
  RealTimeStamp: 0 seconds 
  LargestPossibleRegion: 
    Dimension: 3
    Index: [0, 0, 0]
    Size: [193, 229, 193]
  BufferedRegion: 
    Dimension: 3
    Index: [0, 0, 0]
    Size: [193, 229, 193]
  RequestedRegion: 
    Dimension: 3
    Index: [0, 0, 0]
    Size: [193, 229, 193]
  Spacing: [1, 1, 1]
  Origin: [96, 132, -78]
  Direction: 
-1 0 0
0 -1 0
0 0 1

  IndexToPointMatrix: 
-1 0 0
0 -1 0
0 0 1

  PointToIndexMatrix: 
-1 0 0
0 -1 0
0 0 1

  Inverse Direction: 
-1 0 0
0 -1 0
0 0 1

  PixelContainer: 
    ImportImageContainer (0x55dee27d05c0)
      RTTI typeinfo:   itk::ImportImageContainer<unsigned long, float>
      Reference Count: 1
      Modified Time: 2361
      Debug: Off
      Object Name: 
      Observers: 
        none
      Pointer: 0x7f2f169dd010
      Container manages memory: true
      Size: 8530021
      Capacity: 8530021

     Moving image = Image (0x55dee28332c0)
  RTTI typeinfo:   itk::Image<float, 3u>
  Reference Count: 2
  Modified Time: 2582
  Debug: Off
  Object Name: 
  Observers: 
    none
  Source: (none)
  Source output name: (none)
  Release Data: Off
  Data Released: False
  Global Release Data: Off
  PipelineMTime: 0
  UpdateMTime: 2579
  RealTimeStamp: 0 seconds 
  LargestPossibleRegion: 
    Dimension: 3
    Index: [0, 0, 0]
    Size: [160, 240, 256]
  BufferedRegion: 
    Dimension: 3
    Index: [0, 0, 0]
    Size: [160, 240, 256]
  RequestedRegion: 
    Dimension: 3
    Index: [0, 0, 0]
    Size: [160, 240, 256]
  Spacing: [0.999999, 1, 1]
  Origin: [84.1637, 106.709, -120.531]
  Direction: 
-0.999619 -0.0226874 -0.0157033
0.0226846 -0.999743 0.00035635
-0.0157073 -7.8229e-09 0.999877

  IndexToPointMatrix: 
-0.999619 -0.0226874 -0.0157033
0.0226845 -0.999743 0.00035635
-0.0157073 -7.8229e-09 0.999877

  PointToIndexMatrix: 
-0.99962 0.0226846 -0.0157073
-0.0226874 -0.999743 -7.83127e-09
-0.0157033 0.00035635 0.999877

  Inverse Direction: 
-0.999619 0.0226846 -0.0157073
-0.0226874 -0.999743 -7.83127e-09
-0.0157033 0.00035635 0.999877

  PixelContainer: 
    ImportImageContainer (0x55dee27d1ec0)
      RTTI typeinfo:   itk::ImportImageContainer<unsigned long, float>
      Reference Count: 1
      Modified Time: 2576
      Debug: Off
      Object Name: 
      Observers: 
        none
      Pointer: 0x7f2f1445c010
      Container manages memory: true
      Size: 9830400
      Capacity: 9830400

     Weighting = 1
     Sampling strategy = none
     Number of bins = 32
     Radius = 4
     Sampling percentage  = 1
   Transform = SyN
     Gradient step = 0.1
     Update field sigma (voxel space) = 3
     Total field sigma (voxel space) = 0
     Update field time sigma = 0
     Total field time sigma  = 0
     Number of time indices = 0
     Number of time point samples = 0
Registration using 3 total stages.

Stage 0
  iterations = 1000x500x250x100
  convergence threshold = 1e-06
  convergence window size = 10
  number of levels = 4
  using the Mattes MI metric (number of bins = 32, weight = 1, use gradient filter = 0)
  preprocessing:  winsorizing the image intensities
  Shrink factors (level 1 out of 4): [8, 8, 8]
  Shrink factors (level 2 out of 4): [4, 4, 4]
  Shrink factors (level 3 out of 4): [2, 2, 2]
  Shrink factors (level 4 out of 4): [1, 1, 1]
  smoothing sigmas per level: [3, 2, 1, 0]
  regular sampling (percentage = 0.25)

*** Running Euler3DTransform registration ***

DIAGNOSTIC,Iteration,metricValue,convergenceValue,ITERATION_TIME_INDEX,SINCE_LAST
 2DIAGNOSTIC,     1, -5.007494091988e-01, inf, 1.4061e-01, 1.4061e-01, 
 2DIAGNOSTIC,     2, -5.010296702385e-01, inf, 1.4639e-01, 5.7800e-03, 
 2DIAGNOSTIC,     3, -5.014230012894e-01, inf, 1.5201e-01, 5.6269e-03, 
 2DIAGNOSTIC,     4, -5.022895336151e-01, inf, 1.5796e-01, 5.9440e-03, 
 2DIAGNOSTIC,     5, -5.042764544487e-01, inf, 1.6448e-01, 6.5241e-03, 
 2DIAGNOSTIC,     6, -5.101681947708e-01, inf, 1.7710e-01, 1.2620e-02, 
 2DIAGNOSTIC,     7, -5.102214813232e-01, inf, 1.8269e-01, 5.5900e-03, 
 2DIAGNOSTIC,     8, -5.104206204414e-01, inf, 1.8830e-01, 5.6028e-03, 
 2DIAGNOSTIC,     9, -5.107029676437e-01, inf, 1.9383e-01, 5.5320e-03, 
 2DIAGNOSTIC,    10, -5.111383199692e-01, 1.678073429503e-03, 2.0938e-01, 1.5555e-02, 
 2DIAGNOSTIC,    11, -5.117049813271e-01, 1.427835784853e-03, 2.1554e-01, 6.1531e-03, 
 2DIAGNOSTIC,    12, -5.121499300003e-01, 1.125869341195e-03, 2.2188e-01, 6.3410e-03, 
 2DIAGNOSTIC,    13, -5.123832225800e-01, 8.003549301066e-04, 2.2790e-01, 6.0201e-03, 
 2DIAGNOSTIC,    14, -5.130261778831e-01, 5.102388095111e-04, 2.3634e-01, 8.4410e-03, 
 2DIAGNOSTIC,    15, -5.131883025169e-01, 2.860640524887e-04, 2.4263e-01, 6.2952e-03, 
 2DIAGNOSTIC,    16, -5.132180452347e-01, 2.709232212510e-04, 2.4944e-01, 6.8090e-03, 
 2DIAGNOSTIC,    17, -5.133239626884e-01, 2.382545935689e-04, 2.5547e-01, 6.0301e-03, 
 2DIAGNOSTIC,    18, -5.139048695564e-01, 2.115446404787e-04, 2.6549e-01, 1.0020e-02, 
 2DIAGNOSTIC,    19, -5.143312215805e-01, 1.882919750642e-04, 2.7114e-01, 5.6491e-03, 
 2DIAGNOSTIC,    20, -5.145176649094e-01, 1.669455959927e-04, 2.7796e-01, 6.8231e-03, 
 2DIAGNOSTIC,    21, -5.146598815918e-01, 1.512864982942e-04, 2.8657e-01, 8.6038e-03, 
 2DIAGNOSTIC,    22, -5.147439837456e-01, 1.366027281620e-04, 2.9754e-01, 1.0969e-02, 
 2DIAGNOSTIC,    23, -5.149707794189e-01, 1.210881600855e-04, 3.0400e-01, 6.4650e-03, 
 2DIAGNOSTIC,    24, -5.149680972099e-01, 1.101461457438e-04, 3.1074e-01, 6.7339e-03, 
 2DIAGNOSTIC,    25, -5.151170492172e-01, 9.699142538011e-05, 3.1791e-01, 7.1740e-03, 
 2DIAGNOSTIC,    26, -5.152010321617e-01, 7.843867933843e-05, 3.2395e-01, 6.0420e-03, 
 2DIAGNOSTIC,    27, -5.156424641609e-01, 6.502650649054e-05, 3.3348e-01, 9.5272e-03, 
 2DIAGNOSTIC,    28, -5.161432027817e-01, 6.761673284927e-05, 3.3948e-01, 6.0010e-03, 
 2DIAGNOSTIC,    29, -5.163257122040e-01, 7.520135841332e-05, 3.4674e-01, 7.2598e-03, 
 2DIAGNOSTIC,    30, -5.165050029755e-01, 8.215106936404e-05, 3.5363e-01, 6.8920e-03, 
 2DIAGNOSTIC,    31, -5.165983438492e-01, 8.522831922164e-05, 3.6125e-01, 7.6160e-03, 
 2DIAGNOSTIC,    32, -5.169802904129e-01, 8.802327647572e-05, 3.6734e-01, 6.0940e-03, 
 2DIAGNOSTIC,    33, -5.176780819893e-01, 9.769846656127e-05, 3.7478e-01, 7.4341e-03, 
 2DIAGNOSTIC,    34, -5.178021192551e-01, 9.934459376382e-05, 3.8104e-01, 6.2611e-03, 
 2DIAGNOSTIC,    35, -5.178530216217e-01, 9.500209853286e-05, 3.8846e-01, 7.4229e-03, 
 2DIAGNOSTIC,    36, -5.178028345108e-01, 8.254232670879e-05, 3.9582e-01, 7.3602e-03, 
 2DIAGNOSTIC,    37, -5.178814530373e-01, 7.056627509883e-05, 4.0530e-01, 9.4769e-03, 
 2DIAGNOSTIC,    38, -5.178690552711e-01, 5.946048622718e-05, 4.1101e-01, 5.7089e-03, 
 2DIAGNOSTIC,    39, -5.178942084312e-01, 4.626309237210e-05, 4.1735e-01, 6.3431e-03, 
 2DIAGNOSTIC,    40, -5.179290771484e-01, 3.253890827182e-05, 4.2435e-01, 6.9981e-03, 
 2DIAGNOSTIC,    41, -5.179588198662e-01, 1.811056608858e-05, 4.3251e-01, 8.1642e-03, 
 2DIAGNOSTIC,    42, -5.179079771042e-01, 6.838097306172e-06, 4.3977e-01, 7.2539e-03, 
 2DIAGNOSTIC,    43, -5.181456804276e-01, 7.536319571955e-06, 4.4621e-01, 6.4409e-03, 
 2DIAGNOSTIC,    44, -5.181818008423e-01, 9.464577487961e-06, 4.5269e-01, 6.4828e-03, 
 2DIAGNOSTIC,    45, -5.181404352188e-01, 1.061780130840e-05, 4.6180e-01, 9.1128e-03, 
 2DIAGNOSTIC,    46, -5.181475877762e-01, 1.029208760883e-05, 4.6761e-01, 5.8081e-03, 
 2DIAGNOSTIC,    47, -5.183507204056e-01, 1.238872482645e-05, 4.7378e-01, 6.1710e-03, 
 2DIAGNOSTIC,    48, -5.185245275497e-01, 1.501848328189e-05, 4.8084e-01, 7.0610e-03, 
 2DIAGNOSTIC,    49, -5.185341835022e-01, 1.649899968470e-05, 4.8786e-01, 7.0150e-03, 
 2DIAGNOSTIC,    50, -5.185568332672e-01, 1.712638368190e-05, 4.9364e-01, 5.7871e-03, 
 2DIAGNOSTIC,    51, -5.186269283295e-01, 1.730052099447e-05, 5.0224e-01, 8.5971e-03, 
 2DIAGNOSTIC,    52, -5.190812349319e-01, 2.002045039262e-05, 5.1849e-01, 1.6248e-02, 
 2DIAGNOSTIC,    53, -5.191347002983e-01, 2.363372368563e-05, 5.2508e-01, 6.5889e-03, 
 2DIAGNOSTIC,    54, -5.191449522972e-01, 2.546560608607e-05, 5.3118e-01, 6.0980e-03, 
 2DIAGNOSTIC,    55, -5.191978812218e-01, 2.508019315428e-05, 5.3819e-01, 7.0150e-03, 
 2DIAGNOSTIC,    56, -5.192108750343e-01, 2.248460441479e-05, 5.4448e-01, 6.2909e-03, 
 2DIAGNOSTIC,    57, -5.191473364830e-01, 1.910966602736e-05, 5.5096e-01, 6.4800e-03, 
 2DIAGNOSTIC,    58, -5.191777944565e-01, 1.602628799446e-05, 5.5822e-01, 7.2591e-03, 
 2DIAGNOSTIC,    59, -5.192195177078e-01, 1.209375932376e-05, 5.6562e-01, 7.3979e-03, 
 2DIAGNOSTIC,    60, -5.191894173622e-01, 7.127867320378e-06, 5.7171e-01, 6.0868e-03, 
 2DIAGNOSTIC,    61, -5.191863179207e-01, 2.202570613008e-06, 5.7887e-01, 7.1671e-03, 
 2DIAGNOSTIC,    62, -5.192020535469e-01, 1.465870695938e-06, 5.8548e-01, 6.6102e-03, 
 2DIAGNOSTIC,    63, -5.192297101021e-01, 1.364307649965e-06, 5.9656e-01, 1.1072e-02, 
 2DIAGNOSTIC,    64, -5.192311406136e-01, 1.251918206435e-06, 6.0287e-01, 6.3190e-03, 
 2DIAGNOSTIC,    65, -5.192466974258e-01, 1.654087441239e-06, 6.0830e-01, 5.4221e-03, 
 2DIAGNOSTIC,    66, -5.192586779594e-01, 2.165888645322e-06, 6.1434e-01, 6.0439e-03, 
 2DIAGNOSTIC,    67, -5.192647576332e-01, 2.016394546445e-06, 6.2031e-01, 5.9719e-03, 
 2DIAGNOSTIC,    68, -5.192771553993e-01, 2.055043978544e-06, 6.2692e-01, 6.6099e-03, 
 2DIAGNOSTIC,    69, -5.192977190018e-01, 2.444029405524e-06, 6.3251e-01, 5.5881e-03, 
 2DIAGNOSTIC,    70, -5.193227529526e-01, 2.591666998342e-06, 6.3960e-01, 7.0879e-03, 
 2DIAGNOSTIC,    71, -5.193797945976e-01, 2.943080744444e-06, 6.4834e-01, 8.7380e-03, 
 2DIAGNOSTIC,    72, -5.193574428558e-01, 2.980601266245e-06, 6.5817e-01, 9.8360e-03, 
 2DIAGNOSTIC,    73, -5.193573236465e-01, 2.993697307829e-06, 6.6428e-01, 6.1100e-03, 
 2DIAGNOSTIC,    74, -5.193601846695e-01, 2.791688757497e-06, 6.7020e-01, 5.9140e-03, 
 2DIAGNOSTIC,    75, -5.193640589714e-01, 2.501178641978e-06, 6.7721e-01, 7.0140e-03, 
 2DIAGNOSTIC,    76, -5.193662643433e-01, 2.115640654665e-06, 6.8322e-01, 6.0070e-03, 
 2DIAGNOSTIC,    77, -5.193690657616e-01, 1.643693963160e-06, 6.8905e-01, 5.8351e-03, 
 2DIAGNOSTIC,    78, -5.193750858307e-01, 1.200577230520e-06, 6.9540e-01, 6.3441e-03, 
DIAGNOSTIC,Iteration,metricValue,convergenceValue,ITERATION_TIME_INDEX,SINCE_LAST
 2DIAGNOSTIC,     1, -4.291298985481e-01, inf, 8.3531e-01, 1.3991e-01, 
 2DIAGNOSTIC,     2, -4.293578565121e-01, inf, 8.5856e-01, 2.3244e-02, 
 2DIAGNOSTIC,     3, -4.295295476913e-01, inf, 8.7819e-01, 1.9630e-02, 
 2DIAGNOSTIC,     4, -4.297483861446e-01, inf, 8.9078e-01, 1.2591e-02, 
 2DIAGNOSTIC,     5, -4.300000965595e-01, inf, 9.0011e-01, 9.3319e-03, 
 2DIAGNOSTIC,     6, -4.302068650723e-01, inf, 9.0974e-01, 9.6271e-03, 
 2DIAGNOSTIC,     7, -4.302994012833e-01, inf, 9.2153e-01, 1.1797e-02, 
 2DIAGNOSTIC,     8, -4.304352998734e-01, inf, 9.2950e-01, 7.9689e-03, 
 2DIAGNOSTIC,     9, -4.307615756989e-01, inf, 9.3711e-01, 7.6041e-03, 
 2DIAGNOSTIC,    10, -4.311209022999e-01, 2.770832215901e-04, 9.4590e-01, 8.7950e-03, 
 2DIAGNOSTIC,    11, -4.316208958626e-01, 2.781452203635e-04, 9.5529e-01, 9.3899e-03, 
 2DIAGNOSTIC,    12, -4.316797256470e-01, 2.698251628317e-04, 9.6498e-01, 9.6931e-03, 
 2DIAGNOSTIC,    13, -4.320825636387e-01, 2.681612095330e-04, 9.7679e-01, 1.1810e-02, 
 2DIAGNOSTIC,    14, -4.321526885033e-01, 2.556049439590e-04, 9.8552e-01, 8.7261e-03, 
 2DIAGNOSTIC,    15, -4.322752058506e-01, 2.377155324211e-04, 9.9531e-01, 9.7861e-03, 
 2DIAGNOSTIC,    16, -4.324062764645e-01, 2.143233286915e-04, 1.0055e+00, 1.0230e-02, 
 2DIAGNOSTIC,    17, -4.324066340923e-01, 1.777686411515e-04, 1.0141e+00, 8.5461e-03, 
 2DIAGNOSTIC,    18, -4.323921203613e-01, 1.334692060482e-04, 1.0223e+00, 8.2679e-03, 
 2DIAGNOSTIC,    19, -4.323865473270e-01, 9.263864194509e-05, 1.0311e+00, 8.7910e-03, 
 2DIAGNOSTIC,    20, -4.323848187923e-01, 5.891315959161e-05, 1.0394e+00, 8.2371e-03, 
 2DIAGNOSTIC,    21, -4.324061572552e-01, 3.947673394578e-05, 1.0552e+00, 1.5811e-02, 
 2DIAGNOSTIC,    22, -4.324070811272e-01, 1.976263774850e-05, 1.0671e+00, 1.1889e-02, 
 2DIAGNOSTIC,    23, -4.324053525925e-01, 1.160576539405e-05, 1.0752e+00, 8.1639e-03, 
 2DIAGNOSTIC,    24, -4.324062466621e-01, 5.084831627755e-06, 1.0866e+00, 1.1333e-02, 
 2DIAGNOSTIC,    25, -4.324031770229e-01, 1.775234977686e-06, 1.0959e+00, 9.3369e-03, 
 2DIAGNOSTIC,    26, -4.323929250240e-01, 1.720850377751e-06, 1.1050e+00, 9.1081e-03, 
 2DIAGNOSTIC,    27, -4.324006736279e-01, 1.833936835283e-06, 1.1143e+00, 9.2831e-03, 
 2DIAGNOSTIC,    28, -4.324166774750e-01, 1.915045231726e-06, 1.1239e+00, 9.5630e-03, 
 2DIAGNOSTIC,    29, -4.324164390564e-01, 1.780539037100e-06, 1.1369e+00, 1.3023e-02, 
 2DIAGNOSTIC,    30, -4.324136078358e-01, 1.485753273300e-06, 1.1478e+00, 1.0916e-02, 
 2DIAGNOSTIC,    31, -4.324083924294e-01, 1.522269485577e-06, 1.1567e+00, 8.8720e-03, 
 2DIAGNOSTIC,    32, -4.324046373367e-01, 1.450781496715e-06, 1.1657e+00, 9.0051e-03, 
 2DIAGNOSTIC,    33, -4.323960840702e-01, 1.124775621975e-06, 1.1749e+00, 9.1810e-03, 
 2DIAGNOSTIC,    34, -4.324068725109e-01, 1.032196792039e-06, 1.1848e+00, 9.9640e-03, 
 2DIAGNOSTIC,    35, -4.324307739735e-01, 1.332337546955e-06, 1.1938e+00, 8.9271e-03, 
 2DIAGNOSTIC,    36, -4.324468970299e-01, 1.671791210356e-06, 1.2047e+00, 1.0917e-02, 
 2DIAGNOSTIC,    37, -4.324495494366e-01, 2.096115849781e-06, 1.2142e+00, 9.5651e-03, 
 2DIAGNOSTIC,    38, -4.324588179588e-01, 2.827153139151e-06, 1.2236e+00, 9.3541e-03, 
 2DIAGNOSTIC,    39, -4.324653744698e-01, 3.433478241277e-06, 1.2331e+00, 9.4800e-03, 
 2DIAGNOSTIC,    40, -4.324634969234e-01, 3.673009359773e-06, 1.2429e+00, 9.8400e-03, 
 2DIAGNOSTIC,    41, -4.324497282505e-01, 3.323070359329e-06, 1.2567e+00, 1.3746e-02, 
 2DIAGNOSTIC,    42, -4.324505031109e-01, 2.717299366850e-06, 1.2683e+00, 1.1633e-02, 
 2DIAGNOSTIC,    43, -4.324581325054e-01, 1.935894033522e-06, 1.2778e+00, 9.5539e-03, 
 2DIAGNOSTIC,    44, -4.324466288090e-01, 1.049887259796e-06, 1.2867e+00, 8.8100e-03, 
DIAGNOSTIC,Iteration,metricValue,convergenceValue,ITERATION_TIME_INDEX,SINCE_LAST
 2DIAGNOSTIC,     1, -3.752626478672e-01, inf, 1.5944e+00, 3.0774e-01, 
 2DIAGNOSTIC,     2, -3.753862380981e-01, inf, 1.6551e+00, 6.0728e-02, 
 2DIAGNOSTIC,     3, -3.755794167519e-01, inf, 1.7087e+00, 5.3605e-02, 
 2DIAGNOSTIC,     4, -3.757820427418e-01, inf, 1.7518e+00, 4.3104e-02, 
 2DIAGNOSTIC,     5, -3.759979307652e-01, inf, 1.7956e+00, 4.3816e-02, 
 2DIAGNOSTIC,     6, -3.761819601059e-01, inf, 1.8393e+00, 4.3666e-02, 
 2DIAGNOSTIC,     7, -3.763601779938e-01, inf, 1.8951e+00, 5.5790e-02, 
 2DIAGNOSTIC,     8, -3.764605820179e-01, inf, 1.9322e+00, 3.7047e-02, 
 2DIAGNOSTIC,     9, -3.765384554863e-01, inf, 1.9692e+00, 3.7078e-02, 
 2DIAGNOSTIC,    10, -3.766103386879e-01, 2.505889569875e-04, 2.0235e+00, 5.4253e-02, 
 2DIAGNOSTIC,    11, -3.766191601753e-01, 2.028237358900e-04, 2.0660e+00, 4.2480e-02, 
 2DIAGNOSTIC,    12, -3.766433298588e-01, 1.542980899103e-04, 2.1192e+00, 5.3222e-02, 
 2DIAGNOSTIC,    13, -3.766723871231e-01, 1.123402180383e-04, 2.1628e+00, 4.3572e-02, 
 2DIAGNOSTIC,    14, -3.766959309578e-01, 7.842337072361e-05, 2.2060e+00, 4.3261e-02, 
 2DIAGNOSTIC,    15, -3.767135143280e-01, 5.369161954150e-05, 2.2446e+00, 3.8580e-02, 
 2DIAGNOSTIC,    16, -3.767381310463e-01, 3.704007758643e-05, 2.2883e+00, 4.3748e-02, 
 2DIAGNOSTIC,    17, -3.767560124397e-01, 2.777234476525e-05, 2.3443e+00, 5.5986e-02, 
 2DIAGNOSTIC,    18, -3.767682611942e-01, 2.179333023378e-05, 2.3877e+00, 4.3357e-02, 
 2DIAGNOSTIC,    19, -3.767704665661e-01, 1.769758273440e-05, 2.4369e+00, 4.9221e-02, 
 2DIAGNOSTIC,    20, -3.767725825310e-01, 1.533263821329e-05, 2.4752e+00, 3.8304e-02, 
 2DIAGNOSTIC,    21, -3.767784833908e-01, 1.243027418241e-05, 2.5161e+00, 4.0883e-02, 
 2DIAGNOSTIC,    22, -3.767879903316e-01, 9.901039447868e-06, 2.5609e+00, 4.4815e-02, 
 2DIAGNOSTIC,    23, -3.767962455750e-01, 8.009154953470e-06, 2.6048e+00, 4.3860e-02, 
 2DIAGNOSTIC,    24, -3.768068850040e-01, 6.728412699886e-06, 2.6580e+00, 5.3208e-02, 
 2DIAGNOSTIC,    25, -3.768149018288e-01, 5.803809472127e-06, 2.6994e+00, 4.1455e-02, 
 2DIAGNOSTIC,    26, -3.768163919449e-01, 5.269625944493e-06, 2.7417e+00, 4.2220e-02, 
 2DIAGNOSTIC,    27, -3.768161535263e-01, 4.879614152742e-06, 2.7804e+00, 3.8715e-02, 
 2DIAGNOSTIC,    28, -3.768230080605e-01, 4.683457518695e-06, 2.8224e+00, 4.2048e-02, 
 2DIAGNOSTIC,    29, -3.768311440945e-01, 4.428594365891e-06, 2.8653e+00, 4.2838e-02, 
 2DIAGNOSTIC,    30, -3.768339157104e-01, 3.992371148342e-06, 2.9140e+00, 4.8777e-02, 
 2DIAGNOSTIC,    31, -3.768335878849e-01, 3.444421508902e-06, 2.9612e+00, 4.7184e-02, 
 2DIAGNOSTIC,    32, -3.768360614777e-01, 2.988283085870e-06, 3.0062e+00, 4.5003e-02, 
 2DIAGNOSTIC,    33, -3.768357336521e-01, 2.543843720559e-06, 3.0613e+00, 5.5080e-02, 
 2DIAGNOSTIC,    34, -3.768358528614e-01, 2.206590352216e-06, 3.1070e+00, 4.5651e-02, 
 2DIAGNOSTIC,    35, -3.768352568150e-01, 1.928443452925e-06, 3.1508e+00, 4.3814e-02, 
 2DIAGNOSTIC,    36, -3.768352866173e-01, 1.605365241630e-06, 3.2017e+00, 5.0962e-02, 
 2DIAGNOSTIC,    37, -3.768351972103e-01, 1.222435003001e-06, 3.2462e+00, 4.4506e-02, 
DIAGNOSTIC,Iteration,metricValue,convergenceValue,ITERATION_TIME_INDEX,SINCE_LAST
 2DIAGNOSTIC,     1, -3.447590768337e-01, inf, 4.0308e+00, 7.8462e-01, 
 2DIAGNOSTIC,     2, -3.449210524559e-01, inf, 4.2602e+00, 2.2939e-01, 
 2DIAGNOSTIC,     3, -3.450815677643e-01, inf, 4.5259e+00, 2.6564e-01, 
 2DIAGNOSTIC,     4, -3.451294898987e-01, inf, 4.7537e+00, 2.2780e-01, 
 2DIAGNOSTIC,     5, -3.451318740845e-01, inf, 5.0372e+00, 2.8348e-01, 
 2DIAGNOSTIC,     6, -3.451346158981e-01, inf, 5.2705e+00, 2.3332e-01, 
 2DIAGNOSTIC,     7, -3.451419472694e-01, inf, 5.5421e+00, 2.7161e-01, 
 2DIAGNOSTIC,     8, -3.451424837112e-01, inf, 5.7907e+00, 2.4860e-01, 
 2DIAGNOSTIC,     9, -3.451458215714e-01, inf, 6.0487e+00, 2.5797e-01, 
 2DIAGNOSTIC,    10, -3.451592624187e-01, 5.635204797727e-05, 6.3209e+00, 2.7228e-01, 
 2DIAGNOSTIC,    11, -3.451645970345e-01, 2.752875661827e-05, 6.5725e+00, 2.5158e-01, 
 2DIAGNOSTIC,    12, -3.451825380325e-01, 1.337078629149e-05, 6.8897e+00, 3.1722e-01, 
 2DIAGNOSTIC,    13, -3.451874852180e-01, 1.080577112589e-05, 7.1731e+00, 2.8338e-01, 
 2DIAGNOSTIC,    14, -3.451899588108e-01, 1.082067774405e-05, 7.4495e+00, 2.7636e-01, 
 2DIAGNOSTIC,    15, -3.451887965202e-01, 1.012253596855e-05, 7.7152e+00, 2.6573e-01, 
 2DIAGNOSTIC,    16, -3.451898396015e-01, 8.961747880676e-06, 7.9797e+00, 2.6445e-01, 
 2DIAGNOSTIC,    17, -3.451905250549e-01, 7.679067493882e-06, 8.2842e+00, 3.0458e-01, 
 2DIAGNOSTIC,    18, -3.451915681362e-01, 6.073193162592e-06, 8.5392e+00, 2.5499e-01, 
 2DIAGNOSTIC,    19, -3.451921343803e-01, 4.402753802424e-06, 8.7983e+00, 2.5909e-01, 
 2DIAGNOSTIC,    20, -3.451927900314e-01, 3.232785275031e-06, 9.0486e+00, 2.5031e-01, 
 2DIAGNOSTIC,    21, -3.451955020428e-01, 2.320150088053e-06, 9.2898e+00, 2.4118e-01, 
 2DIAGNOSTIC,    22, -3.451968133450e-01, 2.128051391992e-06, 9.6908e+00, 4.0100e-01, 
 2DIAGNOSTIC,    23, -3.451975584030e-01, 2.089635472657e-06, 1.0043e+01, 3.5215e-01, 
 2DIAGNOSTIC,    24, -3.451976776123e-01, 2.079907744701e-06, 1.0310e+01, 2.6665e-01, 
 2DIAGNOSTIC,    25, -3.451972603798e-01, 1.948067165358e-06, 1.0638e+01, 3.2810e-01, 
 2DIAGNOSTIC,    26, -3.451973497868e-01, 1.797899926714e-06, 1.0898e+01, 2.5995e-01, 
 2DIAGNOSTIC,    27, -3.451971411705e-01, 1.617688894839e-06, 1.1159e+01, 2.6141e-01, 
 2DIAGNOSTIC,    28, -3.451969623566e-01, 1.434861701455e-06, 1.1421e+01, 2.6185e-01, 
 2DIAGNOSTIC,    29, -3.451972007751e-01, 1.260313865714e-06, 1.1696e+01, 2.7475e-01, 
 2DIAGNOSTIC,    30, -3.451969623566e-01, 1.091882836590e-06, 1.1961e+01, 2.6507e-01, 
 2DIAGNOSTIC,    31, -3.451969623566e-01, 1.002876615530e-06, 1.2220e+01, 2.5878e-01, 
  Elapsed time (stage 0): 1.2466e+01


Stage 1
  iterations = 1000x500x250x100
  convergence threshold = 1.0000e-06
  convergence window size = 10
  number of levels = 4
  using the Mattes MI metric (number of bins = 32, weight = 1.0000e+00, use gradient filter = 0)
  preprocessing:  winsorizing the image intensities
  Shrink factors (level 1 out of 4): [8, 8, 8]
  Shrink factors (level 2 out of 4): [4, 4, 4]
  Shrink factors (level 3 out of 4): [2, 2, 2]
  Shrink factors (level 4 out of 4): [1, 1, 1]
  smoothing sigmas per level: [3, 2, 1, 0]
  regular sampling (percentage = 2.5000e-01)

*** Running AffineTransform registration ***

DIAGNOSTIC,Iteration,metricValue,convergenceValue,ITERATION_TIME_INDEX,SINCE_LAST
 2DIAGNOSTIC,     1, -5.202293992043e-01, inf, 1.1561e-01, 1.1561e-01, 
 2DIAGNOSTIC,     2, -5.223759412766e-01, inf, 1.2112e-01, 5.5110e-03, 
 2DIAGNOSTIC,     3, -5.257356166840e-01, inf, 1.2756e-01, 6.4421e-03, 
 2DIAGNOSTIC,     4, -5.318486690521e-01, inf, 1.3412e-01, 6.5522e-03, 
 2DIAGNOSTIC,     5, -5.422261953354e-01, inf, 1.4068e-01, 6.5641e-03, 
 2DIAGNOSTIC,     6, -5.598186254501e-01, inf, 1.4735e-01, 6.6662e-03, 
 2DIAGNOSTIC,     7, -6.058225631714e-01, inf, 1.5489e-01, 7.5469e-03, 
 2DIAGNOSTIC,     8, -7.685249447823e-01, inf, 1.6229e-01, 7.4019e-03, 
 2DIAGNOSTIC,     9, -8.020245432854e-01, inf, 1.6942e-01, 7.1239e-03, 
 2DIAGNOSTIC,    10, -8.286821842194e-01, 3.483175486326e-02, 1.7974e-01, 1.0319e-02, 
 2DIAGNOSTIC,    11, -8.366558551788e-01, 3.558483347297e-02, 1.8648e-01, 6.7461e-03, 
 2DIAGNOSTIC,    12, -8.777977228165e-01, 3.442438319325e-02, 1.9485e-01, 8.3621e-03, 
 2DIAGNOSTIC,    13, -9.016811847687e-01, 3.114825300872e-02, 2.0117e-01, 6.3250e-03, 
 2DIAGNOSTIC,    14, -9.051513075829e-01, 2.596683613956e-02, 2.0989e-01, 8.7180e-03, 
 2DIAGNOSTIC,    15, -9.053555130959e-01, 1.970550604165e-02, 2.2034e-01, 1.0447e-02, 
 2DIAGNOSTIC,    16, -9.061679840088e-01, 1.313319895416e-02, 2.3071e-01, 1.0374e-02, 
 2DIAGNOSTIC,    17, -9.078422784805e-01, 7.309610024095e-03, 2.3869e-01, 7.9849e-03, 
 2DIAGNOSTIC,    18, -9.078675508499e-01, 5.050652660429e-03, 2.4734e-01, 8.6410e-03, 
 2DIAGNOSTIC,    19, -9.082377552986e-01, 3.289387095720e-03, 2.5388e-01, 6.5479e-03, 
 2DIAGNOSTIC,    20, -9.084660410881e-01, 1.952542806976e-03, 2.6184e-01, 7.9532e-03, 
 2DIAGNOSTIC,    21, -9.086745977402e-01, 7.161605753936e-04, 2.7019e-01, 8.3542e-03, 
 2DIAGNOSTIC,    22, -9.084832668304e-01, 2.197439607698e-04, 2.7674e-01, 6.5520e-03, 
 2DIAGNOSTIC,    23, -9.084282517433e-01, 1.305827900069e-04, 2.8378e-01, 7.0369e-03, 
 2DIAGNOSTIC,    24, -9.080885052681e-01, 8.574246021453e-05, 2.9171e-01, 7.9339e-03, 
 2DIAGNOSTIC,    25, -9.080632328987e-01, 3.971516707679e-05, 3.0090e-01, 9.1820e-03, 
 2DIAGNOSTIC,    26, -9.084076881409e-01, 9.425178177480e-06, 3.1073e-01, 9.8300e-03, 
 2DIAGNOSTIC,    27, -9.082966446877e-01, 1.500684561506e-06, 3.1775e-01, 7.0269e-03, 
DIAGNOSTIC,Iteration,metricValue,convergenceValue,ITERATION_TIME_INDEX,SINCE_LAST
 2DIAGNOSTIC,     1, -7.374089956284e-01, inf, 4.5944e-01, 1.4168e-01, 
 2DIAGNOSTIC,     2, -7.380616664886e-01, inf, 4.7368e-01, 1.4246e-02, 
 2DIAGNOSTIC,     3, -7.386514544487e-01, inf, 4.8492e-01, 1.1240e-02, 
 2DIAGNOSTIC,     4, -7.391968369484e-01, inf, 4.9663e-01, 1.1704e-02, 
 2DIAGNOSTIC,     5, -7.400815486908e-01, inf, 5.0964e-01, 1.3009e-02, 
 2DIAGNOSTIC,     6, -7.407056093216e-01, inf, 5.2561e-01, 1.5973e-02, 
 2DIAGNOSTIC,     7, -7.407126426697e-01, inf, 5.3802e-01, 1.2412e-02, 
 2DIAGNOSTIC,     8, -7.407084107399e-01, inf, 5.4980e-01, 1.1780e-02, 
 2DIAGNOSTIC,     9, -7.406863570213e-01, inf, 5.6146e-01, 1.1659e-02, 
 2DIAGNOSTIC,    10, -7.406960725784e-01, 3.042245225515e-04, 5.7428e-01, 1.2824e-02, 
 2DIAGNOSTIC,    11, -7.406960129738e-01, 2.040709805442e-04, 5.8836e-01, 1.4071e-02, 
 2DIAGNOSTIC,    12, -7.406932711601e-01, 1.234425290022e-04, 6.0331e-01, 1.4957e-02, 
 2DIAGNOSTIC,    13, -7.406905293465e-01, 6.183611549204e-05, 6.1595e-01, 1.2640e-02, 
 2DIAGNOSTIC,    14, -7.406883835793e-01, 1.807316039049e-05, 6.2740e-01, 1.1450e-02, 
DIAGNOSTIC,Iteration,metricValue,convergenceValue,ITERATION_TIME_INDEX,SINCE_LAST
 2DIAGNOSTIC,     1, -6.257308125496e-01, inf, 8.7595e-01, 2.4855e-01, 
 2DIAGNOSTIC,     2, -6.261885762215e-01, inf, 9.2807e-01, 5.2119e-02, 
 2DIAGNOSTIC,     3, -6.267733573914e-01, inf, 9.9023e-01, 6.2158e-02, 
 2DIAGNOSTIC,     4, -6.274366974831e-01, inf, 1.0431e+00, 5.2868e-02, 
 2DIAGNOSTIC,     5, -6.279613375664e-01, inf, 1.1112e+00, 6.8072e-02, 
 2DIAGNOSTIC,     6, -6.279875636101e-01, inf, 1.1712e+00, 6.0082e-02, 
 2DIAGNOSTIC,     7, -6.279923319817e-01, inf, 1.2275e+00, 5.6286e-02, 
 2DIAGNOSTIC,     8, -6.279997825623e-01, inf, 1.2792e+00, 5.1648e-02, 
 2DIAGNOSTIC,     9, -6.280465722084e-01, inf, 1.3391e+00, 5.9942e-02, 
 2DIAGNOSTIC,    10, -6.280446648598e-01, 2.324750239495e-04, 1.4100e+00, 7.0858e-02, 
 2DIAGNOSTIC,    11, -6.280452609062e-01, 1.434810255887e-04, 1.4685e+00, 5.8499e-02, 
 2DIAGNOSTIC,    12, -6.280413866043e-01, 7.386942161247e-05, 1.5603e+00, 9.1826e-02, 
 2DIAGNOSTIC,    13, -6.280417442322e-01, 2.849460906873e-05, 1.6212e+00, 6.0908e-02, 
 2DIAGNOSTIC,    14, -6.280416250229e-01, 8.192386303563e-06, 1.6798e+00, 5.8551e-02, 
 2DIAGNOSTIC,    15, -6.280417442322e-01, 5.877185685677e-06, 1.7486e+00, 6.8791e-02, 
 2DIAGNOSTIC,    16, -6.280415654182e-01, 4.265023108019e-06, 1.8033e+00, 5.4738e-02, 
 2DIAGNOSTIC,    17, -6.280418038368e-01, 2.776776227620e-06, 1.8594e+00, 5.6136e-02, 
 2DIAGNOSTIC,    18, -6.280416250229e-01, 1.519303168607e-06, 1.9187e+00, 5.9307e-02, 
 2DIAGNOSTIC,    19, -6.280416250229e-01, 1.532425017103e-06, 1.9879e+00, 6.9183e-02, 
 2DIAGNOSTIC,    20, -6.280415654182e-01, 1.511668983767e-06, 2.0642e+00, 7.6283e-02, 
 2DIAGNOSTIC,    21, -6.280415654182e-01, 1.515614599157e-06, 2.1205e+00, 5.6255e-02, 
 2DIAGNOSTIC,    22, -6.280415058136e-01, 1.437961941519e-06, 2.1781e+00, 5.7626e-02, 
 2DIAGNOSTIC,    23, -6.280415654182e-01, 1.376176101076e-06, 2.2364e+00, 5.8289e-02, 
 2DIAGNOSTIC,    24, -6.280414462090e-01, 1.315682879977e-06, 2.2963e+00, 5.9975e-02, 
 2DIAGNOSTIC,    25, -6.280413269997e-01, 1.261163902200e-06, 2.3545e+00, 5.8191e-02, 
 2DIAGNOSTIC,    26, -6.280413866043e-01, 1.209771198774e-06, 2.4139e+00, 5.9330e-02, 
 2DIAGNOSTIC,    27, -6.280413866043e-01, 1.167515165434e-06, 2.4745e+00, 6.0656e-02, 
 2DIAGNOSTIC,    28, -6.280413866043e-01, 1.126394181483e-06, 2.5314e+00, 5.6900e-02, 
 2DIAGNOSTIC,    29, -6.280413269997e-01, 1.088193243959e-06, 2.5871e+00, 5.5631e-02, 
 2DIAGNOSTIC,    30, -6.280413866043e-01, 1.053461232914e-06, 2.6471e+00, 6.0026e-02, 
 2DIAGNOSTIC,    31, -6.280413866043e-01, 1.021617777042e-06, 2.7075e+00, 6.0461e-02, 
DIAGNOSTIC,Iteration,metricValue,convergenceValue,ITERATION_TIME_INDEX,SINCE_LAST
 2DIAGNOSTIC,     1, -5.544970035553e-01, inf, 3.6123e+00, 9.0479e-01, 
 2DIAGNOSTIC,     2, -5.549553632736e-01, inf, 3.9607e+00, 3.4835e-01, 
 2DIAGNOSTIC,     3, -5.554762482643e-01, inf, 4.3149e+00, 3.5417e-01, 
 2DIAGNOSTIC,     4, -5.560169816017e-01, inf, 4.6509e+00, 3.3605e-01, 
 2DIAGNOSTIC,     5, -5.561810135841e-01, inf, 5.1323e+00, 4.8137e-01, 
 2DIAGNOSTIC,     6, -5.562064647675e-01, inf, 5.5625e+00, 4.3022e-01, 
 2DIAGNOSTIC,     7, -5.562058091164e-01, inf, 6.0799e+00, 5.1743e-01, 
 2DIAGNOSTIC,     8, -5.562057495117e-01, inf, 6.4474e+00, 3.6748e-01, 
 2DIAGNOSTIC,     9, -5.562054514885e-01, inf, 6.8533e+00, 4.0592e-01, 
 2DIAGNOSTIC,    10, -5.562049746513e-01, 1.772732648533e-04, 7.2155e+00, 3.6222e-01, 
 2DIAGNOSTIC,    11, -5.562049150467e-01, 9.724821575219e-05, 7.7227e+00, 5.0717e-01, 
 2DIAGNOSTIC,    12, -5.562050342560e-01, 4.139427255723e-05, 8.0805e+00, 3.5776e-01, 
 2DIAGNOSTIC,    13, -5.562050342560e-01, 1.060899012373e-05, 8.4531e+00, 3.7266e-01, 
 2DIAGNOSTIC,    14, -5.562048554420e-01, 3.061305960728e-06, 8.8303e+00, 3.7721e-01, 
 2DIAGNOSTIC,    15, -5.562047958374e-01, 2.012289996856e-06, 9.2040e+00, 3.7372e-01, 
 2DIAGNOSTIC,    16, -5.562046170235e-01, 1.912430889206e-06, 9.5733e+00, 3.6928e-01, 
 2DIAGNOSTIC,    17, -5.562046170235e-01, 1.811357719816e-06, 9.9589e+00, 3.8563e-01, 
 2DIAGNOSTIC,    18, -5.562045574188e-01, 1.723699938339e-06, 1.0329e+01, 3.6979e-01, 
 2DIAGNOSTIC,    19, -5.562044978142e-01, 1.640203208808e-06, 1.0696e+01, 3.6752e-01, 
 2DIAGNOSTIC,    20, -5.562044978142e-01, 1.556254574098e-06, 1.1067e+01, 3.7098e-01, 
 2DIAGNOSTIC,    21, -5.562045574188e-01, 1.483428832216e-06, 1.1434e+01, 3.6665e-01, 
 2DIAGNOSTIC,    22, -5.562044978142e-01, 1.421468937224e-06, 1.1801e+01, 3.6732e-01, 
 2DIAGNOSTIC,    23, -5.562045574188e-01, 1.368666630697e-06, 1.2178e+01, 3.7651e-01, 
 2DIAGNOSTIC,    24, -5.562044978142e-01, 1.316560769737e-06, 1.2543e+01, 3.6572e-01, 
 2DIAGNOSTIC,    25, -5.562045574188e-01, 1.269606627829e-06, 1.2925e+01, 3.8125e-01, 
