---------------------
Profiling information

Pipeline: ants registrationSyN
NTHREAD: 32

DATASET: ds004513
SUBJECT_ID: s033

SIF_IMG: /mnt/lustre/mathdugre/containers/ants-debug.simg
DATA_DIR: /mnt/lustre/mathdugre/mri-bottleneck/datasets/ds004513

PROJECT_DIR: /mnt/lustre/mathdugre/mri-bottleneck
PROFILING_DIR: /mnt/lustre/mathdugre/mri-bottleneck/vtune_output/32-threads/ants/registrationSyN/ds004513/sub-s033/DZFaIaAw9bv1Q5W6IbxDn0CRJDb2ZQLX
---------------------

Command to profile: bash tmp-scripts/DZFaIaAw9bv1Q5W6IbxDn0CRJDb2ZQLX.sh

--------------------------------------------------------------------------------------
 Mapping parameters
--------------------------------------------------------------------------------------
 ANTSPATH is /opt/ants/bin

 Dimensionality:           3
 Output name prefix:       /data/derivatives/ants/registrationSyN/sub-s033/ses-open/anat/
 Fixed images:             /templateflow/tpl-MNI152NLin2009cAsym//tpl-MNI152NLin2009cAsym_res-01_desc-brain_T1w.nii.gz
 Moving images:            /data/derivatives/fsl/fast/sub-s033/ses-open/anat/BrainExtractionBrain_seg.nii.gz
 Mask images:              
 Initial transforms:       
 Number of threads:        32
 Spline distance:          26
 SyN gradient step:        0.1
 Transform type:           s
 CC radius:                4
 Precision:                d
 Use histogram matching    0
 Repro                     0
======================================================================================
 antsRegistration call:
--------------------------------------------------------------------------------------
/opt/ants/bin/antsRegistration --verbose 1 --dimensionality 3 --float 0 --collapse-output-transforms 1 --output [ /data/derivatives/ants/registrationSyN/sub-s033/ses-open/anat/,/data/derivatives/ants/registrationSyN/sub-s033/ses-open/anat/Warped.nii.gz,/data/derivatives/ants/registrationSyN/sub-s033/ses-open/anat/InverseWarped.nii.gz ] --interpolation Linear --use-histogram-matching 0 --winsorize-image-intensities [ 0.005,0.995 ] --initial-moving-transform [ /templateflow/tpl-MNI152NLin2009cAsym//tpl-MNI152NLin2009cAsym_res-01_desc-brain_T1w.nii.gz,/data/derivatives/fsl/fast/sub-s033/ses-open/anat/BrainExtractionBrain_seg.nii.gz,1 ] --transform Rigid[ 0.1 ] --metric MI[ /templateflow/tpl-MNI152NLin2009cAsym//tpl-MNI152NLin2009cAsym_res-01_desc-brain_T1w.nii.gz,/data/derivatives/fsl/fast/sub-s033/ses-open/anat/BrainExtractionBrain_seg.nii.gz,1,32,Regular,0.25 ] --convergence [ 1000x500x250x100,1e-6,10 ] --shrink-factors 8x4x2x1 --smoothing-sigmas 3x2x1x0vox --transform Affine[ 0.1 ] --metric MI[ /templateflow/tpl-MNI152NLin2009cAsym//tpl-MNI152NLin2009cAsym_res-01_desc-brain_T1w.nii.gz,/data/derivatives/fsl/fast/sub-s033/ses-open/anat/BrainExtractionBrain_seg.nii.gz,1,32,Regular,0.25 ] --convergence [ 1000x500x250x100,1e-6,10 ] --shrink-factors 8x4x2x1 --smoothing-sigmas 3x2x1x0vox --transform SyN[ 0.1,3,0 ] --metric CC[ /templateflow/tpl-MNI152NLin2009cAsym//tpl-MNI152NLin2009cAsym_res-01_desc-brain_T1w.nii.gz,/data/derivatives/fsl/fast/sub-s033/ses-open/anat/BrainExtractionBrain_seg.nii.gz,1,4 ] --convergence [ 100x70x50x20,1e-6,10 ] --shrink-factors 8x4x2x1 --smoothing-sigmas 3x2x1x0vox
--------------------------------------------------------------------------------------
All_Command_lines_OK
Using double precision for computations.
=============================================================================
The composite transform comprises the following transforms (in order): 
  1. Center of mass alignment using fixed image: /templateflow/tpl-MNI152NLin2009cAsym//tpl-MNI152NLin2009cAsym_res-01_desc-brain_T1w.nii.gz and moving image: /data/derivatives/fsl/fast/sub-s033/ses-open/anat/BrainExtractionBrain_seg.nii.gz (type = Euler3DTransform)
=============================================================================
  number of levels = 4
  number of levels = 4
  number of levels = 4
  fixed image: /templateflow/tpl-MNI152NLin2009cAsym//tpl-MNI152NLin2009cAsym_res-01_desc-brain_T1w.nii.gz
  moving image: /data/derivatives/fsl/fast/sub-s033/ses-open/anat/BrainExtractionBrain_seg.nii.gz
  fixed image: /templateflow/tpl-MNI152NLin2009cAsym//tpl-MNI152NLin2009cAsym_res-01_desc-brain_T1w.nii.gz
  moving image: /data/derivatives/fsl/fast/sub-s033/ses-open/anat/BrainExtractionBrain_seg.nii.gz
  fixed image: /templateflow/tpl-MNI152NLin2009cAsym//tpl-MNI152NLin2009cAsym_res-01_desc-brain_T1w.nii.gz
  moving image: /data/derivatives/fsl/fast/sub-s033/ses-open/anat/BrainExtractionBrain_seg.nii.gz
Dimension = 3
Number of stages = 3
Use histogram matching = false
Winsorize image intensities = true
  Lower quantile = 0.005
  Upper quantile = 0.995


Stage 1 State
   Image metric = Mattes
     Fixed image = Image (0x55b4adb6af70)
  RTTI typeinfo:   itk::Image<double, 3u>
  Reference Count: 2
  Modified Time: 1717
  Debug: Off
  Object Name: 
  Observers: 
    none
  Source: (none)
  Source output name: (none)
  Release Data: Off
  Data Released: False
  Global Release Data: Off
  PipelineMTime: 0
  UpdateMTime: 1502
  RealTimeStamp: 0 seconds 
  LargestPossibleRegion: 
    Dimension: 3
    Index: [0, 0, 0]
    Size: [193, 229, 193]
  BufferedRegion: 
    Dimension: 3
    Index: [0, 0, 0]
    Size: [193, 229, 193]
  RequestedRegion: 
    Dimension: 3
    Index: [0, 0, 0]
    Size: [193, 229, 193]
  Spacing: [1, 1, 1]
  Origin: [96, 132, -78]
  Direction: 
-1 0 0
0 -1 0
0 0 1

  IndexToPointMatrix: 
-1 0 0
0 -1 0
0 0 1

  PointToIndexMatrix: 
-1 0 0
0 -1 0
0 0 1

  Inverse Direction: 
-1 0 0
0 -1 0
0 0 1

  PixelContainer: 
    ImportImageContainer (0x55b4adb73cf0)
      RTTI typeinfo:   itk::ImportImageContainer<unsigned long, double>
      Reference Count: 1
      Modified Time: 1499
      Debug: Off
      Object Name: 
      Observers: 
        none
      Pointer: 0x7ff4ffb1f010
      Container manages memory: true
      Size: 8530021
      Capacity: 8530021

     Moving image = Image (0x55b4adb6cde0)
  RTTI typeinfo:   itk::Image<double, 3u>
  Reference Count: 2
  Modified Time: 1718
  Debug: Off
  Object Name: 
  Observers: 
    none
  Source: (none)
  Source output name: (none)
  Release Data: Off
  Data Released: False
  Global Release Data: Off
  PipelineMTime: 0
  UpdateMTime: 1715
  RealTimeStamp: 0 seconds 
  LargestPossibleRegion: 
    Dimension: 3
    Index: [0, 0, 0]
    Size: [160, 240, 256]
  BufferedRegion: 
    Dimension: 3
    Index: [0, 0, 0]
    Size: [160, 240, 256]
  RequestedRegion: 
    Dimension: 3
    Index: [0, 0, 0]
    Size: [160, 240, 256]
  Spacing: [1, 1, 1]
  Origin: [91.5134, 94.282, -109.927]
  Direction: 
-0.99591 -0.0698718 -0.0572835
0.0697565 -0.997556 0.00401236
-0.0574239 5.01125e-08 0.99835

  IndexToPointMatrix: 
-0.99591 -0.0698718 -0.0572835
0.0697565 -0.997556 0.00401236
-0.0574239 5.01125e-08 0.99835

  PointToIndexMatrix: 
-0.99591 0.0697565 -0.0574239
-0.0698718 -0.997556 5.01483e-08
-0.0572835 0.00401236 0.99835

  Inverse Direction: 
-0.99591 0.0697565 -0.0574239
-0.0698718 -0.997556 5.01483e-08
-0.0572835 0.00401236 0.99835

  PixelContainer: 
    ImportImageContainer (0x55b4adb72200)
      RTTI typeinfo:   itk::ImportImageContainer<unsigned long, double>
      Reference Count: 1
      Modified Time: 1712
      Debug: Off
      Object Name: 
      Observers: 
        none
      Pointer: 0x7ff4fb01e010
      Container manages memory: true
      Size: 9830400
      Capacity: 9830400

     Weighting = 1
     Sampling strategy = regular
     Number of bins = 32
     Radius = 4
     Sampling percentage  = 0.25
   Transform = Rigid
     Gradient step = 0.1
     Update field sigma (voxel space) = 0
     Total field sigma (voxel space) = 0
     Update field time sigma = 0
     Total field time sigma  = 0
     Number of time indices = 0
     Number of time point samples = 0
Stage 2 State
   Image metric = Mattes
     Fixed image = Image (0x55b4adc0bca0)
  RTTI typeinfo:   itk::Image<double, 3u>
  Reference Count: 2
  Modified Time: 2145
  Debug: Off
  Object Name: 
  Observers: 
    none
  Source: (none)
  Source output name: (none)
  Release Data: Off
  Data Released: False
  Global Release Data: Off
  PipelineMTime: 0
  UpdateMTime: 1930
  RealTimeStamp: 0 seconds 
  LargestPossibleRegion: 
    Dimension: 3
    Index: [0, 0, 0]
    Size: [193, 229, 193]
  BufferedRegion: 
    Dimension: 3
    Index: [0, 0, 0]
    Size: [193, 229, 193]
  RequestedRegion: 
    Dimension: 3
    Index: [0, 0, 0]
    Size: [193, 229, 193]
  Spacing: [1, 1, 1]
  Origin: [96, 132, -78]
  Direction: 
-1 0 0
0 -1 0
0 0 1

  IndexToPointMatrix: 
-1 0 0
0 -1 0
0 0 1

  PointToIndexMatrix: 
-1 0 0
0 -1 0
0 0 1

  Inverse Direction: 
-1 0 0
0 -1 0
0 0 1

  PixelContainer: 
    ImportImageContainer (0x55b4adc160b0)
      RTTI typeinfo:   itk::ImportImageContainer<unsigned long, double>
      Reference Count: 1
      Modified Time: 1927
      Debug: Off
      Object Name: 
      Observers: 
        none
      Pointer: 0x7ff4f6f09010
      Container manages memory: true
      Size: 8530021
      Capacity: 8530021

     Moving image = Image (0x55b4adb980c0)
  RTTI typeinfo:   itk::Image<double, 3u>
  Reference Count: 2
  Modified Time: 2146
  Debug: Off
  Object Name: 
  Observers: 
    none
  Source: (none)
  Source output name: (none)
  Release Data: Off
  Data Released: False
  Global Release Data: Off
  PipelineMTime: 0
  UpdateMTime: 2143
  RealTimeStamp: 0 seconds 
  LargestPossibleRegion: 
    Dimension: 3
    Index: [0, 0, 0]
    Size: [160, 240, 256]
  BufferedRegion: 
    Dimension: 3
    Index: [0, 0, 0]
    Size: [160, 240, 256]
  RequestedRegion: 
    Dimension: 3
    Index: [0, 0, 0]
    Size: [160, 240, 256]
  Spacing: [1, 1, 1]
  Origin: [91.5134, 94.282, -109.927]
  Direction: 
-0.99591 -0.0698718 -0.0572835
0.0697565 -0.997556 0.00401236
-0.0574239 5.01125e-08 0.99835

  IndexToPointMatrix: 
-0.99591 -0.0698718 -0.0572835
0.0697565 -0.997556 0.00401236
-0.0574239 5.01125e-08 0.99835

  PointToIndexMatrix: 
-0.99591 0.0697565 -0.0574239
-0.0698718 -0.997556 5.01483e-08
-0.0572835 0.00401236 0.99835

  Inverse Direction: 
-0.99591 0.0697565 -0.0574239
-0.0698718 -0.997556 5.01483e-08
-0.0572835 0.00401236 0.99835

  PixelContainer: 
    ImportImageContainer (0x55b4adb9e000)
      RTTI typeinfo:   itk::ImportImageContainer<unsigned long, double>
      Reference Count: 1
      Modified Time: 2140
      Debug: Off
      Object Name: 
      Observers: 
        none
      Pointer: 0x7ff4f2408010
      Container manages memory: true
      Size: 9830400
      Capacity: 9830400

     Weighting = 1
     Sampling strategy = regular
     Number of bins = 32
     Radius = 4
     Sampling percentage  = 0.25
   Transform = Affine
     Gradient step = 0.1
     Update field sigma (voxel space) = 0
     Total field sigma (voxel space) = 0
     Update field time sigma = 0
     Total field time sigma  = 0
     Number of time indices = 0
     Number of time point samples = 0
Stage 3 State
   Image metric = CC
     Fixed image = Image (0x55b4adc09390)
  RTTI typeinfo:   itk::Image<double, 3u>
  Reference Count: 2
  Modified Time: 2573
  Debug: Off
  Object Name: 
  Observers: 
    none
  Source: (none)
  Source output name: (none)
  Release Data: Off
  Data Released: False
  Global Release Data: Off
  PipelineMTime: 0
  UpdateMTime: 2358
  RealTimeStamp: 0 seconds 
  LargestPossibleRegion: 
    Dimension: 3
    Index: [0, 0, 0]
    Size: [193, 229, 193]
  BufferedRegion: 
    Dimension: 3
    Index: [0, 0, 0]
    Size: [193, 229, 193]
  RequestedRegion: 
    Dimension: 3
    Index: [0, 0, 0]
    Size: [193, 229, 193]
  Spacing: [1, 1, 1]
  Origin: [96, 132, -78]
  Direction: 
-1 0 0
0 -1 0
0 0 1

  IndexToPointMatrix: 
-1 0 0
0 -1 0
0 0 1

  PointToIndexMatrix: 
-1 0 0
0 -1 0
0 0 1

  Inverse Direction: 
-1 0 0
0 -1 0
0 0 1

  PixelContainer: 
    ImportImageContainer (0x55b4adc09a80)
      RTTI typeinfo:   itk::ImportImageContainer<unsigned long, double>
      Reference Count: 1
      Modified Time: 2355
      Debug: Off
      Object Name: 
      Observers: 
        none
      Pointer: 0x7ff4ee2f3010
      Container manages memory: true
      Size: 8530021
      Capacity: 8530021

     Moving image = Image (0x55b4adc1fe80)
  RTTI typeinfo:   itk::Image<double, 3u>
  Reference Count: 2
  Modified Time: 2574
  Debug: Off
  Object Name: 
  Observers: 
    none
  Source: (none)
  Source output name: (none)
  Release Data: Off
  Data Released: False
  Global Release Data: Off
  PipelineMTime: 0
  UpdateMTime: 2571
  RealTimeStamp: 0 seconds 
  LargestPossibleRegion: 
    Dimension: 3
    Index: [0, 0, 0]
    Size: [160, 240, 256]
  BufferedRegion: 
    Dimension: 3
    Index: [0, 0, 0]
    Size: [160, 240, 256]
  RequestedRegion: 
    Dimension: 3
    Index: [0, 0, 0]
    Size: [160, 240, 256]
  Spacing: [1, 1, 1]
  Origin: [91.5134, 94.282, -109.927]
  Direction: 
-0.99591 -0.0698718 -0.0572835
0.0697565 -0.997556 0.00401236
-0.0574239 5.01125e-08 0.99835

  IndexToPointMatrix: 
-0.99591 -0.0698718 -0.0572835
0.0697565 -0.997556 0.00401236
-0.0574239 5.01125e-08 0.99835

  PointToIndexMatrix: 
-0.99591 0.0697565 -0.0574239
-0.0698718 -0.997556 5.01483e-08
-0.0572835 0.00401236 0.99835

  Inverse Direction: 
-0.99591 0.0697565 -0.0574239
-0.0698718 -0.997556 5.01483e-08
-0.0572835 0.00401236 0.99835

  PixelContainer: 
    ImportImageContainer (0x55b4adc1fe10)
      RTTI typeinfo:   itk::ImportImageContainer<unsigned long, double>
      Reference Count: 1
      Modified Time: 2568
      Debug: Off
      Object Name: 
      Observers: 
        none
      Pointer: 0x7ff4e97f2010
      Container manages memory: true
      Size: 9830400
      Capacity: 9830400

     Weighting = 1
     Sampling strategy = none
     Number of bins = 32
     Radius = 4
     Sampling percentage  = 1
   Transform = SyN
     Gradient step = 0.1
     Update field sigma (voxel space) = 3
     Total field sigma (voxel space) = 0
     Update field time sigma = 0
     Total field time sigma  = 0
     Number of time indices = 0
     Number of time point samples = 0
Registration using 3 total stages.

Stage 0
  iterations = 1000x500x250x100
  convergence threshold = 1e-06
  convergence window size = 10
  number of levels = 4
  using the Mattes MI metric (number of bins = 32, weight = 1, use gradient filter = 0)
  preprocessing:  winsorizing the image intensities
  Shrink factors (level 1 out of 4): [8, 8, 8]
  Shrink factors (level 2 out of 4): [4, 4, 4]
  Shrink factors (level 3 out of 4): [2, 2, 2]
  Shrink factors (level 4 out of 4): [1, 1, 1]
  smoothing sigmas per level: [3, 2, 1, 0]
  regular sampling (percentage = 0.25)

*** Running Euler3DTransform registration ***

DIAGNOSTIC,Iteration,metricValue,convergenceValue,ITERATION_TIME_INDEX,SINCE_LAST
 2DIAGNOSTIC,     1, -5.239506512364e-01, 1.797693134862e+308, 1.6480e-01, 1.6480e-01, 
 2DIAGNOSTIC,     2, -5.252875403138e-01, 1.797693134862e+308, 1.7072e-01, 5.9209e-03, 
 2DIAGNOSTIC,     3, -5.276731671029e-01, 1.797693134862e+308, 1.7689e-01, 6.1662e-03, 
 2DIAGNOSTIC,     4, -5.313596392655e-01, 1.797693134862e+308, 1.8257e-01, 5.6820e-03, 
 2DIAGNOSTIC,     5, -5.349765856550e-01, 1.797693134862e+308, 1.8837e-01, 5.7991e-03, 
 2DIAGNOSTIC,     6, -5.354917555161e-01, 1.797693134862e+308, 1.9698e-01, 8.6162e-03, 
 2DIAGNOSTIC,     7, -5.359812989335e-01, 1.797693134862e+308, 2.0234e-01, 5.3530e-03, 
 2DIAGNOSTIC,     8, -5.372867294790e-01, 1.797693134862e+308, 2.0875e-01, 6.4120e-03, 
 2DIAGNOSTIC,     9, -5.387627284129e-01, 1.797693134862e+308, 2.1637e-01, 7.6189e-03, 
 2DIAGNOSTIC,    10, -5.394926242613e-01, 1.939051694117e-03, 2.2786e-01, 1.1497e-02, 
 2DIAGNOSTIC,    11, -5.401010098908e-01, 1.527775197213e-03, 2.3535e-01, 7.4880e-03, 
 2DIAGNOSTIC,    12, -5.407543645744e-01, 1.138902909136e-03, 2.4179e-01, 6.4399e-03, 
 2DIAGNOSTIC,    13, -5.416284872123e-01, 8.378164939989e-04, 2.4916e-01, 7.3729e-03, 
 2DIAGNOSTIC,    14, -5.488938483271e-01, 9.139728069463e-04, 2.5712e-01, 7.9570e-03, 
 2DIAGNOSTIC,    15, -5.517291734557e-01, 1.117178298162e-03, 2.6334e-01, 6.2220e-03, 
 2DIAGNOSTIC,    16, -5.532892869835e-01, 1.261588461042e-03, 2.7025e-01, 6.9060e-03, 
 2DIAGNOSTIC,    17, -5.557282493210e-01, 1.365882904078e-03, 2.7607e-01, 5.8241e-03, 
 2DIAGNOSTIC,    18, -5.767929097505e-01, 1.980233687339e-03, 2.8400e-01, 7.9300e-03, 
 2DIAGNOSTIC,    19, -5.834429808553e-01, 2.546488318041e-03, 2.9591e-01, 1.1910e-02, 
 2DIAGNOSTIC,    20, -5.857894363135e-01, 2.896805895462e-03, 3.0481e-01, 8.8999e-03, 
 2DIAGNOSTIC,    21, -5.878236271906e-01, 3.017863836182e-03, 3.1138e-01, 6.5651e-03, 
 2DIAGNOSTIC,    22, -5.994071893372e-01, 3.132683973085e-03, 3.1860e-01, 7.2210e-03, 
 2DIAGNOSTIC,    23, -6.055055535347e-01, 3.081400671716e-03, 3.2932e-01, 1.0717e-02, 
 2DIAGNOSTIC,    24, -6.081548422176e-01, 2.953605077765e-03, 3.3692e-01, 7.6029e-03, 
 2DIAGNOSTIC,    25, -6.102720871497e-01, 2.670594962337e-03, 3.4387e-01, 6.9540e-03, 
 2DIAGNOSTIC,    26, -6.113552062977e-01, 2.218180313598e-03, 3.5022e-01, 6.3519e-03, 
 2DIAGNOSTIC,    27, -6.128729914603e-01, 1.655659385496e-03, 3.5724e-01, 7.0200e-03, 
 2DIAGNOSTIC,    28, -6.218998272963e-01, 1.518189512572e-03, 3.6522e-01, 7.9701e-03, 
 2DIAGNOSTIC,    29, -6.317578563495e-01, 1.531146170383e-03, 3.7563e-01, 1.0414e-02, 
 2DIAGNOSTIC,    30, -6.339915999309e-01, 1.474998290373e-03, 3.8199e-01, 6.3629e-03, 
 2DIAGNOSTIC,    31, -6.406317384324e-01, 1.422178429251e-03, 3.8899e-01, 7.0000e-03, 
 2DIAGNOSTIC,    32, -6.456348447032e-01, 1.493221988290e-03, 3.9475e-01, 5.7580e-03, 
 2DIAGNOSTIC,    33, -6.475677472637e-01, 1.534840490827e-03, 4.0074e-01, 5.9850e-03, 
 2DIAGNOSTIC,    34, -6.483366468085e-01, 1.476399325524e-03, 4.0785e-01, 7.1189e-03, 
 2DIAGNOSTIC,    35, -6.558741127243e-01, 1.418545188632e-03, 4.1814e-01, 1.0283e-02, 
 2DIAGNOSTIC,    36, -6.566888576555e-01, 1.254542052806e-03, 4.2669e-01, 8.5518e-03, 
 2DIAGNOSTIC,    37, -6.576306424317e-01, 1.012131051680e-03, 4.3364e-01, 6.9520e-03, 
 2DIAGNOSTIC,    38, -6.577048923053e-01, 8.031394827537e-04, 4.3939e-01, 5.7480e-03, 
 2DIAGNOSTIC,    39, -6.583069202121e-01, 6.606322912107e-04, 4.4908e-01, 9.6900e-03, 
 2DIAGNOSTIC,    40, -6.586517814849e-01, 4.916572118670e-04, 4.5853e-01, 9.4481e-03, 
 2DIAGNOSTIC,    41, -6.586390107961e-01, 3.611378087813e-04, 4.6484e-01, 6.3090e-03, 
 2DIAGNOSTIC,    42, -6.589326274021e-01, 2.645569767921e-04, 4.7188e-01, 7.0431e-03, 
 2DIAGNOSTIC,    43, -6.592866303606e-01, 1.740851257576e-04, 4.7760e-01, 5.7230e-03, 
 2DIAGNOSTIC,    44, -6.594803823834e-01, 7.981685110650e-05, 4.8378e-01, 6.1750e-03, 
 2DIAGNOSTIC,    45, -6.599816200893e-01, 6.755278252035e-05, 4.8946e-01, 5.6791e-03, 
 2DIAGNOSTIC,    46, -6.604436711348e-01, 6.243441426801e-05, 4.9515e-01, 5.6942e-03, 
 2DIAGNOSTIC,    47, -6.616448683828e-01, 7.328281804436e-05, 5.0204e-01, 6.8910e-03, 
 2DIAGNOSTIC,    48, -6.628479725665e-01, 8.887408661079e-05, 5.1375e-01, 1.1708e-02, 
 2DIAGNOSTIC,    49, -6.630616717328e-01, 1.029613733458e-04, 5.2026e-01, 6.5060e-03, 
 2DIAGNOSTIC,    50, -6.631124867072e-01, 1.106272588748e-04, 5.2772e-01, 7.4689e-03, 
 2DIAGNOSTIC,    51, -6.631759024832e-01, 1.079596484380e-04, 5.3569e-01, 7.9660e-03, 
 2DIAGNOSTIC,    52, -6.632701505616e-01, 9.841665992480e-05, 5.4426e-01, 8.5690e-03, 
 2DIAGNOSTIC,    53, -6.633377583603e-01, 8.346448854207e-05, 5.5184e-01, 7.5788e-03, 
 2DIAGNOSTIC,    54, -6.633479146126e-01, 6.296976296616e-05, 5.6180e-01, 9.9640e-03, 
 2DIAGNOSTIC,    55, -6.633494666055e-01, 4.175763429633e-05, 5.6792e-01, 6.1178e-03, 
 2DIAGNOSTIC,    56, -6.633544925686e-01, 2.117201858346e-05, 5.7349e-01, 5.5740e-03, 
 2DIAGNOSTIC,    57, -6.633710199456e-01, 9.070723279749e-06, 5.8115e-01, 7.6568e-03, 
 2DIAGNOSTIC,    58, -6.634089462690e-01, 6.501564511534e-06, 5.8855e-01, 7.4000e-03, 
 2DIAGNOSTIC,    59, -6.636365165992e-01, 6.926992434816e-06, 5.9742e-01, 8.8651e-03, 
 2DIAGNOSTIC,    60, -6.636803555791e-01, 7.416784639464e-06, 6.0441e-01, 6.9962e-03, 
 2DIAGNOSTIC,    61, -6.635765986027e-01, 6.927471160170e-06, 6.1013e-01, 5.7151e-03, 
 2DIAGNOSTIC,    62, -6.635878682054e-01, 6.667147640083e-06, 6.1753e-01, 7.4022e-03, 
 2DIAGNOSTIC,    63, -6.635038524917e-01, 5.688686381986e-06, 6.2396e-01, 6.4352e-03, 
 2DIAGNOSTIC,    64, -6.635126674520e-01, 4.363338593171e-06, 6.3037e-01, 6.4080e-03, 
 2DIAGNOSTIC,    65, -6.635208401247e-01, 2.771033286234e-06, 6.3766e-01, 7.2880e-03, 
 2DIAGNOSTIC,    66, -6.635222625754e-01, 1.085537917365e-06, 6.4515e-01, 7.4940e-03, 
DIAGNOSTIC,Iteration,metricValue,convergenceValue,ITERATION_TIME_INDEX,SINCE_LAST
 2DIAGNOSTIC,     1, -5.569994225889e-01, 1.797693134862e+308, 8.1037e-01, 1.6521e-01, 
 2DIAGNOSTIC,     2, -5.572545236054e-01, 1.797693134862e+308, 8.4531e-01, 3.4946e-02, 
 2DIAGNOSTIC,     3, -5.574819375522e-01, 1.797693134862e+308, 8.7619e-01, 3.0878e-02, 
 2DIAGNOSTIC,     4, -5.577775060449e-01, 1.797693134862e+308, 9.0725e-01, 3.1055e-02, 
 2DIAGNOSTIC,     5, -5.578855616140e-01, 1.797693134862e+308, 9.2169e-01, 1.4444e-02, 
 2DIAGNOSTIC,     6, -5.579116677024e-01, 1.797693134862e+308, 9.3433e-01, 1.2639e-02, 
 2DIAGNOSTIC,     7, -5.579174376783e-01, 1.797693134862e+308, 9.4342e-01, 9.0899e-03, 
 2DIAGNOSTIC,     8, -5.579122579738e-01, 1.797693134862e+308, 9.5213e-01, 8.7080e-03, 
 2DIAGNOSTIC,     9, -5.579212263045e-01, 1.797693134862e+308, 9.6358e-01, 1.1455e-02, 
 2DIAGNOSTIC,    10, -5.579405096400e-01, 9.976821723066e-05, 9.7422e-01, 1.0634e-02, 
 2DIAGNOSTIC,    11, -5.579224228887e-01, 5.768857099940e-05, 9.8347e-01, 9.2561e-03, 
 2DIAGNOSTIC,    12, -5.579136796704e-01, 2.815284849464e-05, 9.9295e-01, 9.4731e-03, 
 2DIAGNOSTIC,    13, -5.579051848027e-01, 9.191344302148e-06, 1.0039e+00, 1.0969e-02, 
 2DIAGNOSTIC,    14, -5.578978597975e-01, 2.706926459928e-06, 1.0134e+00, 9.4759e-03, 
DIAGNOSTIC,Iteration,metricValue,convergenceValue,ITERATION_TIME_INDEX,SINCE_LAST
 2DIAGNOSTIC,     1, -4.762271919329e-01, 1.797693134862e+308, 1.3626e+00, 3.4925e-01, 
 2DIAGNOSTIC,     2, -4.764569454426e-01, 1.797693134862e+308, 1.4265e+00, 6.3881e-02, 
 2DIAGNOSTIC,     3, -4.766502567264e-01, 1.797693134862e+308, 1.4786e+00, 5.2044e-02, 
 2DIAGNOSTIC,     4, -4.767645317013e-01, 1.797693134862e+308, 1.5390e+00, 6.0387e-02, 
 2DIAGNOSTIC,     5, -4.767739373403e-01, 1.797693134862e+308, 1.5865e+00, 4.7498e-02, 
 2DIAGNOSTIC,     6, -4.767896699354e-01, 1.797693134862e+308, 1.6298e+00, 4.3364e-02, 
 2DIAGNOSTIC,     7, -4.768444132890e-01, 1.797693134862e+308, 1.6755e+00, 4.5642e-02, 
 2DIAGNOSTIC,     8, -4.770510554302e-01, 1.797693134862e+308, 1.7235e+00, 4.8068e-02, 
 2DIAGNOSTIC,     9, -4.771905866196e-01, 1.797693134862e+308, 1.7822e+00, 5.8644e-02, 
 2DIAGNOSTIC,    10, -4.772947374734e-01, 1.241693500518e-04, 1.8244e+00, 4.2193e-02, 
 2DIAGNOSTIC,    11, -4.773866310483e-01, 1.074776915010e-04, 1.8660e+00, 4.1589e-02, 
 2DIAGNOSTIC,    12, -4.777041241978e-01, 1.111231981214e-04, 1.9138e+00, 4.7823e-02, 
 2DIAGNOSTIC,    13, -4.779467526918e-01, 1.237759465594e-04, 1.9665e+00, 5.2764e-02, 
 2DIAGNOSTIC,    14, -4.779668994603e-01, 1.291350655348e-04, 2.0157e+00, 4.9168e-02, 
 2DIAGNOSTIC,    15, -4.779642577639e-01, 1.228034175099e-04, 2.0636e+00, 4.7927e-02, 
 2DIAGNOSTIC,    16, -4.779664005906e-01, 1.070258653585e-04, 2.1034e+00, 3.9724e-02, 
 2DIAGNOSTIC,    17, -4.779805160008e-01, 8.553810208408e-05, 2.1513e+00, 4.7901e-02, 
 2DIAGNOSTIC,    18, -4.779948340863e-01, 6.579035263082e-05, 2.2040e+00, 5.2749e-02, 
 2DIAGNOSTIC,    19, -4.779909200629e-01, 4.650033771543e-05, 2.2513e+00, 4.7279e-02, 
 2DIAGNOSTIC,    20, -4.779919323282e-01, 2.827515068040e-05, 2.3141e+00, 6.2858e-02, 
 2DIAGNOSTIC,    21, -4.779965240928e-01, 1.187411530233e-05, 2.3664e+00, 5.2250e-02, 
 2DIAGNOSTIC,    22, -4.779952686889e-01, 4.360391538630e-06, 2.4100e+00, 4.3569e-02, 
 2DIAGNOSTIC,    23, -4.779965145769e-01, 3.520977842369e-06, 2.4569e+00, 4.6965e-02, 
 2DIAGNOSTIC,    24, -4.779960602199e-01, 3.048805918178e-06, 2.5189e+00, 6.1988e-02, 
 2DIAGNOSTIC,    25, -4.779976582226e-01, 2.435775646147e-06, 2.5681e+00, 4.9181e-02, 
 2DIAGNOSTIC,    26, -4.779972744684e-01, 1.791701913598e-06, 2.6097e+00, 4.1612e-02, 
 2DIAGNOSTIC,    27, -4.779972975184e-01, 1.444407982436e-06, 2.6632e+00, 5.3521e-02, 
 2DIAGNOSTIC,    28, -4.779948517230e-01, 1.353671156674e-06, 2.7105e+00, 4.7273e-02, 
 2DIAGNOSTIC,    29, -4.779941942702e-01, 1.156306046982e-06, 2.7525e+00, 4.2040e-02, 
DIAGNOSTIC,Iteration,metricValue,convergenceValue,ITERATION_TIME_INDEX,SINCE_LAST
 2DIAGNOSTIC,     1, -4.315571054057e-01, 1.797693134862e+308, 3.6024e+00, 8.4988e-01, 
 2DIAGNOSTIC,     2, -4.316754689006e-01, 1.797693134862e+308, 3.8120e+00, 2.0957e-01, 
 2DIAGNOSTIC,     3, -4.317245579922e-01, 1.797693134862e+308, 4.3447e+00, 5.3273e-01, 
 2DIAGNOSTIC,     4, -4.317246824582e-01, 1.797693134862e+308, 4.5473e+00, 2.0257e-01, 
 2DIAGNOSTIC,     5, -4.317247443265e-01, 1.797693134862e+308, 4.8291e+00, 2.8180e-01, 
 2DIAGNOSTIC,     6, -4.317246811984e-01, 1.797693134862e+308, 5.0703e+00, 2.4115e-01, 
 2DIAGNOSTIC,     7, -4.317247216067e-01, 1.797693134862e+308, 5.3064e+00, 2.3613e-01, 
 2DIAGNOSTIC,     8, -4.317246659133e-01, 1.797693134862e+308, 5.5150e+00, 2.0857e-01, 
 2DIAGNOSTIC,     9, -4.317245395336e-01, 1.797693134862e+308, 5.7155e+00, 2.0054e-01, 
 2DIAGNOSTIC,    10, -4.317245713062e-01, 1.703363283735e-05, 5.9629e+00, 2.4736e-01, 
 2DIAGNOSTIC,    11, -4.317245214486e-01, 5.820611599761e-06, 6.1905e+00, 2.2763e-01, 
 2DIAGNOSTIC,    12, -4.317243614490e-01, 2.621640984218e-06, 6.3936e+00, 2.0307e-01, 
 2DIAGNOSTIC,    13, -4.317242338615e-01, 2.397065643839e-06, 6.6042e+00, 2.1068e-01, 
 2DIAGNOSTIC,    14, -4.317243674719e-01, 2.221304454750e-06, 6.8294e+00, 2.2512e-01, 
 2DIAGNOSTIC,    15, -4.317243484103e-01, 2.075222715753e-06, 7.0558e+00, 2.2647e-01, 
 2DIAGNOSTIC,    16, -4.317244227713e-01, 1.951934448449e-06, 7.2852e+00, 2.2932e-01, 
 2DIAGNOSTIC,    17, -4.317243032917e-01, 1.843572602661e-06, 7.5154e+00, 2.3025e-01, 
 2DIAGNOSTIC,    18, -4.317242556374e-01, 1.746371690599e-06, 7.7442e+00, 2.2879e-01, 
 2DIAGNOSTIC,    19, -4.317241144624e-01, 1.651906257449e-06, 7.9791e+00, 2.3495e-01, 
 2DIAGNOSTIC,    20, -4.317240533118e-01, 1.567946690734e-06, 8.1852e+00, 2.0609e-01, 
 2DIAGNOSTIC,    21, -4.317238140467e-01, 1.485142514100e-06, 8.4168e+00, 2.3159e-01, 
 2DIAGNOSTIC,    22, -4.317237569517e-01, 1.406457860620e-06, 8.6337e+00, 2.1685e-01, 
 2DIAGNOSTIC,    23, -4.317237315475e-01, 1.333835453692e-06, 8.8580e+00, 2.2427e-01, 
 2DIAGNOSTIC,    24, -4.317237386663e-01, 1.275697124221e-06, 9.0846e+00, 2.2663e-01, 
 2DIAGNOSTIC,    25, -4.317236918157e-01, 1.225057642981e-06, 9.3209e+00, 2.3632e-01, 
 2DIAGNOSTIC,    26, -4.317236253345e-01, 1.183120770895e-06, 9.5705e+00, 2.4960e-01, 
 2DIAGNOSTIC,    27, -4.317234737906e-01, 1.141534580536e-06, 9.7898e+00, 2.1925e-01, 
 2DIAGNOSTIC,    28, -4.317234197808e-01, 1.104049432502e-06, 1.0017e+01, 2.2754e-01, 
 2DIAGNOSTIC,    29, -4.317233596776e-01, 1.067531745176e-06, 1.0254e+01, 2.3686e-01, 
 2DIAGNOSTIC,    30, -4.317231005968e-01, 1.029317461848e-06, 1.0456e+01, 2.0228e-01, 
  Elapsed time (stage 0): 1.0694e+01


Stage 1
  iterations = 1000x500x250x100
  convergence threshold = 1.0000e-06
  convergence window size = 10
  number of levels = 4
  using the Mattes MI metric (number of bins = 32, weight = 1.0000e+00, use gradient filter = 0)
  preprocessing:  winsorizing the image intensities
  Shrink factors (level 1 out of 4): [8, 8, 8]
  Shrink factors (level 2 out of 4): [4, 4, 4]
  Shrink factors (level 3 out of 4): [2, 2, 2]
  Shrink factors (level 4 out of 4): [1, 1, 1]
  smoothing sigmas per level: [3, 2, 1, 0]
  regular sampling (percentage = 2.5000e-01)

*** Running AffineTransform registration ***

DIAGNOSTIC,Iteration,metricValue,convergenceValue,ITERATION_TIME_INDEX,SINCE_LAST
 2DIAGNOSTIC,     1, -6.561979431236e-01, 1.797693134862e+308, 1.2137e-01, 1.2137e-01, 
 2DIAGNOSTIC,     2, -6.587138889411e-01, 1.797693134862e+308, 1.2870e-01, 7.3290e-03, 
 2DIAGNOSTIC,     3, -6.633438209991e-01, 1.797693134862e+308, 1.3532e-01, 6.6209e-03, 
 2DIAGNOSTIC,     4, -6.711214368596e-01, 1.797693134862e+308, 1.4225e-01, 6.9349e-03, 
 2DIAGNOSTIC,     5, -6.889579626891e-01, 1.797693134862e+308, 1.4929e-01, 7.0350e-03, 
 2DIAGNOSTIC,     6, -7.581638999401e-01, 1.797693134862e+308, 1.5630e-01, 7.0128e-03, 
 2DIAGNOSTIC,     7, -7.955646053349e-01, 1.797693134862e+308, 1.6304e-01, 6.7410e-03, 
 2DIAGNOSTIC,     8, -8.540946075855e-01, 1.797693134862e+308, 1.7166e-01, 8.6141e-03, 
 2DIAGNOSTIC,     9, -8.841140099696e-01, 1.797693134862e+308, 1.8158e-01, 9.9230e-03, 
 2DIAGNOSTIC,    10, -8.987757998603e-01, 2.427360288791e-02, 1.8843e-01, 6.8510e-03, 
 2DIAGNOSTIC,    11, -9.047207835061e-01, 2.306988151776e-02, 1.9604e-01, 7.6110e-03, 
 2DIAGNOSTIC,    12, -9.158249443712e-01, 2.044085329738e-02, 2.0487e-01, 8.8251e-03, 
 2DIAGNOSTIC,    13, -9.169900921811e-01, 1.661518718035e-02, 2.1134e-01, 6.4740e-03, 
 2DIAGNOSTIC,    14, -9.204574311339e-01, 1.221602153430e-02, 2.1898e-01, 7.6439e-03, 
 2DIAGNOSTIC,    15, -9.215177579338e-01, 7.804475259024e-03, 2.3259e-01, 1.3602e-02, 
 2DIAGNOSTIC,    16, -9.215203018245e-01, 4.816336274140e-03, 2.3926e-01, 6.6779e-03, 
 2DIAGNOSTIC,    17, -9.214318485534e-01, 2.518359634273e-03, 2.4706e-01, 7.7991e-03, 
 2DIAGNOSTIC,    18, -9.215717562100e-01, 1.383097463041e-03, 2.5357e-01, 6.5038e-03, 
 2DIAGNOSTIC,    19, -9.218640916080e-01, 7.942073249671e-04, 2.6216e-01, 8.5940e-03, 
 2DIAGNOSTIC,    20, -9.220222533787e-01, 4.480306036211e-04, 2.6950e-01, 7.3371e-03, 
 2DIAGNOSTIC,    21, -9.219232533996e-01, 1.868361156479e-04, 2.7597e-01, 6.4759e-03, 
 2DIAGNOSTIC,    22, -9.220946316702e-01, 1.075836093775e-04, 2.8490e-01, 8.9221e-03, 
 2DIAGNOSTIC,    23, -9.220518701488e-01, 4.096732757174e-05, 2.9293e-01, 8.0299e-03, 
 2DIAGNOSTIC,    24, -9.218641889476e-01, 2.186242549633e-05, 2.9979e-01, 6.8679e-03, 
 2DIAGNOSTIC,    25, -9.217403645076e-01, 1.504995396060e-05, 3.0816e-01, 8.3680e-03, 
 2DIAGNOSTIC,    26, -9.219987581651e-01, 1.098062244244e-05, 3.1903e-01, 1.0869e-02, 
 2DIAGNOSTIC,    27, -9.221706285656e-01, 7.200966421733e-06, 3.2703e-01, 7.9939e-03, 
 2DIAGNOSTIC,    28, -9.221509188232e-01, 4.438947883822e-06, 3.3389e-01, 6.8669e-03, 
 2DIAGNOSTIC,    29, -9.221717577132e-01, 5.222715360916e-06, 3.4053e-01, 6.6330e-03, 
 2DIAGNOSTIC,    30, -9.223735881523e-01, 9.600776747845e-06, 3.4715e-01, 6.6240e-03, 
 2DIAGNOSTIC,    31, -9.225893333867e-01, 1.391352580794e-05, 3.5357e-01, 6.4192e-03, 
 2DIAGNOSTIC,    32, -9.229946744290e-01, 2.252171646897e-05, 3.6095e-01, 7.3812e-03, 
 2DIAGNOSTIC,    33, -9.236607051257e-01, 3.473381759948e-05, 3.6866e-01, 7.7128e-03, 
 2DIAGNOSTIC,    34, -9.239947832631e-01, 4.437222796696e-05, 3.7720e-01, 8.5340e-03, 
 2DIAGNOSTIC,    35, -9.239979453085e-01, 4.814494755440e-05, 3.8958e-01, 1.2385e-02, 
 2DIAGNOSTIC,    36, -9.239421450059e-01, 4.908211730969e-05, 4.0018e-01, 1.0600e-02, 
 2DIAGNOSTIC,    37, -9.240181462567e-01, 4.757351440086e-05, 4.0868e-01, 8.4970e-03, 
 2DIAGNOSTIC,    38, -9.241226018028e-01, 4.233530197357e-05, 4.1744e-01, 8.7569e-03, 
 2DIAGNOSTIC,    39, -9.241948000288e-01, 3.414234820268e-05, 4.2512e-01, 7.6861e-03, 
 2DIAGNOSTIC,    40, -9.241159328050e-01, 2.427525355476e-05, 4.3390e-01, 8.7750e-03, 
 2DIAGNOSTIC,    41, -9.241518779258e-01, 1.471849696483e-05, 4.4167e-01, 7.7710e-03, 
 2DIAGNOSTIC,    42, -9.240317530536e-01, 6.369554094124e-06, 4.4932e-01, 7.6489e-03, 
 2DIAGNOSTIC,    43, -9.240619138358e-01, 3.032976045245e-06, 4.5731e-01, 7.9889e-03, 
 2DIAGNOSTIC,    44, -9.240916147178e-01, 2.280440852664e-06, 4.6559e-01, 8.2872e-03, 
 2DIAGNOSTIC,    45, -9.241345817713e-01, 1.765931845966e-06, 4.7312e-01, 7.5240e-03, 
 2DIAGNOSTIC,    46, -9.241883457158e-01, 1.162490814114e-06, 4.8457e-01, 1.1454e-02, 
DIAGNOSTIC,Iteration,metricValue,convergenceValue,ITERATION_TIME_INDEX,SINCE_LAST
 2DIAGNOSTIC,     1, -7.546425514944e-01, 1.797693134862e+308, 6.3197e-01, 1.4740e-01, 
 2DIAGNOSTIC,     2, -7.557797905939e-01, 1.797693134862e+308, 6.4446e-01, 1.2491e-02, 
 2DIAGNOSTIC,     3, -7.564317450297e-01, 1.797693134862e+308, 6.5615e-01, 1.1695e-02, 
 2DIAGNOSTIC,     4, -7.568365388628e-01, 1.797693134862e+308, 6.6770e-01, 1.1541e-02, 
 2DIAGNOSTIC,     5, -7.574498058562e-01, 1.797693134862e+308, 6.7941e-01, 1.1713e-02, 
 2DIAGNOSTIC,     6, -7.581412616832e-01, 1.797693134862e+308, 6.9324e-01, 1.3828e-02, 
 2DIAGNOSTIC,     7, -7.587937028555e-01, 1.797693134862e+308, 7.0399e-01, 1.0754e-02, 
 2DIAGNOSTIC,     8, -7.589398920920e-01, 1.797693134862e+308, 7.1836e-01, 1.4373e-02, 
 2DIAGNOSTIC,     9, -7.589649674111e-01, 1.797693134862e+308, 7.3205e-01, 1.3684e-02, 
 2DIAGNOSTIC,    10, -7.590467981478e-01, 3.774656179361e-04, 7.4427e-01, 1.2225e-02, 
 2DIAGNOSTIC,    11, -7.591691189614e-01, 2.747422420298e-04, 7.5743e-01, 1.3153e-02, 
 2DIAGNOSTIC,    12, -7.592110438085e-01, 2.010262650978e-04, 7.7341e-01, 1.5987e-02, 
 2DIAGNOSTIC,    13, -7.592436865328e-01, 1.406154639565e-04, 7.9254e-01, 1.9131e-02, 
 2DIAGNOSTIC,    14, -7.592647988036e-01, 8.775275247132e-05, 8.1113e-01, 1.8590e-02, 
 2DIAGNOSTIC,    15, -7.592782953831e-01, 4.953598474139e-05, 8.2535e-01, 1.4216e-02, 
 2DIAGNOSTIC,    16, -7.592777014888e-01, 2.750518730411e-05, 8.3868e-01, 1.3333e-02, 
 2DIAGNOSTIC,    17, -7.592578598498e-01, 1.959640351498e-05, 8.5314e-01, 1.4460e-02, 
 2DIAGNOSTIC,    18, -7.592603115940e-01, 1.407247957221e-05, 8.7696e-01, 2.3813e-02, 
 2DIAGNOSTIC,    19, -7.592603215828e-01, 8.465108877337e-06, 8.9336e-01, 1.6408e-02, 
 2DIAGNOSTIC,    20, -7.592603215893e-01, 4.264161938161e-06, 9.0815e-01, 1.4790e-02, 
 2DIAGNOSTIC,    21, -7.592603215969e-01, 2.390693564121e-06, 9.2410e-01, 1.5944e-02, 
 2DIAGNOSTIC,    22, -7.592603216046e-01, 1.317918664916e-06, 9.3702e-01, 1.2923e-02, 
DIAGNOSTIC,Iteration,metricValue,convergenceValue,ITERATION_TIME_INDEX,SINCE_LAST
 2DIAGNOSTIC,     1, -6.378980039960e-01, 1.797693134862e+308, 1.2247e+00, 2.8765e-01, 
 2DIAGNOSTIC,     2, -6.383776469420e-01, 1.797693134862e+308, 1.2796e+00, 5.4969e-02, 
 2DIAGNOSTIC,     3, -6.389898765668e-01, 1.797693134862e+308, 1.3309e+00, 5.1307e-02, 
 2DIAGNOSTIC,     4, -6.401126663544e-01, 1.797693134862e+308, 1.3857e+00, 5.4741e-02, 
 2DIAGNOSTIC,     5, -6.419614594980e-01, 1.797693134862e+308, 1.5005e+00, 1.1484e-01, 
 2DIAGNOSTIC,     6, -6.419584389364e-01, 1.797693134862e+308, 1.5556e+00, 5.5084e-02, 
 2DIAGNOSTIC,     7, -6.419565044544e-01, 1.797693134862e+308, 1.6114e+00, 5.5817e-02, 
 2DIAGNOSTIC,     8, -6.419535271436e-01, 1.797693134862e+308, 1.6715e+00, 6.0094e-02, 
 2DIAGNOSTIC,     9, -6.419541239127e-01, 1.797693134862e+308, 1.7307e+00, 5.9131e-02, 
 2DIAGNOSTIC,    10, -6.419532154612e-01, 4.521233765282e-04, 1.7851e+00, 5.4481e-02, 
 2DIAGNOSTIC,    11, -6.419526644113e-01, 3.033834496981e-04, 1.8427e+00, 5.7531e-02, 
 2DIAGNOSTIC,    12, -6.419510481227e-01, 1.711678461506e-04, 1.8980e+00, 5.5290e-02, 
 2DIAGNOSTIC,    13, -6.419504204768e-01, 6.463290725657e-05, 1.9643e+00, 6.6360e-02, 
 2DIAGNOSTIC,    14, -6.419491853895e-01, 1.525938357991e-06, 2.0185e+00, 5.4223e-02, 
 2DIAGNOSTIC,    15, -6.419466535619e-01, 1.476568875489e-06, 2.0772e+00, 5.8652e-02, 
 2DIAGNOSTIC,    16, -6.419468700208e-01, 1.417645734511e-06, 2.1360e+00, 5.8830e-02, 
 2DIAGNOSTIC,    17, -6.419455960078e-01, 1.336118598892e-06, 2.1876e+00, 5.1569e-02, 
 2DIAGNOSTIC,    18, -6.419444314477e-01, 1.210856610909e-06, 2.2448e+00, 5.7233e-02, 
 2DIAGNOSTIC,    19, -6.419446997666e-01, 1.171802203985e-06, 2.2970e+00, 5.2156e-02, 
 2DIAGNOSTIC,    20, -6.419437197569e-01, 1.141435610377e-06, 2.3529e+00, 5.5963e-02, 
 2DIAGNOSTIC,    21, -6.419430500050e-01, 1.131054302585e-06, 2.4159e+00, 6.2922e-02, 
 2DIAGNOSTIC,    22, -6.419404872975e-01, 1.073372730011e-06, 2.4789e+00, 6.3002e-02, 
 2DIAGNOSTIC,    23, -6.419392499994e-01, 1.021316856128e-06, 2.5328e+00, 5.3941e-02, 
DIAGNOSTIC,Iteration,metricValue,convergenceValue,ITERATION_TIME_INDEX,SINCE_LAST
 2DIAGNOSTIC,     1, -5.633395758448e-01, 1.797693134862e+308, 3.4456e+00, 9.1276e-01, 
 2DIAGNOSTIC,     2, -5.635264920104e-01, 1.797693134862e+308, 3.7737e+00, 3.2818e-01, 
 2DIAGNOSTIC,     3, -5.636384673510e-01, 1.797693134862e+308, 4.0970e+00, 3.2328e-01, 
 2DIAGNOSTIC,     4, -5.637567838568e-01, 1.797693134862e+308, 4.4241e+00, 3.2711e-01, 
 2DIAGNOSTIC,     5, -5.639695648432e-01, 1.797693134862e+308, 4.8150e+00, 3.9091e-01, 
 2DIAGNOSTIC,     6, -5.640037986714e-01, 1.797693134862e+308, 5.3652e+00, 5.5016e-01, 
 2DIAGNOSTIC,     7, -5.640039197284e-01, 1.797693134862e+308, 5.7251e+00, 3.5991e-01, 
 2DIAGNOSTIC,     8, -5.640034628817e-01, 1.797693134862e+308, 6.0731e+00, 3.4795e-01, 
 2DIAGNOSTIC,     9, -5.640032830013e-01, 1.797693134862e+308, 6.4465e+00, 3.7342e-01, 
 2DIAGNOSTIC,    10, -5.640030974888e-01, 7.664234038085e-05, 6.9258e+00, 4.7925e-01, 
 2DIAGNOSTIC,    11, -5.640032608053e-01, 4.799383079203e-05, 7.2486e+00, 3.2286e-01, 
 2DIAGNOSTIC,    12, -5.640029954328e-01, 2.798255744658e-05, 7.6310e+00, 3.8242e-01, 
 2DIAGNOSTIC,    13, -5.640030081703e-01, 1.309572303539e-05, 8.0038e+00, 3.7274e-01, 
 2DIAGNOSTIC,    14, -5.640028665917e-01, 3.418856856313e-06, 8.3348e+00, 3.3098e-01, 
 2DIAGNOSTIC,    15, -5.640025818583e-01, 2.034978818857e-06, 8.6609e+00, 3.2617e-01, 
 2DIAGNOSTIC,    16, -5.640027430743e-01, 1.915296908614e-06, 9.0059e+00, 3.4496e-01, 
 2DIAGNOSTIC,    17, -5.640026136348e-01, 1.816230437567e-06, 9.3313e+00, 3.2537e-01, 
 2DIAGNOSTIC,    18, -5.640026426118e-01, 1.721521653585e-06, 9.6867e+00, 3.5544e-01, 
 2DIAGNOSTIC,    19, -5.640025303155e-01, 1.633472246271e-06, 1.0011e+01, 3.2401e-01, 
 2DIAGNOSTIC,    20, -5.640025878565e-01, 1.554777419602e-06, 1.0337e+01, 3.2601e-01, 
 2DIAGNOSTIC,    21, -5.640023912619e-01, 1.486173260554e-06, 1.0714e+01, 3.7777e-01, 
 2DIAGNOSTIC,    22, -5.640024296305e-01, 1.421278948782e-06, 1.1065e+01, 3.5085e-01, 
 2DIAGNOSTIC,    23, -5.640023112646e-01, 1.362062609957e-06, 1.1416e+01, 3.5072e-01, 
 2DIAGNOSTIC,    24, -5.640020461257e-01, 1.301439608213e-06, 1.1764e+01, 3.4800e-01, 
 2DIAGNOSTIC,    25, -5.640019328808e-01, 1.239937140476e-06, 1.2111e+01, 3.4680e-01, 
 2DIAGNOSTIC,    26, -5.640018076655e-01, 1.186996031508e-06, 1.2439e+01, 3.2853e-01, 
 2DIAGNOSTIC,    27, -5.640016971911e-01, 1.136894679600e-06, 1.2795e+01, 3.5534e-01, 
 2DIAGNOSTIC,    28, -5.640015867393e-01, 1.092870222423e-06, 1.3153e+01, 3.5815e-01, 
 2DIAGNOSTIC,    29, -5.640014916429e-01, 1.052400022676e-06, 1.3476e+01, 3.2290e-01, 
 2DIAGNOSTIC,    30, -5.640015782102e-01, 1.021387035706e-06, 1.3810e+01, 3.3446e-01, 
  Elapsed time (stage 1): 1.4084e+01


Stage 2
  iterations = 100x70x50x20
  convergence threshold = 1.0000e-06
  convergence window size = 10
  number of levels = 4
  using the CC metric (radius = 4, weight = 1.0000e+00, use gradient filter = 0)
  preprocessing:  winsorizing the image intensities
  Shrink factors (level 1 out of 4): [8, 8, 8]
  Shrink factors (level 2 out of 4): [4, 4, 4]
  Shrink factors (level 3 out of 4): [2, 2, 2]
  Shrink factors (level 4 out of 4): [1, 1, 1]
  smoothing sigmas per level: [3, 2, 1, 0]
  Using default NONE metricSamplingStrategy 

*** Running SyN registration (varianceForUpdateField = 3.0000e+00, varianceForTotalField = 0.0000e+00) ***

XXDIAGNOSTIC,Iteration,metricValue,convergenceValue,ITERATION_TIME_INDEX,SINCE_LAST
 1DIAGNOSTIC,     1, -9.329651840625e-01, 1.797693134862e+308, 1.7165e-01, 1.7165e-01, 
 1DIAGNOSTIC,     2, -9.428970787014e-01, 1.797693134862e+308, 2.5897e-01, 8.7318e-02, 
 1DIAGNOSTIC,     3, -9.498717906712e-01, 1.797693134862e+308, 3.4101e-01, 8.2034e-02, 
 1DIAGNOSTIC,     4, -9.544080780709e-01, 1.797693134862e+308, 4.2066e-01, 7.9649e-02, 
 1DIAGNOSTIC,     5, -9.575334980292e-01, 1.797693134862e+308, 5.0042e-01, 7.9764e-02, 
 1DIAGNOSTIC,     6, -9.603497328296e-01, 1.797693134862e+308, 5.9081e-01, 9.0388e-02, 
