---------------------
Profiling information

Pipeline: ants registrationSyN-fp
NTHREAD: 32

DATASET: ds004513
SUBJECT_ID: s020

SIF_IMG: /mnt/lustre/mathdugre/containers/ants-debug.simg
DATA_DIR: /mnt/lustre/mathdugre/mri-bottleneck/datasets/ds004513

PROJECT_DIR: /mnt/lustre/mathdugre/mri-bottleneck
PROFILING_DIR: /mnt/lustre/mathdugre/mri-bottleneck/vtune_output/32-threads/ants/registrationSyN-fp/ds004513/sub-s020/FJVQcYJQb6nUAyJypaYcAPaScGeywbHs
---------------------

Command to profile: bash tmp-scripts/FJVQcYJQb6nUAyJypaYcAPaScGeywbHs.sh

--------------------------------------------------------------------------------------
 Mapping parameters
--------------------------------------------------------------------------------------
 ANTSPATH is /opt/ants/bin

 Dimensionality:           3
 Output name prefix:       /data/derivatives/ants/registrationSyN-fp/sub-s020/ses-open/anat/
 Fixed images:             /templateflow/tpl-MNI152NLin2009cAsym//tpl-MNI152NLin2009cAsym_res-01_desc-brain_T1w.nii.gz
 Moving images:            /data/derivatives/fsl/fast/sub-s020/ses-open/anat/BrainExtractionBrain_seg.nii.gz
 Mask images:              
 Initial transforms:       
 Number of threads:        32
 Spline distance:          26
 SyN gradient step:        0.1
 Transform type:           s
 CC radius:                4
 Precision:                f
 Use histogram matching    0
 Repro                     0
======================================================================================
 antsRegistration call:
--------------------------------------------------------------------------------------
/opt/ants/bin/antsRegistration --verbose 1 --dimensionality 3 --float 1 --collapse-output-transforms 1 --output [ /data/derivatives/ants/registrationSyN-fp/sub-s020/ses-open/anat/,/data/derivatives/ants/registrationSyN-fp/sub-s020/ses-open/anat/Warped.nii.gz,/data/derivatives/ants/registrationSyN-fp/sub-s020/ses-open/anat/InverseWarped.nii.gz ] --interpolation Linear --use-histogram-matching 0 --winsorize-image-intensities [ 0.005,0.995 ] --initial-moving-transform [ /templateflow/tpl-MNI152NLin2009cAsym//tpl-MNI152NLin2009cAsym_res-01_desc-brain_T1w.nii.gz,/data/derivatives/fsl/fast/sub-s020/ses-open/anat/BrainExtractionBrain_seg.nii.gz,1 ] --transform Rigid[ 0.1 ] --metric MI[ /templateflow/tpl-MNI152NLin2009cAsym//tpl-MNI152NLin2009cAsym_res-01_desc-brain_T1w.nii.gz,/data/derivatives/fsl/fast/sub-s020/ses-open/anat/BrainExtractionBrain_seg.nii.gz,1,32,Regular,0.25 ] --convergence [ 1000x500x250x100,1e-6,10 ] --shrink-factors 8x4x2x1 --smoothing-sigmas 3x2x1x0vox --transform Affine[ 0.1 ] --metric MI[ /templateflow/tpl-MNI152NLin2009cAsym//tpl-MNI152NLin2009cAsym_res-01_desc-brain_T1w.nii.gz,/data/derivatives/fsl/fast/sub-s020/ses-open/anat/BrainExtractionBrain_seg.nii.gz,1,32,Regular,0.25 ] --convergence [ 1000x500x250x100,1e-6,10 ] --shrink-factors 8x4x2x1 --smoothing-sigmas 3x2x1x0vox --transform SyN[ 0.1,3,0 ] --metric CC[ /templateflow/tpl-MNI152NLin2009cAsym//tpl-MNI152NLin2009cAsym_res-01_desc-brain_T1w.nii.gz,/data/derivatives/fsl/fast/sub-s020/ses-open/anat/BrainExtractionBrain_seg.nii.gz,1,4 ] --convergence [ 100x70x50x20,1e-6,10 ] --shrink-factors 8x4x2x1 --smoothing-sigmas 3x2x1x0vox
--------------------------------------------------------------------------------------
All_Command_lines_OK
Using single precision for computations.
=============================================================================
The composite transform comprises the following transforms (in order): 
  1. Center of mass alignment using fixed image: /templateflow/tpl-MNI152NLin2009cAsym//tpl-MNI152NLin2009cAsym_res-01_desc-brain_T1w.nii.gz and moving image: /data/derivatives/fsl/fast/sub-s020/ses-open/anat/BrainExtractionBrain_seg.nii.gz (type = Euler3DTransform)
=============================================================================
  number of levels = 4
  number of levels = 4
  number of levels = 4
  fixed image: /templateflow/tpl-MNI152NLin2009cAsym//tpl-MNI152NLin2009cAsym_res-01_desc-brain_T1w.nii.gz
  moving image: /data/derivatives/fsl/fast/sub-s020/ses-open/anat/BrainExtractionBrain_seg.nii.gz
  fixed image: /templateflow/tpl-MNI152NLin2009cAsym//tpl-MNI152NLin2009cAsym_res-01_desc-brain_T1w.nii.gz
  moving image: /data/derivatives/fsl/fast/sub-s020/ses-open/anat/BrainExtractionBrain_seg.nii.gz
  fixed image: /templateflow/tpl-MNI152NLin2009cAsym//tpl-MNI152NLin2009cAsym_res-01_desc-brain_T1w.nii.gz
  moving image: /data/derivatives/fsl/fast/sub-s020/ses-open/anat/BrainExtractionBrain_seg.nii.gz
Dimension = 3
Number of stages = 3
Use histogram matching = false
Winsorize image intensities = true
  Lower quantile = 0.005
  Upper quantile = 0.995


Stage 1 State
   Image metric = Mattes
     Fixed image = Image (0x55dc581a92b0)
  RTTI typeinfo:   itk::Image<float, 3u>
  Reference Count: 2
  Modified Time: 1721
  Debug: Off
  Object Name: 
  Observers: 
    none
  Source: (none)
  Source output name: (none)
  Release Data: Off
  Data Released: False
  Global Release Data: Off
  PipelineMTime: 0
  UpdateMTime: 1504
  RealTimeStamp: 0 seconds 
  LargestPossibleRegion: 
    Dimension: 3
    Index: [0, 0, 0]
    Size: [193, 229, 193]
  BufferedRegion: 
    Dimension: 3
    Index: [0, 0, 0]
    Size: [193, 229, 193]
  RequestedRegion: 
    Dimension: 3
    Index: [0, 0, 0]
    Size: [193, 229, 193]
  Spacing: [1, 1, 1]
  Origin: [96, 132, -78]
  Direction: 
-1 0 0
0 -1 0
0 0 1

  IndexToPointMatrix: 
-1 0 0
0 -1 0
0 0 1

  PointToIndexMatrix: 
-1 0 0
0 -1 0
0 0 1

  Inverse Direction: 
-1 0 0
0 -1 0
0 0 1

  PixelContainer: 
    ImportImageContainer (0x55dc581b1e50)
      RTTI typeinfo:   itk::ImportImageContainer<unsigned long, float>
      Reference Count: 1
      Modified Time: 1501
      Debug: Off
      Object Name: 
      Observers: 
        none
      Pointer: 0x7f58b3eb8010
      Container manages memory: true
      Size: 8530021
      Capacity: 8530021

     Moving image = Image (0x55dc581b4510)
  RTTI typeinfo:   itk::Image<float, 3u>
  Reference Count: 2
  Modified Time: 1722
  Debug: Off
  Object Name: 
  Observers: 
    none
  Source: (none)
  Source output name: (none)
  Release Data: Off
  Data Released: False
  Global Release Data: Off
  PipelineMTime: 0
  UpdateMTime: 1719
  RealTimeStamp: 0 seconds 
  LargestPossibleRegion: 
    Dimension: 3
    Index: [0, 0, 0]
    Size: [160, 240, 256]
  BufferedRegion: 
    Dimension: 3
    Index: [0, 0, 0]
    Size: [160, 240, 256]
  RequestedRegion: 
    Dimension: 3
    Index: [0, 0, 0]
    Size: [160, 240, 256]
  Spacing: [0.999995, 1, 1]
  Origin: [87.0906, 98.7205, -152.377]
  Direction: 
-0.996975 0.0261379 -0.0731913
-0.0260677 -0.999658 -0.00191374
-0.0732163 -2.46403e-08 0.997316

  IndexToPointMatrix: 
-0.996971 0.0261379 -0.0731913
-0.0260676 -0.999658 -0.00191374
-0.0732159 -2.46403e-08 0.997316

  PointToIndexMatrix: 
-0.99698 -0.0260679 -0.0732166
0.0261379 -0.999658 -2.46993e-08
-0.0731913 -0.00191374 0.997316

  Inverse Direction: 
-0.996975 -0.0260677 -0.0732163
0.0261379 -0.999658 -2.46993e-08
-0.0731913 -0.00191374 0.997316

  PixelContainer: 
    ImportImageContainer (0x55dc581aa2c0)
      RTTI typeinfo:   itk::ImportImageContainer<unsigned long, float>
      Reference Count: 1
      Modified Time: 1716
      Debug: Off
      Object Name: 
      Observers: 
        none
      Pointer: 0x7f58b1937010
      Container manages memory: true
      Size: 9830400
      Capacity: 9830400

     Weighting = 1
     Sampling strategy = regular
     Number of bins = 32
     Radius = 4
     Sampling percentage  = 0.25
   Transform = Rigid
     Gradient step = 0.1
     Update field sigma (voxel space) = 0
     Total field sigma (voxel space) = 0
     Update field time sigma = 0
     Total field time sigma  = 0
     Number of time indices = 0
     Number of time point samples = 0
Stage 2 State
   Image metric = Mattes
     Fixed image = Image (0x55dc581bc070)
  RTTI typeinfo:   itk::Image<float, 3u>
  Reference Count: 2
  Modified Time: 2151
  Debug: Off
  Object Name: 
  Observers: 
    none
  Source: (none)
  Source output name: (none)
  Release Data: Off
  Data Released: False
  Global Release Data: Off
  PipelineMTime: 0
  UpdateMTime: 1934
  RealTimeStamp: 0 seconds 
  LargestPossibleRegion: 
    Dimension: 3
    Index: [0, 0, 0]
    Size: [193, 229, 193]
  BufferedRegion: 
    Dimension: 3
    Index: [0, 0, 0]
    Size: [193, 229, 193]
  RequestedRegion: 
    Dimension: 3
    Index: [0, 0, 0]
    Size: [193, 229, 193]
  Spacing: [1, 1, 1]
  Origin: [96, 132, -78]
  Direction: 
-1 0 0
0 -1 0
0 0 1

  IndexToPointMatrix: 
-1 0 0
0 -1 0
0 0 1

  PointToIndexMatrix: 
-1 0 0
0 -1 0
0 0 1

  Inverse Direction: 
-1 0 0
0 -1 0
0 0 1

  PixelContainer: 
    ImportImageContainer (0x55dc581ba340)
      RTTI typeinfo:   itk::ImportImageContainer<unsigned long, float>
      Reference Count: 1
      Modified Time: 1931
      Debug: Off
      Object Name: 
      Observers: 
        none
      Pointer: 0x7f58af8ac010
      Container manages memory: true
      Size: 8530021
      Capacity: 8530021

     Moving image = Image (0x55dc581bac20)
  RTTI typeinfo:   itk::Image<float, 3u>
  Reference Count: 2
  Modified Time: 2152
  Debug: Off
  Object Name: 
  Observers: 
    none
  Source: (none)
  Source output name: (none)
  Release Data: Off
  Data Released: False
  Global Release Data: Off
  PipelineMTime: 0
  UpdateMTime: 2149
  RealTimeStamp: 0 seconds 
  LargestPossibleRegion: 
    Dimension: 3
    Index: [0, 0, 0]
    Size: [160, 240, 256]
  BufferedRegion: 
    Dimension: 3
    Index: [0, 0, 0]
    Size: [160, 240, 256]
  RequestedRegion: 
    Dimension: 3
    Index: [0, 0, 0]
    Size: [160, 240, 256]
  Spacing: [0.999995, 1, 1]
  Origin: [87.0906, 98.7205, -152.377]
  Direction: 
-0.996975 0.0261379 -0.0731913
-0.0260677 -0.999658 -0.00191374
-0.0732163 -2.46403e-08 0.997316

  IndexToPointMatrix: 
-0.996971 0.0261379 -0.0731913
-0.0260676 -0.999658 -0.00191374
-0.0732159 -2.46403e-08 0.997316

  PointToIndexMatrix: 
-0.99698 -0.0260679 -0.0732166
0.0261379 -0.999658 -2.46993e-08
-0.0731913 -0.00191374 0.997316

  Inverse Direction: 
-0.996975 -0.0260677 -0.0732163
0.0261379 -0.999658 -2.46993e-08
-0.0731913 -0.00191374 0.997316

  PixelContainer: 
    ImportImageContainer (0x55dc581ae400)
      RTTI typeinfo:   itk::ImportImageContainer<unsigned long, float>
      Reference Count: 1
      Modified Time: 2146
      Debug: Off
      Object Name: 
      Observers: 
        none
      Pointer: 0x7f58ad32b010
      Container manages memory: true
      Size: 9830400
      Capacity: 9830400

     Weighting = 1
     Sampling strategy = regular
     Number of bins = 32
     Radius = 4
     Sampling percentage  = 0.25
   Transform = Affine
     Gradient step = 0.1
     Update field sigma (voxel space) = 0
     Total field sigma (voxel space) = 0
     Update field time sigma = 0
     Total field time sigma  = 0
     Number of time indices = 0
     Number of time point samples = 0
Stage 3 State
   Image metric = CC
     Fixed image = Image (0x55dc5821c4c0)
  RTTI typeinfo:   itk::Image<float, 3u>
  Reference Count: 2
  Modified Time: 2581
  Debug: Off
  Object Name: 
  Observers: 
    none
  Source: (none)
  Source output name: (none)
  Release Data: Off
  Data Released: False
  Global Release Data: Off
  PipelineMTime: 0
  UpdateMTime: 2364
  RealTimeStamp: 0 seconds 
  LargestPossibleRegion: 
    Dimension: 3
    Index: [0, 0, 0]
    Size: [193, 229, 193]
  BufferedRegion: 
    Dimension: 3
    Index: [0, 0, 0]
    Size: [193, 229, 193]
  RequestedRegion: 
    Dimension: 3
    Index: [0, 0, 0]
    Size: [193, 229, 193]
  Spacing: [1, 1, 1]
  Origin: [96, 132, -78]
  Direction: 
-1 0 0
0 -1 0
0 0 1

  IndexToPointMatrix: 
-1 0 0
0 -1 0
0 0 1

  PointToIndexMatrix: 
-1 0 0
0 -1 0
0 0 1

  Inverse Direction: 
-1 0 0
0 -1 0
0 0 1

  PixelContainer: 
    ImportImageContainer (0x55dc58207e40)
      RTTI typeinfo:   itk::ImportImageContainer<unsigned long, float>
      Reference Count: 1
      Modified Time: 2361
      Debug: Off
      Object Name: 
      Observers: 
        none
      Pointer: 0x7f58ab2a0010
      Container manages memory: true
      Size: 8530021
      Capacity: 8530021

     Moving image = Image (0x55dc5821bed0)
  RTTI typeinfo:   itk::Image<float, 3u>
  Reference Count: 2
  Modified Time: 2582
  Debug: Off
  Object Name: 
  Observers: 
    none
  Source: (none)
  Source output name: (none)
  Release Data: Off
  Data Released: False
  Global Release Data: Off
  PipelineMTime: 0
  UpdateMTime: 2579
  RealTimeStamp: 0 seconds 
  LargestPossibleRegion: 
    Dimension: 3
    Index: [0, 0, 0]
    Size: [160, 240, 256]
  BufferedRegion: 
    Dimension: 3
    Index: [0, 0, 0]
    Size: [160, 240, 256]
  RequestedRegion: 
    Dimension: 3
    Index: [0, 0, 0]
    Size: [160, 240, 256]
  Spacing: [0.999995, 1, 1]
  Origin: [87.0906, 98.7205, -152.377]
  Direction: 
-0.996975 0.0261379 -0.0731913
-0.0260677 -0.999658 -0.00191374
-0.0732163 -2.46403e-08 0.997316

  IndexToPointMatrix: 
-0.996971 0.0261379 -0.0731913
-0.0260676 -0.999658 -0.00191374
-0.0732159 -2.46403e-08 0.997316

  PointToIndexMatrix: 
-0.99698 -0.0260679 -0.0732166
0.0261379 -0.999658 -2.46993e-08
-0.0731913 -0.00191374 0.997316

  Inverse Direction: 
-0.996975 -0.0260677 -0.0732163
0.0261379 -0.999658 -2.46993e-08
-0.0731913 -0.00191374 0.997316

  PixelContainer: 
    ImportImageContainer (0x55dc581b6e40)
      RTTI typeinfo:   itk::ImportImageContainer<unsigned long, float>
      Reference Count: 1
      Modified Time: 2576
      Debug: Off
      Object Name: 
      Observers: 
        none
      Pointer: 0x7f58a8d1f010
      Container manages memory: true
      Size: 9830400
      Capacity: 9830400

     Weighting = 1
     Sampling strategy = none
     Number of bins = 32
     Radius = 4
     Sampling percentage  = 1
   Transform = SyN
     Gradient step = 0.1
     Update field sigma (voxel space) = 3
     Total field sigma (voxel space) = 0
     Update field time sigma = 0
     Total field time sigma  = 0
     Number of time indices = 0
     Number of time point samples = 0
Registration using 3 total stages.

Stage 0
  iterations = 1000x500x250x100
  convergence threshold = 1e-06
  convergence window size = 10
  number of levels = 4
  using the Mattes MI metric (number of bins = 32, weight = 1, use gradient filter = 0)
  preprocessing:  winsorizing the image intensities
  Shrink factors (level 1 out of 4): [8, 8, 8]
  Shrink factors (level 2 out of 4): [4, 4, 4]
  Shrink factors (level 3 out of 4): [2, 2, 2]
  Shrink factors (level 4 out of 4): [1, 1, 1]
  smoothing sigmas per level: [3, 2, 1, 0]
  regular sampling (percentage = 0.25)

*** Running Euler3DTransform registration ***

DIAGNOSTIC,Iteration,metricValue,convergenceValue,ITERATION_TIME_INDEX,SINCE_LAST
 2DIAGNOSTIC,     1, -4.043763279915e-01, inf, 1.6116e-01, 1.6116e-01, 
 2DIAGNOSTIC,     2, -4.054861366749e-01, inf, 1.6993e-01, 8.7688e-03, 
 2DIAGNOSTIC,     3, -4.068168103695e-01, inf, 1.7610e-01, 6.1719e-03, 
 2DIAGNOSTIC,     4, -4.083257913589e-01, inf, 1.8214e-01, 6.0439e-03, 
 2DIAGNOSTIC,     5, -4.111408293247e-01, inf, 1.8798e-01, 5.8341e-03, 
 2DIAGNOSTIC,     6, -4.201240837574e-01, inf, 1.9338e-01, 5.4040e-03, 
 2DIAGNOSTIC,     7, -4.244858324528e-01, inf, 1.9886e-01, 5.4770e-03, 
 2DIAGNOSTIC,     8, -4.389348030090e-01, inf, 2.0605e-01, 7.1969e-03, 
 2DIAGNOSTIC,     9, -4.401367008686e-01, inf, 2.1158e-01, 5.5311e-03, 
 2DIAGNOSTIC,    10, -4.459286332130e-01, 6.990824826062e-03, 2.2885e-01, 1.7263e-02, 
 2DIAGNOSTIC,    11, -4.488026499748e-01, 6.934168282896e-03, 2.3607e-01, 7.2191e-03, 
 2DIAGNOSTIC,    12, -4.550278484821e-01, 6.662313826382e-03, 2.4308e-01, 7.0150e-03, 
 2DIAGNOSTIC,    13, -4.574640095234e-01, 6.017523817718e-03, 2.5006e-01, 6.9780e-03, 
 2DIAGNOSTIC,    14, -4.609115421772e-01, 5.160415079445e-03, 2.5585e-01, 5.7940e-03, 
 2DIAGNOSTIC,    15, -4.713497161865e-01, 4.527361132205e-03, 2.6321e-01, 7.3571e-03, 
 2DIAGNOSTIC,    16, -4.762312173843e-01, 4.119756165892e-03, 2.7110e-01, 7.8862e-03, 
 2DIAGNOSTIC,    17, -4.769705533981e-01, 3.566622501239e-03, 2.7817e-01, 7.0691e-03, 
 2DIAGNOSTIC,    18, -4.734947681427e-01, 3.154643112794e-03, 2.8495e-01, 6.7840e-03, 
 2DIAGNOSTIC,    19, -4.856089353561e-01, 2.946149324998e-03, 2.9106e-01, 6.1071e-03, 
 2DIAGNOSTIC,    20, -5.059325695038e-01, 3.297192743048e-03, 2.9736e-01, 6.3012e-03, 
 2DIAGNOSTIC,    21, -5.182774066925e-01, 3.738198196515e-03, 3.0456e-01, 7.2060e-03, 
 2DIAGNOSTIC,    22, -5.392885208130e-01, 4.560917615891e-03, 3.2757e-01, 2.3001e-02, 
 2DIAGNOSTIC,    23, -5.392875671387e-01, 4.941864404827e-03, 3.3312e-01, 5.5511e-03, 
 2DIAGNOSTIC,    24, -5.392897725105e-01, 4.913602024317e-03, 3.3898e-01, 5.8630e-03, 
 2DIAGNOSTIC,    25, -5.392935872078e-01, 4.678967408836e-03, 3.4473e-01, 5.7518e-03, 
 2DIAGNOSTIC,    26, -5.393000245094e-01, 4.137129057199e-03, 3.5049e-01, 5.7611e-03, 
 2DIAGNOSTIC,    27, -5.393108725548e-01, 3.274872433394e-03, 3.5599e-01, 5.4941e-03, 
 2DIAGNOSTIC,    28, -5.393289327621e-01, 2.101923339069e-03, 3.6209e-01, 6.1059e-03, 
 2DIAGNOSTIC,    29, -5.393593907356e-01, 1.072700251825e-03, 3.6998e-01, 7.8919e-03, 
 2DIAGNOSTIC,    30, -5.394102334976e-01, 4.235414671712e-04, 3.7599e-01, 6.0091e-03, 
 2DIAGNOSTIC,    31, -5.394938588142e-01, 8.433443326794e-06, 3.8205e-01, 6.0580e-03, 
 2DIAGNOSTIC,    32, -5.396332740784e-01, 1.288848579861e-05, 3.8807e-01, 6.0151e-03, 
 2DIAGNOSTIC,    33, -5.398509502411e-01, 1.975519444386e-05, 3.9404e-01, 5.9710e-03, 
 2DIAGNOSTIC,    34, -5.401667952538e-01, 2.983318154293e-05, 4.0017e-01, 6.1309e-03, 
 2DIAGNOSTIC,    35, -5.405488014221e-01, 4.291029108572e-05, 4.0620e-01, 6.0329e-03, 
 2DIAGNOSTIC,    36, -5.408489108086e-01, 5.609191430267e-05, 4.1247e-01, 6.2661e-03, 
 2DIAGNOSTIC,    37, -5.408962965012e-01, 6.414500239771e-05, 4.1880e-01, 6.3350e-03, 
 2DIAGNOSTIC,    38, -5.409883260727e-01, 6.747328734491e-05, 4.2480e-01, 5.9991e-03, 
 2DIAGNOSTIC,    39, -5.411032438278e-01, 6.640118954238e-05, 4.3059e-01, 5.7900e-03, 
 2DIAGNOSTIC,    40, -5.413671731949e-01, 6.359253893606e-05, 4.3851e-01, 7.9179e-03, 
 2DIAGNOSTIC,    41, -5.414318442345e-01, 5.693984348909e-05, 4.4542e-01, 6.9149e-03, 
 2DIAGNOSTIC,    42, -5.415022969246e-01, 4.822563278140e-05, 4.5202e-01, 6.5920e-03, 
 2DIAGNOSTIC,    43, -5.418195724487e-01, 4.258445915184e-05, 4.6947e-01, 1.7458e-02, 
 2DIAGNOSTIC,    44, -5.418195128441e-01, 3.712207399076e-05, 4.7569e-01, 6.2110e-03, 
 2DIAGNOSTIC,    45, -5.418215394020e-01, 3.324292265461e-05, 4.8167e-01, 5.9800e-03, 
 2DIAGNOSTIC,    46, -5.418258905411e-01, 3.027118509635e-05, 4.8756e-01, 5.8980e-03, 
 2DIAGNOSTIC,    47, -5.418319702148e-01, 2.526654679968e-05, 4.9419e-01, 6.6309e-03, 
 2DIAGNOSTIC,    48, -5.417574048042e-01, 1.829238863138e-05, 5.0041e-01, 6.2180e-03, 
 2DIAGNOSTIC,    49, -5.417687892914e-01, 1.135274487751e-05, 5.0659e-01, 6.1820e-03, 
 2DIAGNOSTIC,    50, -5.417852997780e-01, 6.900980679347e-06, 5.1261e-01, 6.0151e-03, 
 2DIAGNOSTIC,    51, -5.418074131012e-01, 3.005305416082e-06, 5.1832e-01, 5.7149e-03, 
DIAGNOSTIC,Iteration,metricValue,convergenceValue,ITERATION_TIME_INDEX,SINCE_LAST
 2DIAGNOSTIC,     1, -4.364550113678e-01, inf, 6.6170e-01, 1.4338e-01, 
 2DIAGNOSTIC,     2, -4.367783963680e-01, inf, 6.7841e-01, 1.6708e-02, 
 2DIAGNOSTIC,     3, -4.375311136246e-01, inf, 6.9153e-01, 1.3116e-02, 
 2DIAGNOSTIC,     4, -4.400356709957e-01, inf, 7.0465e-01, 1.3126e-02, 
 2DIAGNOSTIC,     5, -4.413054883480e-01, inf, 7.1444e-01, 9.7868e-03, 
 2DIAGNOSTIC,     6, -4.419143199921e-01, inf, 7.2206e-01, 7.6232e-03, 
 2DIAGNOSTIC,     7, -4.434786736965e-01, inf, 7.3345e-01, 1.1383e-02, 
 2DIAGNOSTIC,     8, -4.440790116787e-01, inf, 7.4306e-01, 9.6130e-03, 
 2DIAGNOSTIC,     9, -4.441770017147e-01, inf, 7.5070e-01, 7.6449e-03, 
 2DIAGNOSTIC,    10, -4.443516731262e-01, 1.334982109256e-03, 7.5815e-01, 7.4501e-03, 
 2DIAGNOSTIC,    11, -4.448707103729e-01, 1.086569740437e-03, 7.6590e-01, 7.7472e-03, 
 2DIAGNOSTIC,    12, -4.452421665192e-01, 8.192799286917e-04, 7.7519e-01, 9.2900e-03, 
 2DIAGNOSTIC,    13, -4.452317059040e-01, 5.532582872547e-04, 7.8274e-01, 7.5490e-03, 
 2DIAGNOSTIC,    14, -4.455009400845e-01, 4.030589770991e-04, 7.9208e-01, 9.3410e-03, 
 2DIAGNOSTIC,    15, -4.456912875175e-01, 2.991567598656e-04, 8.0032e-01, 8.2371e-03, 
 2DIAGNOSTIC,    16, -4.459859728813e-01, 2.153802051907e-04, 8.0853e-01, 8.2102e-03, 
 2DIAGNOSTIC,    17, -4.466230571270e-01, 2.041091356659e-04, 8.1646e-01, 7.9298e-03, 
 2DIAGNOSTIC,    18, -4.469266533852e-01, 2.074143849313e-04, 8.2387e-01, 7.4089e-03, 
 2DIAGNOSTIC,    19, -4.472728967667e-01, 2.065007574856e-04, 8.3242e-01, 8.5540e-03, 
 2DIAGNOSTIC,    20, -4.479390680790e-01, 2.132013469236e-04, 8.4215e-01, 9.7260e-03, 
 2DIAGNOSTIC,    21, -4.479947984219e-01, 2.163381432183e-04, 8.5149e-01, 9.3410e-03, 
 2DIAGNOSTIC,    22, -4.489909708500e-01, 2.390754234511e-04, 8.6035e-01, 8.8658e-03, 
 2DIAGNOSTIC,    23, -4.525449872017e-01, 3.353071224410e-04, 8.6859e-01, 8.2371e-03, 
 2DIAGNOSTIC,    24, -4.534983932972e-01, 4.222302231938e-04, 8.7971e-01, 1.1115e-02, 
 2DIAGNOSTIC,    25, -4.538056254387e-01, 4.758651193697e-04, 8.8747e-01, 7.7670e-03, 
 2DIAGNOSTIC,    26, -4.540197849274e-01, 4.942636587657e-04, 8.9491e-01, 7.4320e-03, 
 2DIAGNOSTIC,    27, -4.544160664082e-01, 4.889941774309e-04, 9.0247e-01, 7.5660e-03, 
 2DIAGNOSTIC,    28, -4.557162225246e-01, 4.729316278826e-04, 9.1210e-01, 9.6250e-03, 
 2DIAGNOSTIC,    29, -4.561537802219e-01, 4.293123492971e-04, 9.2004e-01, 7.9470e-03, 
 2DIAGNOSTIC,    30, -4.563585221767e-01, 3.681132802740e-04, 9.2751e-01, 7.4668e-03, 
 2DIAGNOSTIC,    31, -4.569035768509e-01, 2.894372155424e-04, 9.3604e-01, 8.5261e-03, 
 2DIAGNOSTIC,    32, -4.572229087353e-01, 2.125193714164e-04, 9.4565e-01, 9.6102e-03, 
 2DIAGNOSTIC,    33, -4.574864208698e-01, 1.928824931383e-04, 9.5358e-01, 7.9310e-03, 
 2DIAGNOSTIC,    34, -4.576275348663e-01, 1.764941262081e-04, 9.6233e-01, 8.7500e-03, 
 2DIAGNOSTIC,    35, -4.581459760666e-01, 1.596495130798e-04, 9.7601e-01, 1.3682e-02, 
 2DIAGNOSTIC,    36, -4.581890404224e-01, 1.330513623543e-04, 9.8424e-01, 8.2300e-03, 
 2DIAGNOSTIC,    37, -4.582660496235e-01, 1.029398845276e-04, 9.9303e-01, 8.7919e-03, 
 2DIAGNOSTIC,    38, -4.583431184292e-01, 8.765423262957e-05, 1.0007e+00, 7.7031e-03, 
 2DIAGNOSTIC,    39, -4.583882391453e-01, 7.272735092556e-05, 1.0086e+00, 7.8540e-03, 
 2DIAGNOSTIC,    40, -4.583885073662e-01, 5.469481402542e-05, 1.0173e+00, 8.7321e-03, 
 2DIAGNOSTIC,    41, -4.583920538425e-01, 4.079860809725e-05, 1.0274e+00, 1.0120e-02, 
 2DIAGNOSTIC,    42, -4.583854973316e-01, 2.848356052709e-05, 1.0367e+00, 9.2909e-03, 
 2DIAGNOSTIC,    43, -4.583786129951e-01, 1.789309135347e-05, 1.0520e+00, 1.5221e-02, 
 2DIAGNOSTIC,    44, -4.583787322044e-01, 7.979919246281e-06, 1.0623e+00, 1.0374e-02, 
 2DIAGNOSTIC,    45, -4.583791792393e-01, 5.103770945425e-06, 1.0702e+00, 7.8530e-03, 
 2DIAGNOSTIC,    46, -4.583731591702e-01, 2.433536110402e-06, 1.0787e+00, 8.5351e-03, 
DIAGNOSTIC,Iteration,metricValue,convergenceValue,ITERATION_TIME_INDEX,SINCE_LAST
 2DIAGNOSTIC,     1, -3.981775641441e-01, inf, 1.3885e+00, 3.0979e-01, 
 2DIAGNOSTIC,     2, -3.984500169754e-01, inf, 1.4489e+00, 6.0405e-02, 
 2DIAGNOSTIC,     3, -3.987551033497e-01, inf, 1.4996e+00, 5.0693e-02, 
 2DIAGNOSTIC,     4, -3.988824784756e-01, inf, 1.5419e+00, 4.2313e-02, 
 2DIAGNOSTIC,     5, -3.989809751511e-01, inf, 1.5933e+00, 5.1389e-02, 
 2DIAGNOSTIC,     6, -3.989922404289e-01, inf, 1.6402e+00, 4.6943e-02, 
 2DIAGNOSTIC,     7, -3.989985585213e-01, inf, 1.6856e+00, 4.5388e-02, 
 2DIAGNOSTIC,     8, -3.989935219288e-01, inf, 1.7210e+00, 3.5403e-02, 
 2DIAGNOSTIC,     9, -3.989983797073e-01, inf, 1.7578e+00, 3.6739e-02, 
 2DIAGNOSTIC,    10, -3.990104794502e-01, 1.125973431044e-04, 1.7928e+00, 3.4999e-02, 
 2DIAGNOSTIC,    11, -3.990397155285e-01, 6.126457446953e-05, 1.8405e+00, 4.7705e-02, 
 2DIAGNOSTIC,    12, -3.990402221680e-01, 2.908881288022e-05, 1.8940e+00, 5.3557e-02, 
 2DIAGNOSTIC,    13, -3.990408778191e-01, 1.614267966943e-05, 1.9377e+00, 4.3669e-02, 
 2DIAGNOSTIC,    14, -3.990411758423e-01, 1.018709554046e-05, 1.9796e+00, 4.1910e-02, 
 2DIAGNOSTIC,    15, -3.990403711796e-01, 8.912650628190e-06, 2.0241e+00, 4.4451e-02, 
 2DIAGNOSTIC,    16, -3.990401029587e-01, 7.634858775418e-06, 2.0638e+00, 3.9780e-02, 
 2DIAGNOSTIC,    17, -3.990402221680e-01, 6.269282948779e-06, 2.1035e+00, 3.9680e-02, 
 2DIAGNOSTIC,    18, -3.990398347378e-01, 4.452354005480e-06, 2.1384e+00, 3.4900e-02, 
 2DIAGNOSTIC,    19, -3.990420401096e-01, 2.843460379154e-06, 2.1770e+00, 3.8583e-02, 
 2DIAGNOSTIC,    20, -3.990428447723e-01, 1.715431494631e-06, 2.2169e+00, 3.9866e-02, 
 2DIAGNOSTIC,    21, -3.990427851677e-01, 1.673154656601e-06, 2.2576e+00, 4.0731e-02, 
 2DIAGNOSTIC,    22, -3.990428745747e-01, 1.639901370254e-06, 2.2963e+00, 3.8655e-02, 
 2DIAGNOSTIC,    23, -3.990438878536e-01, 1.642651000111e-06, 2.3330e+00, 3.6707e-02, 
 2DIAGNOSTIC,    24, -3.990483283997e-01, 1.760155214470e-06, 2.3716e+00, 3.8603e-02, 
 2DIAGNOSTIC,    25, -3.990564942360e-01, 2.033446207861e-06, 2.4190e+00, 4.7378e-02, 
 2DIAGNOSTIC,    26, -3.990572690964e-01, 2.224259333161e-06, 2.4560e+00, 3.7095e-02, 
 2DIAGNOSTIC,    27, -3.990566432476e-01, 2.298455001437e-06, 2.5152e+00, 5.9128e-02, 
 2DIAGNOSTIC,    28, -3.990568518639e-01, 2.258979748149e-06, 2.5551e+00, 3.9955e-02, 
 2DIAGNOSTIC,    29, -3.990567028522e-01, 2.163456201743e-06, 2.6035e+00, 4.8363e-02, 
 2DIAGNOSTIC,    30, -3.990567028522e-01, 1.989225665966e-06, 2.6495e+00, 4.6002e-02, 
 2DIAGNOSTIC,    31, -3.990567624569e-01, 1.739302319947e-06, 2.6890e+00, 3.9471e-02, 
 2DIAGNOSTIC,    32, -3.990565836430e-01, 1.439023549210e-06, 2.7326e+00, 4.3662e-02, 
 2DIAGNOSTIC,    33, -3.990567028522e-01, 1.138968741543e-06, 2.7785e+00, 4.5867e-02, 
DIAGNOSTIC,Iteration,metricValue,convergenceValue,ITERATION_TIME_INDEX,SINCE_LAST
 2DIAGNOSTIC,     1, -3.641717433929e-01, inf, 3.5674e+00, 7.8891e-01, 
 2DIAGNOSTIC,     2, -3.642989099026e-01, inf, 3.7748e+00, 2.0736e-01, 
 2DIAGNOSTIC,     3, -3.644047975540e-01, inf, 3.9744e+00, 1.9963e-01, 
 2DIAGNOSTIC,     4, -3.645697832108e-01, inf, 4.1988e+00, 2.2443e-01, 
 2DIAGNOSTIC,     5, -3.646510243416e-01, inf, 4.4082e+00, 2.0938e-01, 
 2DIAGNOSTIC,     6, -3.647231459618e-01, inf, 4.6111e+00, 2.0293e-01, 
 2DIAGNOSTIC,     7, -3.649533689022e-01, inf, 4.8859e+00, 2.7474e-01, 
 2DIAGNOSTIC,     8, -3.649775981903e-01, inf, 5.1849e+00, 2.9901e-01, 
 2DIAGNOSTIC,     9, -3.649793267250e-01, inf, 5.4455e+00, 2.6062e-01, 
 2DIAGNOSTIC,    10, -3.649806678295e-01, 1.587809092598e-04, 5.6957e+00, 2.5018e-01, 
 2DIAGNOSTIC,    11, -3.649797737598e-01, 1.206371889566e-04, 5.9774e+00, 2.8169e-01, 
 2DIAGNOSTIC,    12, -3.649793565273e-01, 8.627631905256e-05, 6.2242e+00, 2.4681e-01, 
 2DIAGNOSTIC,    13, -3.649793565273e-01, 5.577214324148e-05, 6.5000e+00, 2.7584e-01, 
 2DIAGNOSTIC,    14, -3.649795651436e-01, 3.409883720451e-05, 6.7227e+00, 2.2267e-01, 
 2DIAGNOSTIC,    15, -3.649796545506e-01, 1.669139783189e-05, 6.9518e+00, 2.2907e-01, 
 2DIAGNOSTIC,    16, -3.649795353413e-01, 3.325800435050e-06, 7.1777e+00, 2.2595e-01, 
 2DIAGNOSTIC,    17, -3.649796247482e-01, 1.936253738677e-06, 7.4138e+00, 2.3612e-01, 
 2DIAGNOSTIC,    18, -3.649793863297e-01, 1.731458041832e-06, 7.6423e+00, 2.2845e-01, 
 2DIAGNOSTIC,    19, -3.649792969227e-01, 1.616616373212e-06, 7.8935e+00, 2.5124e-01, 
 2DIAGNOSTIC,    20, -3.649792671204e-01, 1.570537278894e-06, 8.1770e+00, 2.8344e-01, 
 2DIAGNOSTIC,    21, -3.649792671204e-01, 1.498071128481e-06, 8.4328e+00, 2.5585e-01, 
 2DIAGNOSTIC,    22, -3.649792373180e-01, 1.418051851942e-06, 8.6879e+00, 2.5511e-01, 
 2DIAGNOSTIC,    23, -3.649792969227e-01, 1.349586568722e-06, 8.9076e+00, 2.1968e-01, 
 2DIAGNOSTIC,    24, -3.649792373180e-01, 1.294780872740e-06, 9.1385e+00, 2.3091e-01, 
 2DIAGNOSTIC,    25, -3.649790287018e-01, 1.243672727469e-06, 9.3604e+00, 2.2189e-01, 
 2DIAGNOSTIC,    26, -3.649790883064e-01, 1.197439814860e-06, 9.5924e+00, 2.3195e-01, 
 2DIAGNOSTIC,    27, -3.649790585041e-01, 1.158850750471e-06, 9.8378e+00, 2.4540e-01, 
 2DIAGNOSTIC,    28, -3.649790287018e-01, 1.117403712669e-06, 1.0082e+01, 2.4380e-01, 
 2DIAGNOSTIC,    29, -3.649790287018e-01, 1.078300897461e-06, 1.0322e+01, 2.4020e-01, 
 2DIAGNOSTIC,    30, -3.649790287018e-01, 1.042905296345e-06, 1.0557e+01, 2.3564e-01, 
 2DIAGNOSTIC,    31, -3.649789392948e-01, 1.009225343296e-06, 1.0835e+01, 2.7752e-01, 
  Elapsed time (stage 0): 1.1064e+01


Stage 1
  iterations = 1000x500x250x100
  convergence threshold = 1.0000e-06
  convergence window size = 10
  number of levels = 4
  using the Mattes MI metric (number of bins = 32, weight = 1.0000e+00, use gradient filter = 0)
  preprocessing:  winsorizing the image intensities
  Shrink factors (level 1 out of 4): [8, 8, 8]
  Shrink factors (level 2 out of 4): [4, 4, 4]
  Shrink factors (level 3 out of 4): [2, 2, 2]
  Shrink factors (level 4 out of 4): [1, 1, 1]
  smoothing sigmas per level: [3, 2, 1, 0]
  regular sampling (percentage = 2.5000e-01)

*** Running AffineTransform registration ***

DIAGNOSTIC,Iteration,metricValue,convergenceValue,ITERATION_TIME_INDEX,SINCE_LAST
 2DIAGNOSTIC,     1, -5.441378355026e-01, inf, 1.1622e-01, 1.1622e-01, 
 2DIAGNOSTIC,     2, -5.460657477379e-01, inf, 1.2249e-01, 6.2618e-03, 
 2DIAGNOSTIC,     3, -5.492935776711e-01, inf, 1.2928e-01, 6.7942e-03, 
 2DIAGNOSTIC,     4, -5.539045929909e-01, inf, 1.3557e-01, 6.2850e-03, 
 2DIAGNOSTIC,     5, -5.611537694931e-01, inf, 1.4179e-01, 6.2261e-03, 
 2DIAGNOSTIC,     6, -5.733884572983e-01, inf, 1.4791e-01, 6.1162e-03, 
 2DIAGNOSTIC,     7, -5.991676449776e-01, inf, 1.5444e-01, 6.5300e-03, 
 2DIAGNOSTIC,     8, -6.378850936890e-01, inf, 1.6174e-01, 7.2989e-03, 
 2DIAGNOSTIC,     9, -6.740632653236e-01, inf, 1.7232e-01, 1.0585e-02, 
 2DIAGNOSTIC,    10, -6.801772117615e-01, 1.600221171975e-02, 1.7986e-01, 7.5371e-03, 
 2DIAGNOSTIC,    11, -7.087157368660e-01, 1.721678301692e-02, 1.8796e-01, 8.1060e-03, 
 2DIAGNOSTIC,    12, -7.448238134384e-01, 1.803320087492e-02, 1.9873e-01, 1.0766e-02, 
 2DIAGNOSTIC,    13, -7.462216615677e-01, 1.721074432135e-02, 2.0721e-01, 8.4760e-03, 
 2DIAGNOSTIC,    14, -7.469462752342e-01, 1.516919862479e-02, 2.1396e-01, 6.7530e-03, 
 2DIAGNOSTIC,    15, -7.483333945274e-01, 1.235474925488e-02, 2.2076e-01, 6.7999e-03, 
 2DIAGNOSTIC,    16, -7.499150633812e-01, 9.194254875183e-03, 2.2759e-01, 6.8262e-03, 
 2DIAGNOSTIC,    17, -7.554355859756e-01, 6.385469343513e-03, 2.3465e-01, 7.0651e-03, 
 2DIAGNOSTIC,    18, -7.786299586296e-01, 4.803146701306e-03, 2.4230e-01, 7.6470e-03, 
 2DIAGNOSTIC,    19, -7.977814078331e-01, 4.212185740471e-03, 2.4879e-01, 6.4890e-03, 
 2DIAGNOSTIC,    20, -8.254070281982e-01, 3.994034603238e-03, 2.5908e-01, 1.0295e-02, 
 2DIAGNOSTIC,    21, -8.484838008881e-01, 4.423736128956e-03, 2.6758e-01, 8.4989e-03, 
 2DIAGNOSTIC,    22, -8.505235314369e-01, 5.104922223836e-03, 2.8053e-01, 1.2948e-02, 
 2DIAGNOSTIC,    23, -8.506976962090e-01, 5.272670183331e-03, 2.9023e-01, 9.6989e-03, 
 2DIAGNOSTIC,    24, -8.506073951721e-01, 4.943740554154e-03, 2.9837e-01, 8.1460e-03, 
 2DIAGNOSTIC,    25, -8.504710197449e-01, 4.203054122627e-03, 3.0546e-01, 7.0879e-03, 
 2DIAGNOSTIC,    26, -8.504812717438e-01, 3.161171218380e-03, 3.1224e-01, 6.7780e-03, 
 2DIAGNOSTIC,    27, -8.506911993027e-01, 1.996749546379e-03, 3.1879e-01, 6.5470e-03, 
 2DIAGNOSTIC,    28, -8.504595756531e-01, 1.065902994014e-03, 3.2671e-01, 7.9238e-03, 
 2DIAGNOSTIC,    29, -8.502009510994e-01, 3.571639826987e-04, 3.3424e-01, 7.5271e-03, 
 2DIAGNOSTIC,    30, -8.504142761230e-01, 2.087211578328e-05, 3.4262e-01, 8.3790e-03, 
DIAGNOSTIC,Iteration,metricValue,convergenceValue,ITERATION_TIME_INDEX,SINCE_LAST
 2DIAGNOSTIC,     1, -6.969517469406e-01, inf, 4.8980e-01, 1.4718e-01, 
 2DIAGNOSTIC,     2, -6.973719596863e-01, inf, 5.0293e-01, 1.3130e-02, 
 2DIAGNOSTIC,     3, -6.979905366898e-01, inf, 5.1431e-01, 1.1381e-02, 
 2DIAGNOSTIC,     4, -6.988232731819e-01, inf, 5.2544e-01, 1.1137e-02, 
 2DIAGNOSTIC,     5, -6.999905705452e-01, inf, 5.3652e-01, 1.1073e-02, 
 2DIAGNOSTIC,     6, -7.005283236504e-01, inf, 5.5210e-01, 1.5579e-02, 
 2DIAGNOSTIC,     7, -7.006648182869e-01, inf, 5.6892e-01, 1.6821e-02, 
 2DIAGNOSTIC,     8, -7.006297111511e-01, inf, 5.8205e-01, 1.3129e-02, 
 2DIAGNOSTIC,     9, -7.006231546402e-01, inf, 5.9412e-01, 1.2077e-02, 
 2DIAGNOSTIC,    10, -7.007484436035e-01, 3.867107443511e-04, 6.0747e-01, 1.3347e-02, 
 2DIAGNOSTIC,    11, -7.009142637253e-01, 2.812342136167e-04, 6.2083e-01, 1.3358e-02, 
 2DIAGNOSTIC,    12, -7.008799314499e-01, 1.816071307985e-04, 6.3217e-01, 1.1345e-02, 
 2DIAGNOSTIC,    13, -7.009130120277e-01, 1.016625319608e-04, 6.4720e-01, 1.5030e-02, 
 2DIAGNOSTIC,    14, -7.009544968605e-01, 4.881797576672e-05, 6.5911e-01, 1.1907e-02, 
 2DIAGNOSTIC,    15, -7.010962963104e-01, 3.371985803824e-05, 6.7165e-01, 1.2539e-02, 
 2DIAGNOSTIC,    16, -7.012118697166e-01, 3.392389044166e-05, 6.8382e-01, 1.2173e-02, 
 2DIAGNOSTIC,    17, -7.015185952187e-01, 4.179212919553e-05, 7.0262e-01, 1.8794e-02, 
 2DIAGNOSTIC,    18, -7.015224695206e-01, 4.436470408109e-05, 7.1607e-01, 1.3455e-02, 
 2DIAGNOSTIC,    19, -7.015126943588e-01, 4.241221540724e-05, 7.3018e-01, 1.4110e-02, 
 2DIAGNOSTIC,    20, -7.015022635460e-01, 3.915462730220e-05, 7.4267e-01, 1.2486e-02, 
 2DIAGNOSTIC,    21, -7.014667391777e-01, 3.520107566146e-05, 7.5880e-01, 1.6134e-02, 
 2DIAGNOSTIC,    22, -7.014696598053e-01, 2.782747469610e-05, 7.7210e-01, 1.3301e-02, 
 2DIAGNOSTIC,    23, -7.014485001564e-01, 1.884791163320e-05, 7.8360e-01, 1.1499e-02, 
 2DIAGNOSTIC,    24, -7.014293670654e-01, 9.402287105331e-06, 7.9472e-01, 1.1122e-02, 
 2DIAGNOSTIC,    25, -7.014217972755e-01, 2.151714852516e-06, 8.0601e-01, 1.1288e-02, 
DIAGNOSTIC,Iteration,metricValue,convergenceValue,ITERATION_TIME_INDEX,SINCE_LAST
 2DIAGNOSTIC,     1, -5.871005654335e-01, inf, 1.0494e+00, 2.4341e-01, 
 2DIAGNOSTIC,     2, -5.875808000565e-01, inf, 1.0979e+00, 4.8431e-02, 
 2DIAGNOSTIC,     3, -5.880115032196e-01, inf, 1.1482e+00, 5.0343e-02, 
 2DIAGNOSTIC,     4, -5.885247588158e-01, inf, 1.2012e+00, 5.3031e-02, 
 2DIAGNOSTIC,     5, -5.888739228249e-01, inf, 1.2515e+00, 5.0237e-02, 
 2DIAGNOSTIC,     6, -5.890735387802e-01, inf, 1.3533e+00, 1.0185e-01, 
 2DIAGNOSTIC,     7, -5.890761017799e-01, inf, 1.4167e+00, 6.3383e-02, 
 2DIAGNOSTIC,     8, -5.890744328499e-01, inf, 1.4709e+00, 5.4231e-02, 
 2DIAGNOSTIC,     9, -5.890739560127e-01, inf, 1.5312e+00, 6.0241e-02, 
 2DIAGNOSTIC,    10, -5.890731215477e-01, 2.114898379659e-04, 1.5838e+00, 5.2599e-02, 
 2DIAGNOSTIC,    11, -5.890725851059e-01, 1.301423326368e-04, 1.6394e+00, 5.5609e-02, 
 2DIAGNOSTIC,    12, -5.890700817108e-01, 7.012536661932e-05, 1.6902e+00, 5.0833e-02, 
 2DIAGNOSTIC,    13, -5.890690684319e-01, 2.894767021644e-05, 1.7431e+00, 5.2930e-02, 
 2DIAGNOSTIC,    14, -5.890687108040e-01, 8.675764547661e-06, 1.8000e+00, 5.6888e-02, 
 2DIAGNOSTIC,    15, -5.890675187111e-01, 1.538097308185e-06, 1.8542e+00, 5.4137e-02, 
 2DIAGNOSTIC,    16, -5.890687108040e-01, 1.403309170200e-06, 1.9138e+00, 5.9592e-02, 
 2DIAGNOSTIC,    17, -5.890685319901e-01, 1.406658157066e-06, 1.9721e+00, 5.8351e-02, 
 2DIAGNOSTIC,    18, -5.890671014786e-01, 1.370129439238e-06, 2.0281e+00, 5.6014e-02, 
 2DIAGNOSTIC,    19, -5.890665650368e-01, 1.349830768049e-06, 2.0798e+00, 5.1701e-02, 
 2DIAGNOSTIC,    20, -5.890662074089e-01, 1.332544002253e-06, 2.1432e+00, 6.3382e-02, 
 2DIAGNOSTIC,    21, -5.890645384789e-01, 1.290753743888e-06, 2.2033e+00, 6.0075e-02, 
 2DIAGNOSTIC,    22, -5.890644788742e-01, 1.218470288222e-06, 2.2567e+00, 5.3471e-02, 
 2DIAGNOSTIC,    23, -5.890641212463e-01, 1.145415126302e-06, 2.3251e+00, 6.8325e-02, 
 2DIAGNOSTIC,    24, -5.890640616417e-01, 1.093262653740e-06, 2.3800e+00, 5.4918e-02, 
 2DIAGNOSTIC,    25, -5.890634059906e-01, 1.030512180478e-06, 2.4418e+00, 6.1820e-02, 
 2DIAGNOSTIC,    26, -5.890637636185e-01, 1.024539642458e-06, 2.4965e+00, 5.4689e-02, 
 2DIAGNOSTIC,    27, -5.890641808510e-01, 1.042372673510e-06, 2.5588e+00, 6.2277e-02, 
 2DIAGNOSTIC,    28, -5.890641808510e-01, 1.046633769874e-06, 2.6136e+00, 5.4797e-02, 
 2DIAGNOSTIC,    29, -5.890643000603e-01, 1.052217498909e-06, 2.6699e+00, 5.6278e-02, 
 2DIAGNOSTIC,    30, -5.890642404556e-01, 1.055851157616e-06, 2.7172e+00, 4.7382e-02, 
 2DIAGNOSTIC,    31, -5.890647768974e-01, 1.041985683514e-06, 2.7766e+00, 5.9384e-02, 
 2DIAGNOSTIC,    32, -5.890649557114e-01, 1.028952624438e-06, 2.8316e+00, 5.4968e-02, 
 2DIAGNOSTIC,    33, -5.890650749207e-01, 1.009909738059e-06, 2.8933e+00, 6.1671e-02, 
DIAGNOSTIC,Iteration,metricValue,convergenceValue,ITERATION_TIME_INDEX,SINCE_LAST
 2DIAGNOSTIC,     1, -5.147531032562e-01, inf, 3.7740e+00, 8.8076e-01, 
 2DIAGNOSTIC,     2, -5.150341987610e-01, inf, 4.1003e+00, 3.2629e-01, 
 2DIAGNOSTIC,     3, -5.153466463089e-01, inf, 4.4426e+00, 3.4224e-01, 
 2DIAGNOSTIC,     4, -5.157657861710e-01, inf, 4.7667e+00, 3.2418e-01, 
 2DIAGNOSTIC,     5, -5.162653326988e-01, inf, 5.1286e+00, 3.6187e-01, 
 2DIAGNOSTIC,     6, -5.168555378914e-01, inf, 5.5426e+00, 4.1400e-01, 
 2DIAGNOSTIC,     7, -5.170169472694e-01, inf, 5.9738e+00, 4.3120e-01, 
 2DIAGNOSTIC,     8, -5.170158147812e-01, inf, 6.4135e+00, 4.3968e-01, 
 2DIAGNOSTIC,     9, -5.170149803162e-01, inf, 6.8511e+00, 4.3759e-01, 
 2DIAGNOSTIC,    10, -5.170146226883e-01, 3.250199661124e-04, 7.2087e+00, 3.5763e-01, 
 2DIAGNOSTIC,    11, -5.170141458511e-01, 2.376646443736e-04, 7.6782e+00, 4.6953e-01, 
 2DIAGNOSTIC,    12, -5.170141458511e-01, 1.567011349835e-04, 8.0448e+00, 3.6661e-01, 
 2DIAGNOSTIC,    13, -5.170139670372e-01, 8.764964877628e-05, 8.4072e+00, 3.6237e-01, 
 2DIAGNOSTIC,    14, -5.170136690140e-01, 3.702078174683e-05, 8.7395e+00, 3.3231e-01, 
 2DIAGNOSTIC,    15, -5.170134902000e-01, 7.747638846922e-06, 9.1008e+00, 3.6128e-01, 
 2DIAGNOSTIC,    16, -5.170130729675e-01, 1.744793507896e-06, 9.4614e+00, 3.6059e-01, 
 2DIAGNOSTIC,    17, -5.170131325722e-01, 1.698250798654e-06, 9.8192e+00, 3.5784e-01, 
 2DIAGNOSTIC,    18, -5.170130133629e-01, 1.634950422158e-06, 1.0189e+01, 3.6990e-01, 
 2DIAGNOSTIC,    19, -5.170131325722e-01, 1.570243057358e-06, 1.0546e+01, 3.5711e-01, 
 2DIAGNOSTIC,    20, -5.170128941536e-01, 1.505750446995e-06, 1.0915e+01, 3.6844e-01, 
 2DIAGNOSTIC,    21, -5.170129537582e-01, 1.444661847927e-06, 1.1282e+01, 3.6754e-01, 
 2DIAGNOSTIC,    22, -5.170128345490e-01, 1.392724357174e-06, 1.1648e+01, 3.6542e-01, 
 2DIAGNOSTIC,    23, -5.170129537582e-01, 1.348979708382e-06, 1.2017e+01, 3.6949e-01, 
 2DIAGNOSTIC,    24, -5.170130729675e-01, 1.307985257881e-06, 1.2382e+01, 3.6528e-01, 
 2DIAGNOSTIC,    25, -5.170130729675e-01, 1.268279106625e-06, 1.2817e+01, 4.3509e-01, 
 2DIAGNOSTIC,    26, -5.170130133629e-01, 1.222056539518e-06, 1.3182e+01, 3.6414e-01, 
 2DIAGNOSTIC,    27, -5.170130133629e-01, 1.180796289191e-06, 1.3540e+01, 3.5878e-01, 
 2DIAGNOSTIC,    28, -5.170130729675e-01, 1.140969857261e-06, 1.3905e+01, 3.6439e-01, 
 2DIAGNOSTIC,    29, -5.170130133629e-01, 1.104627813220e-06, 1.4269e+01, 3.6381e-01, 
 2DIAGNOSTIC,    30, -5.170129537582e-01, 1.064588900590e-06, 1.4641e+01, 3.7240e-01, 
 2DIAGNOSTIC,    31, -5.170130133629e-01, 1.029071540870e-06, 1.5002e+01, 3.6052e-01, 
  Elapsed time (stage 1): 1.5297e+01


Stage 2
  iterations = 100x70x50x20
  convergence threshold = 1.0000e-06
  convergence window size = 10
  number of levels = 4
  using the CC metric (radius = 4, weight = 1.0000e+00, use gradient filter = 0)
  preprocessing:  winsorizing the image intensities
  Shrink factors (level 1 out of 4): [8, 8, 8]
  Shrink factors (level 2 out of 4): [4, 4, 4]
  Shrink factors (level 3 out of 4): [2, 2, 2]
  Shrink factors (level 4 out of 4): [1, 1, 1]
  smoothing sigmas per level: [3, 2, 1, 0]
  Using default NONE metricSamplingStrategy 

